0 0.44711538461538464 0.4651442307692308 0.03485576923076923 0.0733173076923077
0 0.3605769230769231 0.4699519230769231 0.026442307692307692 0.052884615384615384
0 0.2091346153846154 0.47596153846153844 0.05048076923076923 0.05889423076923077
0 0.5697115384615384 0.47836538461538464 0.026442307692307692 0.051682692307692304
0 0.15384615384615385 0.4855769230769231 0.06370192307692307 0.08413461538461539
0 0.5492788461538461 0.4855769230769231 0.036057692307692304 0.1622596153846154
0 0.9002403846153846 0.49399038461538464 0.040865384615384616 0.07451923076923077
0 0.12620192307692307 0.4951923076923077 0.056490384615384616 0.06971153846153846
0 0.4074519230769231 0.4963942307692308 0.052884615384615384 0.09735576923076923
0 0.65625 0.5168269230769231 0.06370192307692307 0.08413461538461539
0 0.734375 0.5264423076923077 0.0985576923076923 0.2091346153846154
0 0.7896634615384616 0.5264423076923077 0.040865384615384616 0.0625
0 0.38100961538461536 0.5408653846153846 0.03125 0.08413461538461539
0 0.18990384615384615 0.546875 0.055288461538461536 0.0733173076923077
0 0.265625 0.6153846153846154 0.07451923076923077 0.2776442307692308
0 0.640625 0.6213942307692307 0.09975961538461539 0.2283653846153846
0 0.5504807692307693 0.6334134615384616 0.10817307692307693 0.2548076923076923
0 0.44711538461538464 0.6394230769230769 0.08653846153846154 0.23076923076923078
0 0.35096153846153844 0.6454326923076923 0.07211538461538461 0.2764423076923077
0 0.020432692307692308 0.6574519230769231 0.040865384615384616 0.34975961538461536
0 0.8713942307692307 0.6706730769230769 0.09375 0.4411057692307692
0 0.09975961538461539 0.6706730769230769 0.10576923076923077 0.3389423076923077
0 0.9651442307692307 0.7007211538461539 0.06850961538461539 0.390625
0 0.7548076923076923 0.7668269230769231 0.09975961538461539 0.2932692307692308