0 0.49399038461538464 0.5925480769230769 0.007211538461538462 0.05048076923076923
0 0.48197115384615385 0.59375 0.014423076923076924 0.040865384615384616
0 0.49278846153846156 0.6454326923076923 0.014423076923076924 0.046875
0 0.53125 0.6634615384615384 0.010817307692307692 0.038461538461538464
0 0.36899038461538464 0.6971153846153846 0.015625 0.057692307692307696
0 0.6790865384615384 0.7019230769230769 0.027644230769230768 0.05048076923076923
0 0.4567307692307692 0.703125 0.030048076923076924 0.07211538461538461
0 0.8689903846153846 0.7043269230769231 0.037259615384615384 0.0829326923076923
0 0.39663461538461536 0.7091346153846154 0.025240384615384616 0.08173076923076923
0 0.5168269230769231 0.7115384615384616 0.03125 0.09014423076923077
0 0.640625 0.7115384615384616 0.036057692307692304 0.06971153846153846
0 0.9543269230769231 0.7139423076923077 0.04326923076923077 0.109375
0 0.1935096153846154 0.7163461538461539 0.040865384615384616 0.09495192307692307
0 0.3473557692307692 0.7163461538461539 0.02403846153846154 0.08173076923076923
0 0.23677884615384615 0.71875 0.037259615384615384 0.0829326923076923
0 0.16947115384615385 0.7199519230769231 0.03245192307692308 0.09495192307692307
0 0.4519230769230769 0.7235576923076923 0.036057692307692304 0.1141826923076923
0 0.6586538461538461 0.7307692307692307 0.06370192307692307 0.12860576923076922
0 0.6418269230769231 0.7319711538461539 0.04326923076923077 0.1141826923076923
0 0.6550480769230769 0.7331730769230769 0.03125 0.12139423076923077
0 0.7307692307692307 0.734375 0.055288461538461536 0.13942307692307693
0 0.6754807692307693 0.7355769230769231 0.03485576923076923 0.13221153846153846
0 0.6057692307692307 0.7355769230769231 0.03485576923076923 0.11778846153846154
0 0.8713942307692307 0.7451923076923077 0.040865384615384616 0.18028846153846154
0 0.5733173076923077 0.7487980769230769 0.026442307692307692 0.10817307692307693
0 0.5649038461538461 0.7487980769230769 0.042067307692307696 0.15144230769230768
0 0.5949519230769231 0.7536057692307693 0.03125 0.10576923076923077
0 0.3112980769230769 0.7572115384615384 0.052884615384615384 0.15144230769230768
0 0.78125 0.7572115384615384 0.056490384615384616 0.19110576923076922
0 0.4326923076923077 0.7632211538461539 0.040865384615384616 0.12620192307692307
0 0.5060096153846154 0.7716346153846154 0.051682692307692304 0.18028846153846154
0 0.9615384615384616 0.7740384615384616 0.06850961538461539 0.22596153846153846
0 0.8882211538461539 0.7752403846153846 0.07692307692307693 0.24519230769230768
0 0.2932692307692308 0.7764423076923077 0.06370192307692307 0.14903846153846154
0 0.4879807692307692 0.7788461538461539 0.057692307692307696 0.19110576923076922
0 0.42788461538461536 0.7824519230769231 0.056490384615384616 0.1935096153846154
0 0.12379807692307693 0.7908653846153846 0.06610576923076923 0.10576923076923077
0 0.71875 0.7920673076923077 0.057692307692307696 0.17668269230769232
0 0.6394230769230769 0.7932692307692307 0.0625 0.22956730769230768
0 0.10817307692307693 0.8100961538461539 0.07451923076923077 0.1141826923076923
0 0.9158653846153846 0.8100961538461539 0.11778846153846154 0.30528846153846156
0 0.2800480769230769 0.8173076923076923 0.0673076923076923 0.16826923076923078
0 0.18028846153846154 0.8257211538461539 0.08774038461538461 0.16706730769230768
0 0.71875 0.8257211538461539 0.07451923076923077 0.3389423076923077
0 0.08173076923076923 0.8317307692307693 0.1310096153846154 0.17548076923076922
0 0.28725961538461536 0.8617788461538461 0.0625 0.19110576923076922
0 0.25600961538461536 0.8762019230769231 0.11899038461538461 0.2403846153846154
0 0.18028846153846154 0.9182692307692307 0.09735576923076923 0.16346153846153846
0 0.10817307692307693 0.921875 0.1935096153846154 0.15625