0 0.46634615384615385 0.35697115384615385 0.021634615384615384 0.03485576923076923
0 0.3858173076923077 0.359375 0.019230769230769232 0.026442307692307692
0 0.4651442307692308 0.36538461538461536 0.02403846153846154 0.025240384615384616
0 0.13822115384615385 0.3713942307692308 0.01201923076923077 0.019230769230769232
0 0.4891826923076923 0.3870192307692308 0.026442307692307692 0.0733173076923077
0 0.36899038461538464 0.3894230769230769 0.06971153846153846 0.09014423076923077
0 0.6610576923076923 0.3954326923076923 0.038461538461538464 0.08653846153846154
0 0.6045673076923077 0.39783653846153844 0.052884615384615384 0.0985576923076923
0 0.5120192307692307 0.40024038461538464 0.0625 0.08413461538461539
0 0.5889423076923077 0.4014423076923077 0.046875 0.11899038461538461
0 0.16466346153846154 0.4074519230769231 0.040865384615384616 0.09975961538461539
0 0.46153846153846156 0.41466346153846156 0.04567307692307692 0.1045673076923077
0 0.5625 0.41586538461538464 0.027644230769230768 0.078125
0 0.6286057692307693 0.43028846153846156 0.07692307692307693 0.11778846153846154
0 0.5060096153846154 0.4387019230769231 0.07932692307692307 0.16105769230769232
0 0.43028846153846156 0.44350961538461536 0.046875 0.171875
0 0.018028846153846152 0.44350961538461536 0.036057692307692304 0.12860576923076922
0 0.4579326923076923 0.46033653846153844 0.056490384615384616 0.20673076923076922
0 0.484375 0.4807692307692308 0.10096153846153846 0.24879807692307693
0 0.06971153846153846 0.4831730769230769 0.08173076923076923 0.3425480769230769
0 0.02403846153846154 0.5132211538461539 0.046875 0.328125
0 0.36899038461538464 0.5745192307692307 0.10096153846153846 0.44711538461538464
0 0.2091346153846154 0.6213942307692307 0.15625 0.5661057692307693
0 0.7848557692307693 0.6586538461538461 0.15745192307692307 0.6213942307692307
0 0.6322115384615384 0.6610576923076923 0.12980769230769232 0.6141826923076923
0 0.5144230769230769 0.6694711538461539 0.12139423076923077 0.5612980769230769
0 0.03485576923076923 0.6694711538461539 0.06850961538461539 0.6442307692307693