0 0.2620192307692308 0.4014423076923077 0.06610576923076923 0.125
0 0.039663461538461536 0.44350961538461536 0.06971153846153846 0.125
0 0.19471153846153846 0.46033653846153844 0.055288461538461536 0.10576923076923077
0 0.4699519230769231 0.49038461538461536 0.1466346153846154 0.4338942307692308
0 0.11899038461538461 0.5 0.0673076923076923 0.1201923076923077
0 0.040865384615384616 0.5108173076923077 0.0733173076923077 0.10576923076923077
0 0.2512019230769231 0.5528846153846154 0.109375 0.1935096153846154
0 0.34975961538461536 0.5661057692307693 0.07451923076923077 0.109375
0 0.7872596153846154 0.6033653846153846 0.10817307692307693 0.125
0 0.14302884615384615 0.6189903846153846 0.06610576923076923 0.13581730769230768
0 0.9362980769230769 0.6262019230769231 0.10817307692307693 0.234375
0 0.18629807692307693 0.6550480769230769 0.05889423076923077 0.1141826923076923
0 0.7091346153846154 0.6574519230769231 0.14903846153846154 0.22355769230769232
0 0.7151442307692307 0.7487980769230769 0.11778846153846154 0.18629807692307693
0 0.07451923076923077 0.7716346153846154 0.14543269230769232 0.44471153846153844
0 0.8245192307692307 0.7716346153846154 0.12860576923076922 0.4014423076923077
0 0.3401442307692308 0.7752403846153846 0.13221153846153846 0.28846153846153844
0 0.9375 0.7776442307692307 0.125 0.44471153846153844
0 0.8798076923076923 0.7848557692307693 0.18389423076923078 0.43028846153846156
0 0.38822115384615385 0.8137019230769231 0.23798076923076922 0.3713942307692308
0 0.9543269230769231 0.8521634615384616 0.0889423076923077 0.2956730769230769
0 0.6274038461538461 0.8557692307692307 0.1045673076923077 0.21514423076923078
0 0.234375 0.8581730769230769 0.23798076923076922 0.28125
0 0.07932692307692307 0.8918269230769231 0.15504807692307693 0.21514423076923078
0 0.7271634615384616 0.9014423076923077 0.15504807692307693 0.1935096153846154
0 0.43028846153846156 0.9026442307692307 0.16826923076923078 0.1935096153846154
0 0.09495192307692307 0.9579326923076923 0.17307692307692307 0.08173076923076923
0 0.6069711538461539 0.9627403846153846 0.17548076923076922 0.0733173076923077