0 0.4807692307692308 0.13701923076923078 0.2512019230769231 0.27163461538461536
0 0.7091346153846154 0.18870192307692307 0.11298076923076923 0.1875
0 0.2980769230769231 0.19831730769230768 0.09014423076923077 0.2644230769230769
0 0.8918269230769231 0.21514423076923078 0.21514423076923078 0.4050480769230769
0 0.5396634615384616 0.2848557692307692 0.14903846153846154 0.3293269230769231
0 0.9675480769230769 0.3088942307692308 0.06129807692307692 0.29086538461538464
0 0.7512019230769231 0.34615384615384615 0.0985576923076923 0.22956730769230768
0 0.19230769230769232 0.35096153846153844 0.09975961538461539 0.24519230769230768
0 0.09254807692307693 0.45913461538461536 0.08173076923076923 0.34975961538461536
0 0.29086538461538464 0.4699519230769231 0.11538461538461539 0.27163461538461536
0 0.46875 0.4795673076923077 0.22355769230769232 0.453125
0 0.6658653846153846 0.5048076923076923 0.19471153846153846 0.3918269230769231
0 0.8689903846153846 0.5144230769230769 0.234375 0.33774038461538464
0 0.5072115384615384 0.5324519230769231 0.07211538461538461 0.16346153846153846
0 0.030048076923076924 0.5564903846153846 0.06009615384615385 0.2668269230769231
0 0.17908653846153846 0.6394230769230769 0.10096153846153846 0.2764423076923077
0 0.4723557692307692 0.6502403846153846 0.07932692307692307 0.15745192307692307
0 0.6959134615384616 0.6814903846153846 0.07932692307692307 0.234375
0 0.9651442307692307 0.7403846153846154 0.06850961538461539 0.140625
0 0.7680288461538461 0.7620192307692307 0.09014423076923077 0.20793269230769232
0 0.8629807692307693 0.78125 0.1466346153846154 0.4014423076923077
0 0.265625 0.7884615384615384 0.19951923076923078 0.3858173076923077
0 0.08533653846153846 0.8076923076923077 0.16706730769230768 0.328125
0 0.9471153846153846 0.8329326923076923 0.1045673076923077 0.296875
0 0.9711538461538461 0.8533653846153846 0.057692307692307696 0.14543269230769232
0 0.6081730769230769 0.8581730769230769 0.23317307692307693 0.24879807692307693
0 0.40865384615384615 0.8653846153846154 0.12620192307692307 0.23076923076923078
0 0.7800480769230769 0.8918269230769231 0.1778846153846154 0.18028846153846154
0 0.12740384615384615 0.9302884615384616 0.11298076923076923 0.10336538461538461
0 0.65625 0.09735576923076923 0.08413461538461539 0.1935096153846154
0 0.8004807692307693 0.12620192307692307 0.09375 0.24639423076923078