0 0.11538461538461539 0.4230769230769231 0.0673076923076923 0.13221153846153846
0 0.5865384615384616 0.4675480769230769 0.03245192307692308 0.027644230769230768
0 0.8209134615384616 0.4723557692307692 0.027644230769230768 0.038461538461538464
0 0.5300480769230769 0.4723557692307692 0.025240384615384616 0.04326923076923077
0 0.3858173076923077 0.48677884615384615 0.021634615384615384 0.04326923076923077
0 0.7800480769230769 0.4891826923076923 0.038461538461538464 0.020432692307692308
0 0.9723557692307693 0.49278846153846156 0.026442307692307692 0.05048076923076923
0 0.8942307692307693 0.4963942307692308 0.02403846153846154 0.057692307692307696
0 0.41947115384615385 0.4987980769230769 0.038461538461538464 0.09375
0 0.7235576923076923 0.4987980769230769 0.03485576923076923 0.06610576923076923
0 0.47475961538461536 0.5 0.042067307692307696 0.11298076923076923
0 0.37259615384615385 0.5108173076923077 0.04567307692307692 0.10817307692307693
0 0.5649038461538461 0.5108173076923077 0.027644230769230768 0.0829326923076923
0 0.7007211538461539 0.5168269230769231 0.042067307692307696 0.05048076923076923
0 0.5973557692307693 0.5204326923076923 0.03125 0.07211538461538461
0 0.8725961538461539 0.5204326923076923 0.025240384615384616 0.10096153846153846
0 0.5216346153846154 0.5264423076923077 0.04326923076923077 0.055288461538461536
0 0.9423076923076923 0.5276442307692307 0.027644230769230768 0.11538461538461539
0 0.6346153846153846 0.5300480769230769 0.036057692307692304 0.1045673076923077
0 0.7752403846153846 0.5384615384615384 0.057692307692307696 0.07211538461538461
0 0.8185096153846154 0.5408653846153846 0.03245192307692308 0.10096153846153846
0 0.8521634615384616 0.5432692307692307 0.040865384615384616 0.1658653846153846
0 0.7740384615384616 0.578125 0.06129807692307692 0.14903846153846154
0 0.027644230769230768 0.5853365384615384 0.055288461538461536 0.09254807692307693
0 0.21394230769230768 0.5949519230769231 0.056490384615384616 0.14182692307692307
0 0.9110576923076923 0.6009615384615384 0.06610576923076923 0.12379807692307693
0 0.6887019230769231 0.609375 0.046875 0.15745192307692307
0 0.11057692307692307 0.6129807692307693 0.10336538461538461 0.20673076923076922
0 0.5036057692307693 0.6394230769230769 0.11538461538461539 0.15264423076923078
0 0.3317307692307692 0.6862980769230769 0.15504807692307693 0.3317307692307692
0 0.6105769230769231 0.7115384615384616 0.12139423076923077 0.3173076923076923
0 0.8100961538461539 0.7271634615384616 0.09975961538461539 0.23557692307692307
0 0.1658653846153846 0.7620192307692307 0.15264423076923078 0.4026442307692308
0 0.9134615384615384 0.8245192307692307 0.16706730769230768 0.31850961538461536
0 0.890625 0.8353365384615384 0.21394230769230768 0.3293269230769231