0 0.5144230769230769 0.33774038461538464 0.019230769230769232 0.04326923076923077
0 0.47716346153846156 0.3473557692307692 0.021634615384615384 0.038461538461538464
0 0.43028846153846156 0.35096153846153844 0.015625 0.040865384615384616
0 0.35096153846153844 0.3545673076923077 0.015625 0.030048076923076924
0 0.5721153846153846 0.35697115384615385 0.027644230769230768 0.052884615384615384
0 0.3737980769230769 0.35697115384615385 0.020432692307692308 0.038461538461538464
0 0.45072115384615385 0.3629807692307692 0.019230769230769232 0.03485576923076923
0 0.5288461538461539 0.3629807692307692 0.019230769230769232 0.030048076923076924
0 0.39783653846153844 0.3629807692307692 0.019230769230769232 0.030048076923076924
0 0.6009615384615384 0.3701923076923077 0.02403846153846154 0.046875
0 0.3545673076923077 0.38221153846153844 0.019230769230769232 0.020432692307692308
0 0.6322115384615384 0.38221153846153844 0.026442307692307692 0.046875
0 0.41346153846153844 0.38221153846153844 0.014423076923076924 0.037259615384615384
0 0.4855769230769231 0.38822115384615385 0.021634615384615384 0.06129807692307692
0 0.39302884615384615 0.38822115384615385 0.021634615384615384 0.026442307692307692
0 0.44711538461538464 0.3918269230769231 0.015625 0.037259615384615384
0 0.43028846153846156 0.39302884615384615 0.021634615384615384 0.040865384615384616
0 0.33533653846153844 0.39302884615384615 0.019230769230769232 0.037259615384615384
0 0.5144230769230769 0.4014423076923077 0.020432692307692308 0.040865384615384616
0 0.46875 0.4050480769230769 0.021634615384615384 0.06370192307692307
0 0.3786057692307692 0.41225961538461536 0.019230769230769232 0.038461538461538464
0 0.36177884615384615 0.41346153846153844 0.016826923076923076 0.05048076923076923
0 0.5504807692307693 0.41346153846153844 0.020432692307692308 0.05048076923076923
0 0.2932692307692308 0.41346153846153844 0.030048076923076924 0.04326923076923077
0 0.39663461538461536 0.41346153846153844 0.021634615384615384 0.040865384615384616
0 0.49759615384615385 0.41466346153846156 0.021634615384615384 0.05048076923076923
0 0.31850961538461536 0.4182692307692308 0.016826923076923076 0.04326923076923077
0 0.5324519230769231 0.421875 0.021634615384615384 0.046875
0 0.6322115384615384 0.421875 0.020432692307692308 0.04326923076923077
0 0.5697115384615384 0.4230769230769231 0.025240384615384616 0.04326923076923077
0 0.6009615384615384 0.43149038461538464 0.026442307692307692 0.052884615384615384
0 0.4362980769230769 0.43149038461538464 0.021634615384615384 0.040865384615384616
0 0.3317307692307692 0.4362980769230769 0.01201923076923077 0.052884615384615384
0 0.6526442307692307 0.4387019230769231 0.021634615384615384 0.06129807692307692
0 0.38221153846153844 0.43990384615384615 0.02403846153846154 0.046875
0 0.6742788461538461 0.43990384615384615 0.025240384615384616 0.06971153846153846
0 0.48677884615384615 0.4495192307692308 0.019230769230769232 0.046875
0 0.4182692307692308 0.4519230769230769 0.015625 0.037259615384615384
0 0.40024038461538464 0.4543269230769231 0.015625 0.040865384615384616
0 0.4495192307692308 0.4567307692307692 0.021634615384615384 0.04326923076923077
0 0.3449519230769231 0.4567307692307692 0.016826923076923076 0.046875
0 0.4723557692307692 0.46153846153846156 0.027644230769230768 0.046875
0 0.5216346153846154 0.46274038461538464 0.027644230769230768 0.046875
0 0.2824519230769231 0.4675480769230769 0.030048076923076924 0.09014423076923077
0 0.578125 0.4675480769230769 0.020432692307692308 0.037259615384615384
0 0.3713942307692308 0.4795673076923077 0.027644230769230768 0.046875
0 0.7079326923076923 0.4855769230769231 0.026442307692307692 0.057692307692307696
0 0.43149038461538464 0.4879807692307692 0.025240384615384616 0.057692307692307696
0 0.546875 0.49038461538461536 0.025240384615384616 0.046875
0 0.3918269230769231 0.49278846153846156 0.014423076923076924 0.04326923076923077
0 0.4098557692307692 0.4963942307692308 0.025240384615384616 0.046875
0 0.6225961538461539 0.4963942307692308 0.026442307692307692 0.046875
0 0.49399038461538464 0.5 0.03245192307692308 0.05048076923076923
0 0.3245192307692308 0.5036057692307693 0.02403846153846154 0.07692307692307693
0 0.35216346153846156 0.5036057692307693 0.02403846153846154 0.04326923076923077
0 0.6526442307692307 0.5072115384615384 0.020432692307692308 0.04326923076923077
0 0.5793269230769231 0.5120192307692307 0.020432692307692308 0.040865384615384616
0 0.2644230769230769 0.5120192307692307 0.025240384615384616 0.030048076923076924
0 0.4567307692307692 0.5132211538461539 0.038461538461538464 0.052884615384615384
0 0.6009615384615384 0.5132211538461539 0.020432692307692308 0.052884615384615384
0 0.5288461538461539 0.5132211538461539 0.025240384615384616 0.046875
0 0.3004807692307692 0.5240384615384616 0.030048076923076924 0.06971153846153846
0 0.30288461538461536 0.5264423076923077 0.027644230769230768 0.0733173076923077
0 0.7043269230769231 0.5276442307692307 0.027644230769230768 0.052884615384615384
0 0.36778846153846156 0.5300480769230769 0.027644230769230768 0.046875
0 0.6346153846153846 0.5300480769230769 0.030048076923076924 0.05048076923076923
0 0.23197115384615385 0.5324519230769231 0.036057692307692304 0.07692307692307693
0 0.6802884615384616 0.5324519230769231 0.026442307692307692 0.0673076923076923
0 0.171875 0.5336538461538461 0.036057692307692304 0.0829326923076923
0 0.6262019230769231 0.5769230769230769 0.03485576923076923 0.046875
0 0.7512019230769231 0.5877403846153846 0.03485576923076923 0.09735576923076923
0 0.5865384615384616 0.6081730769230769 0.03485576923076923 0.12620192307692307
0 0.4050480769230769 0.7151442307692307 0.056490384615384616 0.390625
0 0.2644230769230769 0.7175480769230769 0.040865384615384616 0.3870192307692308
0 0.45913461538461536 0.7175480769230769 0.055288461538461536 0.359375
0 0.5168269230769231 0.7175480769230769 0.056490384615384616 0.4110576923076923
0 0.35216346153846156 0.7223557692307693 0.04326923076923077 0.3798076923076923
0 0.5661057692307693 0.7259615384615384 0.06370192307692307 0.3762019230769231
0 0.31009615384615385 0.7319711538461539 0.042067307692307696 0.3605769230769231
0 0.8149038461538461 0.7536057692307693 0.036057692307692304 0.4411057692307692
0 0.21875 0.7572115384615384 0.04326923076923077 0.3870192307692308
0 0.17427884615384615 0.7584134615384616 0.04807692307692308 0.3762019230769231
0 0.7271634615384616 0.7620192307692307 0.057692307692307696 0.4074519230769231
0 0.7932692307692307 0.7620192307692307 0.040865384615384616 0.4206730769230769
0 0.6550480769230769 0.7644230769230769 0.04326923076923077 0.40024038461538464