0 0.25 0.19591346153846154 0.07451923076923077 0.16105769230769232
0 0.33533653846153844 0.22235576923076922 0.10817307692307693 0.24879807692307693
0 0.8004807692307693 0.2692307692307692 0.11538461538461539 0.2403846153846154
0 0.5504807692307693 0.28725961538461536 0.03245192307692308 0.11057692307692307
0 0.5060096153846154 0.296875 0.03485576923076923 0.09375
0 0.40625 0.31971153846153844 0.07932692307692307 0.1466346153846154
0 0.24879807692307693 0.3233173076923077 0.056490384615384616 0.11778846153846154
0 0.625 0.3293269230769231 0.051682692307692304 0.12980769230769232
0 0.6598557692307693 0.33052884615384615 0.027644230769230768 0.10576923076923077
0 0.8762019230769231 0.33052884615384615 0.03245192307692308 0.10576923076923077
0 0.8365384615384616 0.3317307692307692 0.04567307692307692 0.10336538461538461
0 0.47475961538461536 0.3425480769230769 0.05889423076923077 0.12620192307692307
0 0.6105769230769231 0.38341346153846156 0.056490384615384616 0.15985576923076922
0 0.35096153846153844 0.3942307692307692 0.06370192307692307 0.15625
0 0.7247596153846154 0.39663461538461536 0.078125 0.19110576923076922
0 0.2980769230769231 0.40625 0.055288461538461536 0.15985576923076922
0 0.42788461538461536 0.44711538461538464 0.04326923076923077 0.16346153846153846
0 0.5901442307692307 0.4519230769230769 0.15504807692307693 0.33413461538461536
0 0.47115384615384615 0.49399038461538464 0.07932692307692307 0.17668269230769232
0 0.9495192307692307 0.5132211538461539 0.10096153846153846 0.43028846153846156
0 0.8269230769230769 0.5829326923076923 0.21754807692307693 0.43149038461538464
0 0.2824519230769231 0.6189903846153846 0.13221153846153846 0.33413461538461536
0 0.6574519230769231 0.625 0.1658653846153846 0.359375
0 0.4807692307692308 0.6382211538461539 0.2512019230769231 0.4951923076923077
0 0.21634615384615385 0.7680288461538461 0.3088942307692308 0.46274038461538464
0 0.09375 0.7740384615384616 0.16346153846153846 0.4519230769230769
0 0.7247596153846154 0.8533653846153846 0.38100961538461536 0.28846153846153844