0 0.5841346153846154 0.21754807692307693 0.04326923076923077 0.10096153846153846
0 0.4807692307692308 0.23557692307692307 0.037259615384615384 0.0625
0 0.3449519230769231 0.27283653846153844 0.046875 0.1045673076923077
0 0.5204326923076923 0.2776442307692308 0.036057692307692304 0.07211538461538461
0 0.21995192307692307 0.2776442307692308 0.04567307692307692 0.06971153846153846
0 0.28725961538461536 0.2848557692307692 0.03245192307692308 0.0985576923076923
0 0.4074519230769231 0.2956730769230769 0.036057692307692304 0.09014423076923077
0 0.7043269230769231 0.2980769230769231 0.06610576923076923 0.13701923076923078
0 0.4651442307692308 0.30528846153846156 0.026442307692307692 0.09375
0 0.5901442307692307 0.3245192307692308 0.05889423076923077 0.09495192307692307
0 0.6622596153846154 0.3245192307692308 0.036057692307692304 0.09735576923076923
0 0.7379807692307693 0.33413461538461536 0.038461538461538464 0.12620192307692307
0 0.44350961538461536 0.3389423076923077 0.036057692307692304 0.0985576923076923
0 0.2512019230769231 0.3401442307692308 0.052884615384615384 0.08774038461538461
0 0.8137019230769231 0.3449519230769231 0.040865384615384616 0.13942307692307693
0 0.4879807692307692 0.34615384615384615 0.040865384615384616 0.11778846153846154
0 0.30528846153846156 0.34975961538461536 0.036057692307692304 0.07451923076923077
0 0.36778846153846156 0.35216346153846156 0.038461538461538464 0.1045673076923077
0 0.21754807692307693 0.3605769230769231 0.040865384615384616 0.08774038461538461
0 0.3401442307692308 0.5612980769230769 0.09014423076923077 0.41586538461538464
0 0.6334134615384616 0.5625 0.051682692307692304 0.4723557692307692
0 0.41466346153846156 0.5721153846153846 0.08653846153846154 0.4338942307692308
0 0.1971153846153846 0.5841346153846154 0.09495192307692307 0.4387019230769231
0 0.5793269230769231 0.5841346153846154 0.09014423076923077 0.4375
0 0.5204326923076923 0.5877403846153846 0.036057692307692304 0.4362980769230769
0 0.8713942307692307 0.5925480769230769 0.1346153846153846 0.5564903846153846
0 0.6923076923076923 0.5949519230769231 0.051682692307692304 0.4987980769230769
0 0.6911057692307693 0.5973557692307693 0.10096153846153846 0.4855769230769231
0 0.7776442307692307 0.5997596153846154 0.11298076923076923 0.5096153846153846
0 0.27403846153846156 0.6189903846153846 0.09735576923076923 0.3918269230769231