0 0.9795673076923077 0.5120192307692307 0.026442307692307692 0.11658653846153846
0 0.9495192307692307 0.5072115384615384 0.015625 0.10697115384615384
0 0.9278846153846154 0.5048076923076923 0.027644230769230768 0.11899038461538461
0 0.8978365384615384 0.5108173076923077 0.027644230769230768 0.11899038461538461
0 0.8713942307692307 0.5240384615384616 0.030048076923076924 0.140625
0 0.8317307692307693 0.5252403846153846 0.036057692307692304 0.16105769230769232
0 0.8509615384615384 0.5564903846153846 0.021634615384615384 0.11658653846153846
0 0.7956730769230769 0.4987980769230769 0.020432692307692308 0.10697115384615384
0 0.7379807692307693 0.5252403846153846 0.02403846153846154 0.11899038461538461
0 0.6346153846153846 0.5240384615384616 0.038461538461538464 0.12860576923076922
0 0.6021634615384616 0.5300480769230769 0.027644230769230768 0.140625
0 0.37259615384615385 0.5168269230769231 0.026442307692307692 0.10096153846153846
0 0.33052884615384615 0.5132211538461539 0.018028846153846152 0.09495192307692307
0 0.3161057692307692 0.5144230769230769 0.015625 0.09254807692307693