0 0.5060096153846154 0.5456730769230769 0.015625 0.028846153846153848
0 0.4795673076923077 0.5408653846153846 0.015625 0.026442307692307692
0 0.45913461538461536 0.5456730769230769 0.018028846153846152 0.028846153846153848
0 0.43509615384615385 0.5408653846153846 0.014423076923076924 0.026442307692307692
0 0.4074519230769231 0.5408653846153846 0.014423076923076924 0.026442307692307692
0 0.38341346153846156 0.5396634615384616 0.015625 0.02403846153846154
0 0.36658653846153844 0.5396634615384616 0.015625 0.02403846153846154
0 0.34615384615384615 0.5372596153846154 0.015625 0.02403846153846154
0 0.31850961538461536 0.5372596153846154 0.018028846153846152 0.02403846153846154
0 0.34615384615384615 0.5036057692307693 0.01201923076923077 0.021634615384615384
0 0.3605769230769231 0.5024038461538461 0.015625 0.02403846153846154