0 0.5300480769230769 0.8028846153846154 0.056490384615384616 0.22956730769230768
0 0.41466346153846156 0.8341346153846154 0.06610576923076923 0.22956730769230768
0 0.20552884615384615 0.6177884615384616 0.03365384615384615 0.1310096153846154
0 0.11778846153846154 0.5865384615384616 0.036057692307692304 0.10697115384615384
0 0.051682692307692304 0.6598557692307693 0.051682692307692304 0.07211538461538461
0 0.3449519230769231 0.6862980769230769 0.038461538461538464 0.1466346153846154
0 0.4375 0.6742788461538461 0.04807692307692308 0.15504807692307693
0 0.4579326923076923 0.6610576923076923 0.039663461538461536 0.12259615384615384
0 0.6766826923076923 0.6225961538461539 0.038461538461538464 0.1201923076923077
0 0.04807692307692308 0.5973557692307693 0.039663461538461536 0.09014423076923077
0 0.37259615384615385 0.47115384615384615 0.018028846153846152 0.05048076923076923
0 0.3918269230769231 0.4639423076923077 0.015625 0.052884615384615384
0 0.4206730769230769 0.4831730769230769 0.018028846153846152 0.06370192307692307
0 0.6862980769230769 0.484375 0.020432692307692308 0.06610576923076923
0 0.7019230769230769 0.4963942307692308 0.020432692307692308 0.05889423076923077
0 0.7427884615384616 0.49158653846153844 0.021634615384615384 0.06129807692307692
0 0.8894230769230769 0.49038461538461536 0.018028846153846152 0.05889423076923077