0 0.8040865384615384 0.8197115384615384 0.12740384615384615 0.3545673076923077
0 0.6454326923076923 0.8245192307692307 0.13341346153846154 0.3449519230769231
0 0.484375 0.8112980769230769 0.14423076923076922 0.37259615384615385
0 0.13942307692307693 0.6586538461538461 0.04807692307692308 0.07692307692307693
0 0.36899038461538464 0.8425480769230769 0.0985576923076923 0.31009615384615385
0 0.20552884615384615 0.6370192307692307 0.057692307692307696 0.05048076923076923
0 0.12139423076923077 0.6298076923076923 0.04567307692307692 0.06490384615384616
0 0.9735576923076923 0.45552884615384615 0.026442307692307692 0.04447115384615385
0 0.9375 0.4579326923076923 0.030048076923076924 0.055288461538461536
0 0.9122596153846154 0.4735576923076923 0.03245192307692308 0.03245192307692308
0 0.9074519230769231 0.47475961538461536 0.015625 0.025240384615384616