0 0.20432692307692307 0.6081730769230769 0.13581730769230768 0.6574519230769231
0 0.34975961538461536 0.6286057692307693 0.12740384615384615 0.6274038461538461
0 0.5012019230769231 0.65625 0.12259615384615384 0.5853365384615384
0 0.08173076923076923 0.5264423076923077 0.09975961538461539 0.39903846153846156
0 0.8834134615384616 0.5913461538461539 0.06850961538461539 0.18629807692307693
0 0.9182692307692307 0.8052884615384616 0.1201923076923077 0.30649038461538464
0 0.8112980769230769 0.578125 0.09014423076923077 0.18870192307692307
0 0.44711538461538464 0.43149038461538464 0.06610576923076923 0.17067307692307693
0 0.5625 0.48677884615384615 0.06009615384615385 0.19230769230769232
0 0.7283653846153846 0.5829326923076923 0.07211538461538461 0.2704326923076923
0 0.2548076923076923 0.38461538461538464 0.08173076923076923 0.2283653846153846
0 0.02403846153846154 0.39903846153846156 0.04807692307692308 0.13221153846153846