0 0.7139423076923077 0.5024038461538461 0.14423076923076922 0.2956730769230769
0 0.3737980769230769 0.5192307692307693 0.11177884615384616 0.2800480769230769
0 0.1875 0.5192307692307693 0.08173076923076923 0.21634615384615385
0 0.028846153846153848 0.4987980769230769 0.057692307692307696 0.15985576923076922
0 0.9435096153846154 0.44711538461538464 0.056490384615384616 0.18389423076923078
0 0.8786057692307693 0.4579326923076923 0.042067307692307696 0.15144230769230768
0 0.8485576923076923 0.43509615384615385 0.036057692307692304 0.17067307692307693
0 0.8040865384615384 0.4411057692307692 0.04447115384615385 0.16826923076923078
0 0.7572115384615384 0.4543269230769231 0.042067307692307696 0.1045673076923077
0 0.6274038461538461 0.4579326923076923 0.030048076923076924 0.15745192307692307
0 0.6057692307692307 0.4807692307692308 0.02403846153846154 0.109375
0 0.46153846153846156 0.4495192307692308 0.04447115384615385 0.14182692307692307
0 0.25600961538461536 0.4387019230769231 0.027644230769230768 0.1201923076923077
0 0.22596153846153846 0.4050480769230769 0.02403846153846154 0.052884615384615384
0 0.2247596153846154 0.4579326923076923 0.03365384615384615 0.1045673076923077
0 0.125 0.4651442307692308 0.021634615384615384 0.1141826923076923
0 0.1045673076923077 0.4651442307692308 0.02403846153846154 0.1141826923076923
0 0.9879807692307693 0.42908653846153844 0.020432692307692308 0.15985576923076922