0 0.2127403846153846 0.8100961538461539 0.12620192307692307 0.35216346153846156
0 0.3485576923076923 0.6850961538461539 0.09014423076923077 0.13942307692307693
0 0.4110576923076923 0.8209134615384616 0.17427884615384615 0.35216346153846156
0 0.45072115384615385 0.6622596153846154 0.04567307692307692 0.078125
0 0.5120192307692307 0.7608173076923077 0.10817307692307693 0.25841346153846156
0 0.5757211538461539 0.59375 0.04807692307692308 0.11778846153846154
0 0.5625 0.7079326923076923 0.0985576923076923 0.30408653846153844
0 0.6298076923076923 0.6923076923076923 0.06009615384615385 0.28725961538461536
0 0.7007211538461539 0.6923076923076923 0.09375 0.2764423076923077
0 0.984375 0.47475961538461536 0.027644230769230768 0.0829326923076923
0 0.8028846153846154 0.5817307692307693 0.04567307692307692 0.05048076923076923
0 0.765625 0.6298076923076923 0.07211538461538461 0.15264423076923078
0 0.8365384615384616 0.625 0.06009615384615385 0.12139423076923077
0 0.9519230769230769 0.5588942307692307 0.06009615384615385 0.08052884615384616
0 0.9603365384615384 0.6057692307692307 0.07572115384615384 0.12620192307692307
0 0.9375 0.6213942307692307 0.10576923076923077 0.12379807692307693