0 0.9783653846153846 0.4423076923076923 0.039663461538461536 0.15985576923076922
0 0.9507211538461539 0.4411057692307692 0.09375 0.1875
0 0.8954326923076923 0.5516826923076923 0.12980769230769232 0.2512019230769231
0 0.8954326923076923 0.6694711538461539 0.1778846153846154 0.36538461538461536
0 0.7331730769230769 0.5036057692307693 0.11057692307692307 0.18990384615384615
0 0.7091346153846154 0.7572115384615384 0.18990384615384615 0.41947115384615385
0 0.6538461538461539 0.44591346153846156 0.051682692307692304 0.12379807692307693
0 0.6165865384615384 0.4879807692307692 0.09375 0.20192307692307693
0 0.5204326923076923 0.5336538461538461 0.10576923076923077 0.19591346153846154
0 0.5324519230769231 0.7536057692307693 0.18028846153846154 0.41947115384615385
0 0.40625 0.6875 0.1045673076923077 0.44350961538461536