0 0.47596153846153844 0.40625 0.021634615384615384 0.056490384615384616
0 0.8942307692307693 0.40625 0.027644230769230768 0.10817307692307693
0 0.8689903846153846 0.41225961538461536 0.021634615384615384 0.1310096153846154
0 0.9375 0.4411057692307692 0.046875 0.1045673076923077
0 0.5408653846153846 0.44591346153846156 0.057692307692307696 0.203125
0 0.3894230769230769 0.4543269230769231 0.037259615384615384 0.1778846153846154
0 0.16947115384615385 0.4543269230769231 0.07211538461538461 0.11538461538461539
0 0.8521634615384616 0.484375 0.09254807692307693 0.4387019230769231
0 0.46153846153846156 0.5 0.07692307692307693 0.375
0 0.28966346153846156 0.5144230769230769 0.24639423076923078 0.9483173076923077
0 0.07932692307692307 0.6189903846153846 0.12379807692307693 0.6418269230769231
0 0.6514423076923077 0.6346153846153846 0.140625 0.7295673076923077
0 0.8088942307692307 0.6790865384615384 0.1875 0.640625