0 0.07572115384615384 0.49399038461538464 0.09735576923076923 0.09254807692307693
0 0.08533653846153846 0.41947115384615385 0.0733173076923077 0.05889423076923077
0 0.1622596153846154 0.46153846153846156 0.09735576923076923 0.11298076923076923
0 0.1658653846153846 0.4026442307692308 0.06009615384615385 0.0889423076923077
0 0.16947115384615385 0.39663461538461536 0.055288461538461536 0.051682692307692304
0 0.3605769230769231 0.49399038461538464 0.08052884615384616 0.0829326923076923
0 0.3942307692307692 0.43509615384615385 0.046875 0.06971153846153846
0 0.4483173076923077 0.4639423076923077 0.055288461538461536 0.15504807692307693
0 0.5216346153846154 0.45552884615384615 0.08653846153846154 0.16826923076923078
0 0.5985576923076923 0.43149038461538464 0.0733173076923077 0.11538461538461539
0 0.6009615384615384 0.5012019230769231 0.109375 0.08052884615384616
0 0.7403846153846154 0.5625 0.17307692307692307 0.2824519230769231
0 0.9615384615384616 0.6346153846153846 0.07692307692307693 0.10576923076923077
0 0.3449519230769231 0.6646634615384616 0.3329326923076923 0.4375
0 0.96875 0.5072115384615384 0.0625 0.09375
0 0.014423076923076924 0.4795673076923077 0.028846153846153848 0.08052884615384616
0 0.34975961538461536 0.4387019230769231 0.06009615384615385 0.05048076923076923
0 0.8149038461538461 0.45913461538461536 0.02403846153846154 0.125