0 0.021634615384615384 0.8798076923076923 0.042067307692307696 0.23918269230769232
0 0.06610576923076923 0.7620192307692307 0.09134615384615384 0.17668269230769232
0 0.05048076923076923 0.9362980769230769 0.08774038461538461 0.12740384615384615
0 0.09735576923076923 0.84375 0.12379807692307693 0.3125
0 0.1971153846153846 0.8605769230769231 0.11778846153846154 0.27884615384615385
0 0.2692307692307692 0.9074519230769231 0.12620192307692307 0.18509615384615385
0 0.31971153846153844 0.8786057692307693 0.07572115384615384 0.24278846153846154
0 0.2668269230769231 0.7644230769230769 0.05048076923076923 0.11778846153846154
0 0.31009615384615385 0.7716346153846154 0.06971153846153846 0.09375
0 0.3954326923076923 0.9098557692307693 0.0985576923076923 0.18028846153846154
0 0.4423076923076923 0.9110576923076923 0.051682692307692304 0.17668269230769232
0 0.4567307692307692 0.8076923076923077 0.1346153846153846 0.27163461538461536
0 0.5853365384615384 0.9375 0.11658653846153846 0.125
0 0.7451923076923077 0.9471153846153846 0.11298076923076923 0.10576923076923077
0 0.8942307692307693 0.8004807692307693 0.09254807692307693 0.2247596153846154
0 0.7608173076923077 0.8341346153846154 0.06370192307692307 0.10817307692307693
0 0.6838942307692307 0.8569711538461539 0.09495192307692307 0.1658653846153846
0 0.5829326923076923 0.8509615384615384 0.13221153846153846 0.2932692307692308
0 0.5120192307692307 0.7151442307692307 0.056490384615384616 0.12860576923076922
0 0.48677884615384615 0.671875 0.025240384615384616 0.042067307692307696
0 0.5649038461538461 0.6959134615384616 0.028846153846153848 0.03245192307692308
0 0.7944711538461539 0.9098557692307693 0.08774038461538461 0.13341346153846154
0 0.37740384615384615 0.7127403846153846 0.04807692307692308 0.10697115384615384
0 0.6430288461538461 0.75 0.054086538461538464 0.12980769230769232
0 0.71875 0.7079326923076923 0.019230769230769232 0.04326923076923077