0 0.8774038461538461 0.546875 0.09495192307692307 0.4795673076923077
0 0.8798076923076923 0.34134615384615385 0.08052884615384616 0.1622596153846154
0 0.8100961538461539 0.28365384615384615 0.06490384615384616 0.11778846153846154
0 0.8161057692307693 0.5108173076923077 0.1045673076923077 0.49278846153846156
0 0.7800480769230769 0.4795673076923077 0.06129807692307692 0.453125
0 0.7355769230769231 0.5276442307692307 0.08533653846153846 0.4735576923076923
0 0.7091346153846154 0.46274038461538464 0.04807692307692308 0.4375
0 0.6730769230769231 0.5084134615384616 0.078125 0.46274038461538464
0 0.6538461538461539 0.2776442307692308 0.027644230769230768 0.0889423076923077
0 0.6478365384615384 0.3245192307692308 0.03485576923076923 0.11057692307692307
0 0.6117788461538461 0.49759615384615385 0.10096153846153846 0.4891826923076923
0 0.5805288461538461 0.3076923076923077 0.036057692307692304 0.09134615384615384
0 0.5637019230769231 0.28966346153846156 0.07091346153846154 0.11778846153846154
0 0.5516826923076923 0.5072115384615384 0.08533653846153846 0.48677884615384615
0 0.5108173076923077 0.484375 0.06610576923076923 0.43509615384615385
0 0.484375 0.28846153846153844 0.037259615384615384 0.1201923076923077
0 0.46274038461538464 0.5168269230769231 0.09975961538461539 0.4735576923076923
0 0.4375 0.4807692307692308 0.08052884615384616 0.4639423076923077
0 0.4050480769230769 0.29447115384615385 0.042067307692307696 0.11298076923076923
0 0.3798076923076923 0.5060096153846154 0.09254807692307693 0.4735576923076923
0 0.33774038461538464 0.4795673076923077 0.06490384615384616 0.46634615384615385
0 0.2956730769230769 0.3112980769230769 0.04927884615384615 0.13341346153846154
0 0.30528846153846156 0.5252403846153846 0.0829326923076923 0.45072115384615385
0 0.27283653846153844 0.4795673076923077 0.051682692307692304 0.484375
0 0.234375 0.5120192307692307 0.0889423076923077 0.4951923076923077
0 0.1971153846153846 0.4675480769230769 0.054086538461538464 0.42427884615384615
0 0.16706730769230768 0.5072115384615384 0.08533653846153846 0.5240384615384616
0 0.09254807692307693 0.49278846153846156 0.10817307692307693 0.5072115384615384