0 0.037259615384615384 0.4951923076923077 0.018028846153846152 0.06370192307692307
0 0.11538461538461539 0.49399038461538464 0.019230769230769232 0.078125
0 0.14423076923076922 0.4963942307692308 0.020432692307692308 0.07451923076923077
0 0.17067307692307693 0.4963942307692308 0.02283653846153846 0.078125
0 0.15985576923076922 0.5 0.013221153846153846 0.06129807692307692
0 0.2091346153846154 0.4891826923076923 0.01201923076923077 0.055288461538461536
0 0.265625 0.5012019230769231 0.020432692307692308 0.0889423076923077
0 0.22716346153846154 0.5564903846153846 0.08173076923076923 0.3317307692307692
0 0.36658653846153844 0.5997596153846154 0.1141826923076923 0.49158653846153844
0 0.4699519230769231 0.5516826923076923 0.051682692307692304 0.27403846153846156
0 0.49158653846153844 0.5697115384615384 0.09254807692307693 0.3545673076923077
0 0.5865384615384616 0.5817307692307693 0.07572115384615384 0.3269230769230769
0 0.6346153846153846 0.5432692307692307 0.03485576923076923 0.24639423076923078
0 0.6574519230769231 0.5829326923076923 0.06971153846153846 0.36899038461538464
0 0.6959134615384616 0.59375 0.09975961538461539 0.375
0 0.8497596153846154 0.4831730769230769 0.015625 0.04326923076923077
0 0.8413461538461539 0.5228365384615384 0.02283653846153846 0.057692307692307696
0 0.8533653846153846 0.5228365384615384 0.021634615384615384 0.054086538461538464
0 0.875 0.5096153846153846 0.013221153846153846 0.027644230769230768
0 0.8870192307692307 0.5108173076923077 0.008413461538461538 0.025240384615384616
0 0.5540865384615384 0.5 0.009615384615384616 0.026442307692307692
0 0.5228365384615384 0.4987980769230769 0.006009615384615385 0.027644230769230768