0 0.5911086717892426 0.6661138750690989 0.020856201975850714 0.09618573797678276
0 0.9740669593852909 0.6984521835268104 0.0513172338090011 0.3156440022111664
0 0.6180021953896817 0.7048092868988391 0.15477497255762898 0.5892758430071863
0 0.8198408342480791 0.7061912658927584 0.06448957189901207 0.3123272526257601
0 0.31298024149286496 0.710889994472084 0.034302963776070255 0.11940298507462686
0 0.8968166849615807 0.7153123272526257 0.06695938529088913 0.29850746268656714
0 0.7317508232711306 0.7258153676064124 0.0491218441273326 0.17799889441680486
0 0.6963501646542262 0.7318960751796573 0.037596048298573 0.23327805417357655
0 0.7626234906695939 0.7360420121614152 0.03512623490669594 0.19402985074626866
0 0.8014544456641054 0.7631288004422333 0.06778265642151482 0.238253178551686
0 0.6878430296377607 0.771420674405749 0.03704720087815587 0.2249861802100608
0 0.05817782656421515 0.7761194029850746 0.06366630076838639 0.2310668877833057
0 0.43180570801317236 0.7763957987838584 0.056805708013172335 0.2017689331122167
0 0.19758507135016465 0.7775013819789939 0.04884742041712404 0.22940851299060255
0 0.3460482985729967 0.7816473189607518 0.05433589462129528 0.15920398009950248
0 0.010702524698133918 0.7860696517412935 0.021405049396267837 0.20011055831951355
0 0.22708562019758508 0.7932559425096739 0.06064763995609221 0.2045328911000553
0 0.14489571899012074 0.7971254836926479 0.075192096597146 0.19237147595356552
0 0.27730515916575194 0.814538419016031 0.059549945115257956 0.14870093974571585
0 0.7379253567508233 0.8269762299613046 0.06476399560922064 0.11276948590381426
0 0.8634742041712404 0.82808181315644 0.05790340285400659 0.3427307904919845
0 0.38378155872667397 0.8333333333333334 0.0469264544456641 0.09010503040353787
0 0.02565861690450055 0.8645660585959093 0.0513172338090011 0.2697622996130459
0 0.9279637760702525 0.8969043670536208 0.09577387486278814 0.205085682697623
0 0.3036498353457739 0.46379215035931454 0.2088364434687157 0.8114980652294085
0 0.5080954994511526 0.5403537866224434 0.20334796926454446 0.6616915422885572