0 0.11177884615384616 0.6826923076923077 0.22355769230769232 0.6346153846153846
0 0.12259615384615384 0.20432692307692307 0.1201923076923077 0.28846153846153844
0 0.18990384615384615 0.13581730769230768 0.08653846153846154 0.15144230769230768
0 0.23076923076923078 0.5697115384615384 0.23677884615384615 0.8605769230769231
0 0.3762019230769231 0.5180288461538461 0.23557692307692307 0.9627403846153846
0 0.5132211538461539 0.09495192307692307 0.07211538461538461 0.08173076923076923
0 0.5685096153846154 0.10817307692307693 0.05048076923076923 0.08052884615384616
0 0.6514423076923077 0.12620192307692307 0.04567307692307692 0.06490384615384616
0 0.6862980769230769 0.12620192307692307 0.05889423076923077 0.15625
0 0.7283653846153846 0.15384615384615385 0.06009615384615385 0.11057692307692307
0 0.5192307692307693 0.6213942307692307 0.16947115384615385 0.7572115384615384
0 0.7079326923076923 0.44591346153846156 0.23076923076923078 0.5024038461538461
0 0.6983173076923077 0.44591346153846156 0.2439903846153846 0.49399038461538464
0 0.7800480769230769 0.09134615384615384 0.06971153846153846 0.13942307692307693
0 0.7932692307692307 0.18389423076923078 0.15865384615384615 0.3317307692307692
0 0.8942307692307693 0.4110576923076923 0.21153846153846154 0.7427884615384616
0 0.9507211538461539 0.16466346153846154 0.056490384615384616 0.07932692307692307
0 0.671875 0.7824519230769231 0.4254807692307692 0.43509615384615385