0 0.0829326923076923 0.8677884615384616 0.1141826923076923 0.2644230769230769
0 0.013221153846153846 0.7055288461538461 0.02403846153846154 0.18629807692307693
0 0.04567307692307692 0.703125 0.052884615384615384 0.18509615384615385
0 0.07211538461538461 0.6021634615384616 0.027644230769230768 0.10697115384615384
0 0.10576923076923077 0.6057692307692307 0.018028846153846152 0.09375
0 0.10096153846153846 0.6009615384615384 0.02283653846153846 0.08774038461538461
0 0.125 0.5853365384615384 0.021634615384615384 0.042067307692307696
0 0.15144230769230768 0.6081730769230769 0.015625 0.09495192307692307
0 0.1466346153846154 0.5889423076923077 0.021634615384615384 0.07211538461538461
0 0.171875 0.5901442307692307 0.021634615384615384 0.10697115384615384
0 0.18870192307692307 0.5949519230769231 0.019230769230769232 0.08774038461538461
0 0.19471153846153846 0.5949519230769231 0.02283653846153846 0.09975961538461539
0 0.21153846153846154 0.5865384615384616 0.018028846153846152 0.09975961538461539
0 0.22235576923076922 0.5649038461538461 0.014423076923076924 0.04326923076923077
0 0.22355769230769232 0.6237980769230769 0.020432692307692308 0.109375
0 0.23798076923076922 0.5540865384615384 0.015625 0.03125
0 0.2403846153846154 0.6009615384615384 0.015625 0.08533653846153846
0 0.2536057692307692 0.5889423076923077 0.02283653846153846 0.08774038461538461
0 0.28725961538461536 0.5901442307692307 0.016826923076923076 0.0673076923076923
0 0.2776442307692308 0.5817307692307693 0.016826923076923076 0.04927884615384615
0 0.35096153846153844 0.5300480769230769 0.010817307692307692 0.04567307692307692
0 0.359375 0.5228365384615384 0.007211538461538462 0.039663461538461536
0 0.7451923076923077 0.5528846153846154 0.016826923076923076 0.07932692307692307
0 0.7620192307692307 0.5540865384615384 0.015625 0.078125
0 0.8040865384615384 0.5408653846153846 0.018028846153846152 0.07211538461538461
0 0.828125 0.5492788461538461 0.02283653846153846 0.078125
0 0.8473557692307693 0.5600961538461539 0.016826923076923076 0.06129807692307692
0 0.9375 0.5697115384615384 0.016826923076923076 0.08533653846153846
0 0.9483173076923077 0.5637019230769231 0.015625 0.08173076923076923
0 0.1201923076923077 0.6766826923076923 0.042067307692307696 0.13701923076923078