0 0.10817307692307693 0.6430288461538461 0.1346153846153846 0.29086538461538464
0 0.07211538461538461 0.5697115384615384 0.14423076923076922 0.21634615384615385
0 0.20072115384615385 0.7716346153846154 0.13942307692307693 0.45072115384615385
0 0.328125 0.7608173076923077 0.1310096153846154 0.47836538461538464
0 0.4170673076923077 0.6286057692307693 0.08413461538461539 0.18990384615384615
0 0.5132211538461539 0.6201923076923077 0.10096153846153846 0.18990384615384615
0 0.5925480769230769 0.7019230769230769 0.10576923076923077 0.40625
0 0.6694711538461539 0.5961538461538461 0.07572115384615384 0.15745192307692307
0 0.8004807692307693 0.5829326923076923 0.09735576923076923 0.15985576923076922
0 0.8870192307692307 0.5192307692307693 0.07451923076923077 0.08774038461538461
0 0.8112980769230769 0.5288461538461539 0.07451923076923077 0.16826923076923078
0 0.7247596153846154 0.5709134615384616 0.0625 0.20192307692307693
0 0.7572115384615384 0.5324519230769231 0.056490384615384616 0.15745192307692307
0 0.7536057692307693 0.4423076923076923 0.06850961538461539 0.1466346153846154
0 0.6935096153846154 0.43990384615384615 0.07451923076923077 0.1502403846153846
0 0.6706730769230769 0.5240384615384616 0.07211538461538461 0.14182692307692307
0 0.6454326923076923 0.484375 0.03245192307692308 0.07572115384615384
0 0.6009615384615384 0.5096153846153846 0.07932692307692307 0.1502403846153846
0 0.5432692307692307 0.5336538461538461 0.04927884615384615 0.1310096153846154
0 0.53125 0.46634615384615385 0.078125 0.12379807692307693
0 0.49759615384615385 0.5612980769230769 0.07692307692307693 0.20552884615384615
0 0.47475961538461536 0.4723557692307692 0.038461538461538464 0.09975961538461539
0 0.44471153846153844 0.5612980769230769 0.05889423076923077 0.18269230769230768
0 0.34615384615384615 0.5384615384615384 0.08413461538461539 0.14302884615384615
0 0.2620192307692308 0.5444711538461539 0.1045673076923077 0.22115384615384615
0 0.1778846153846154 0.5456730769230769 0.08653846153846154 0.1814903846153846
0 0.22596153846153846 0.47836538461538464 0.06129807692307692 0.1310096153846154
0 0.3245192307692308 0.5252403846153846 0.05889423076923077 0.15504807692307693
0 0.4014423076923077 0.49399038461538464 0.055288461538461536 0.12379807692307693