0 0.7908653846153846 0.7956730769230769 0.15144230769230768 0.40865384615384615
0 0.6875 0.7596153846153846 0.11538461538461539 0.4807692307692308
0 0.6177884615384616 0.6586538461538461 0.038461538461538464 0.1814903846153846
0 0.44471153846153844 0.7536057692307693 0.11538461538461539 0.4326923076923077
0 0.21033653846153846 0.6237980769230769 0.015625 0.040865384615384616
0 0.1935096153846154 0.6201923076923077 0.016826923076923076 0.039663461538461536
0 0.15504807692307693 0.6478365384615384 0.019230769230769232 0.08052884615384616
0 0.17548076923076922 0.6310096153846154 0.019230769230769232 0.04567307692307692
0 0.13221153846153846 0.6153846153846154 0.01201923076923077 0.03365384615384615
0 0.13701923076923078 0.6346153846153846 0.01201923076923077 0.06850961538461539
0 0.16346153846153846 0.6165865384615384 0.013221153846153846 0.036057692307692304
0 0.17427884615384615 0.625 0.013221153846153846 0.07211538461538461
0 0.234375 0.6394230769230769 0.018028846153846152 0.08413461538461539
0 0.23076923076923078 0.6021634615384616 0.010817307692307692 0.018028846153846152