0 0.5147890946502057 0.6466049382716049 0.34439300411522633 0.7060185185185185
0 0.8240740740740741 0.6168981481481481 0.15997942386831276 0.7654320987654321
0 0.6930298353909465 0.6251929012345679 0.19058641975308643 0.7488425925925926
0 0.7303240740740741 0.40162037037037035 0.06867283950617284 0.19675925925925927
0 0.31867283950617287 0.39872685185185186 0.08436213991769548 0.27662037037037035
0 0.3717849794238683 0.3861882716049383 0.08719135802469136 0.30709876543209874
0 0.43685699588477367 0.4224537037037037 0.06712962962962964 0.36728395061728397
0 0.47337962962962965 0.544945987654321 0.1000514403292181 0.4618055555555556
0 0.5799897119341564 0.3256172839506173 0.07664609053497942 0.2006172839506173
0 0.12795781893004116 0.5252700617283951 0.13297325102880658 0.4556327160493827
0 0.06970164609053497 0.6496913580246914 0.1183127572016461 0.6882716049382716
0 0.06327160493827161 0.6427469135802469 0.12654320987654322 0.7137345679012346
0 0.8401491769547325 0.5671296296296297 0.19830246913580246 0.6674382716049383