0 0.17908653846153846 0.6706730769230769 0.18990384615384615 0.6586538461538461
0 0.3798076923076923 0.6899038461538461 0.19471153846153846 0.6201923076923077
0 0.609375 0.7283653846153846 0.21394230769230768 0.5432692307692307
0 0.6298076923076923 0.4735576923076923 0.11899038461538461 0.2127403846153846
0 0.8449519230769231 0.7439903846153846 0.15384615384615385 0.5120192307692307
0 0.9338942307692307 0.6947115384615384 0.13221153846153846 0.6105769230769231
0 0.8004807692307693 0.5829326923076923 0.13221153846153846 0.5336538461538461
0 0.8930288461538461 0.3858173076923077 0.04927884615384615 0.19110576923076922
0 0.8521634615384616 0.3701923076923077 0.042067307692307696 0.16706730769230768
0 0.7355769230769231 0.3894230769230769 0.038461538461538464 0.18028846153846154
0 0.765625 0.36538461538461536 0.042067307692307696 0.14182692307692307
0 0.7992788461538461 0.30528846153846156 0.038461538461538464 0.04807692307692308
0 0.6790865384615384 0.3918269230769231 0.05048076923076923 0.16346153846153846
0 0.5697115384615384 0.43149038461538464 0.07091346153846154 0.26322115384615385
0 0.6322115384615384 0.35216346153846156 0.028846153846153848 0.09375
0 0.5 0.44350961538461536 0.07692307692307693 0.24639423076923078
0 0.4375 0.4519230769230769 0.06009615384615385 0.21995192307692307
0 0.3076923076923077 0.59375 0.0829326923076923 0.5300480769230769
0 0.45552884615384615 0.375 0.03365384615384615 0.15625