0 0.05889423076923077 0.4831730769230769 0.0889423076923077 0.30528846153846156
0 0.14783653846153846 0.5456730769230769 0.11899038461538461 0.44350961538461536
0 0.15504807692307693 0.36899038461538464 0.02283653846153846 0.04807692307692308
0 0.19230769230769232 0.38341346153846156 0.0673076923076923 0.1778846153846154
0 0.2127403846153846 0.3786057692307692 0.02283653846153846 0.15144230769230768
0 0.23076923076923078 0.3737980769230769 0.04447115384615385 0.13221153846153846
0 0.2704326923076923 0.6045673076923077 0.1466346153846154 0.5336538461538461
0 0.328125 0.49759615384615385 0.078125 0.33653846153846156
0 0.30528846153846156 0.4026442307692308 0.052884615384615384 0.10216346153846154
0 0.3954326923076923 0.35216346153846156 0.025240384615384616 0.0625
0 0.421875 0.47836538461538464 0.08653846153846154 0.2932692307692308
0 0.4495192307692308 0.44591346153846156 0.06009615384615385 0.2548076923076923
0 0.4855769230769231 0.3449519230769231 0.04807692307692308 0.09014423076923077
0 0.5588942307692307 0.4795673076923077 0.04807692307692308 0.28725961538461536
0 0.5180288461538461 0.5444711538461539 0.140625 0.46634615384615385
0 0.5769230769230769 0.3701923076923077 0.054086538461538464 0.14182692307692307
0 0.6478365384615384 0.45913461538461536 0.11177884615384616 0.38221153846153844
0 0.6454326923076923 0.5192307692307693 0.109375 0.3641826923076923
0 0.6875 0.3269230769230769 0.042067307692307696 0.06971153846153846
0 0.71875 0.4014423076923077 0.0673076923076923 0.15985576923076922
0 0.7704326923076923 0.3485576923076923 0.04447115384615385 0.14182692307692307
0 0.7355769230769231 0.5492788461538461 0.10817307692307693 0.38461538461538464
0 0.8377403846153846 0.6045673076923077 0.19471153846153846 0.5504807692307693
0 0.8353365384615384 0.4651442307692308 0.10697115384615384 0.23197115384615385
0 0.9771634615384616 0.45913461538461536 0.04567307692307692 0.30408653846153844