0 0.19831730769230768 0.4411057692307692 0.07211538461538461 0.08774038461538461
0 0.47115384615384615 0.4807692307692308 0.13701923076923078 0.3545673076923077
0 0.08052884615384616 0.515625 0.09375 0.22956730769230768
0 0.3317307692307692 0.5252403846153846 0.17548076923076922 0.2608173076923077
0 0.037259615384615384 0.5432692307692307 0.06129807692307692 0.2548076923076923
0 0.5865384615384616 0.5685096153846154 0.19471153846153846 0.33774038461538464
0 0.8221153846153846 0.5805288461538461 0.17548076923076922 0.390625
0 0.21394230769230768 0.6899038461538461 0.21153846153846154 0.6201923076923077
0 0.43028846153846156 0.7680288461538461 0.3641826923076923 0.45913461538461536
0 0.65625 0.7680288461538461 0.22355769230769232 0.46274038461538464
0 0.8545673076923077 0.7860576923076923 0.29086538461538464 0.42788461538461536
0 0.07932692307692307 0.8305288461538461 0.15745192307692307 0.3389423076923077