0 0.6105769230769231 0.36778846153846156 0.016826923076923076 0.0985576923076923
0 0.6370192307692307 0.3641826923076923 0.025240384615384616 0.12860576923076922
0 0.8197115384615384 0.4014423076923077 0.027644230769230768 0.1778846153846154
0 0.9795673076923077 0.5769230769230769 0.040865384615384616 0.3858173076923077
0 0.8894230769230769 0.5144230769230769 0.07692307692307693 0.28966346153846156
0 0.8774038461538461 0.4543269230769231 0.05889423076923077 0.19591346153846154
0 0.7271634615384616 0.6189903846153846 0.07211538461538461 0.4206730769230769
0 0.7307692307692307 0.4951923076923077 0.06370192307692307 0.32572115384615385
0 0.7067307692307693 0.4567307692307692 0.04326923076923077 0.25240384615384615
0 0.4831730769230769 0.44350961538461536 0.109375 0.38341346153846156
0 0.43509615384615385 0.5060096153846154 0.04807692307692308 0.2932692307692308
0 0.453125 0.3016826923076923 0.013221153846153846 0.04807692307692308
0 0.41586538461538464 0.3269230769230769 0.009615384615384616 0.07692307692307693
0 0.3894230769230769 0.3629807692307692 0.025240384615384616 0.09014423076923077
0 0.35096153846153844 0.35216346153846156 0.01201923076923077 0.027644230769230768
0 0.35336538461538464 0.33774038461538464 0.008413461538461538 0.020432692307692308
0 0.3401442307692308 0.3473557692307692 0.016826923076923076 0.10697115384615384
0 0.3317307692307692 0.3425480769230769 0.008413461538461538 0.030048076923076924
0 0.3076923076923077 0.4483173076923077 0.042067307692307696 0.24879807692307693
0 0.29447115384615385 0.33653846153846156 0.01201923076923077 0.07211538461538461
0 0.2824519230769231 0.34375 0.015625 0.09615384615384616
0 0.28725961538461536 0.29927884615384615 0.016826923076923076 0.056490384615384616
0 0.2439903846153846 0.3701923076923077 0.02283653846153846 0.1310096153846154
0 0.24759615384615385 0.3545673076923077 0.014423076923076924 0.11177884615384616
0 0.21394230769230768 0.35216346153846156 0.020432692307692308 0.14182692307692307
0 0.20192307692307693 0.33653846153846156 0.019230769230769232 0.14903846153846154
0 0.1875 0.34134615384615385 0.015625 0.11778846153846154
0 0.17668269230769232 0.34134615384615385 0.013221153846153846 0.0985576923076923
0 0.15985576923076922 0.3173076923076923 0.013221153846153846 0.025240384615384616
0 0.13942307692307693 0.31971153846153844 0.014423076923076924 0.020432692307692308
0 0.12379807692307693 0.31971153846153844 0.01201923076923077 0.021634615384615384
0 0.07692307692307693 0.34375 0.01201923076923077 0.07211538461538461
0 0.06610576923076923 0.34134615384615385 0.016826923076923076 0.1045673076923077
0 0.051682692307692304 0.3293269230769231 0.019230769230769232 0.046875
0 0.040865384615384616 0.3473557692307692 0.01201923076923077 0.06129807692307692
0 0.03125 0.3581730769230769 0.016826923076923076 0.12740384615384615
0 0.02283653846153846 0.31490384615384615 0.009615384615384616 0.055288461538461536
0 0.018028846153846152 0.35216346153846156 0.020432692307692308 0.11899038461538461
0 0.004807692307692308 0.34615384615384615 0.009615384615384616 0.07692307692307693
0 0.057692307692307696 0.5144230769230769 0.052884615384615384 0.33774038461538464