0 0.44160067873303166 0.44283892902677435 0.0025452488687782806 0.010199745006374841
0 0.5554298642533937 0.44305142371440714 0.002828054298642534 0.006374840628984276
0 0.5186651583710408 0.4509137271568211 0.002828054298642534 0.011899702507437314
0 0.5031108597285068 0.45325116872078197 0.003393665158371041 0.012324691882702932
0 0.4775169683257919 0.4538886527836804 0.003110859728506787 0.011899702507437314
0 0.4797794117647059 0.45452613684657883 0.003110859728506787 0.011474713132171696
0 0.5439762443438914 0.45495112622184447 0.003110859728506787 0.010624734381640459
0 0.45263009049773756 0.45537611559711005 0.0025452488687782806 0.011474713132171696
0 0.5019796380090498 0.4555886102847429 0.003393665158371041 0.011049723756906077
0 0.46464932126696834 0.45622609434764133 0.003393665158371041 0.012324691882702932
0 0.4581447963800905 0.4566510837229069 0.003393665158371041 0.012324691882702932
0 0.4623868778280543 0.45686357841053976 0.003959276018099547 0.011899702507437314
0 0.4384898190045249 0.4579260518487038 0.003676470588235294 0.012324691882702932
0 0.48600113122171945 0.47577560560985976 0.004242081447963801 0.009774755631109222
0 0.42774321266968324 0.5208244793880153 0.004242081447963801 0.008074798130046749
0 0.552460407239819 0.5225244368890778 0.003676470588235294 0.01317467063323417
0 0.4237839366515837 0.5265618359541011 0.003676470588235294 0.014449638759031025
0 0.5097567873303167 0.5269868253293668 0.0025452488687782806 0.008499787505312367
0 0.5114536199095022 0.5271993200169995 0.0025452488687782806 0.010624734381640459
0 0.46677036199095023 0.5280492987675308 0.003110859728506787 0.010624734381640459
0 0.47058823529411764 0.5286867828304292 0.004524886877828055 0.013599660008499787
0 0.4796380090497738 0.5286867828304292 0.005656108597285068 0.014449638759031025
0 0.491091628959276 0.5297492562685933 0.003110859728506787 0.012324691882702932
0 0.5305825791855204 0.5302124946876328 0.0025452488687782806 0.01317467063323417
0 0.49476809954751133 0.5303867403314917 0.004807692307692308 0.013599660008499787
0 0.4884049773755656 0.5305992350191245 0.004524886877828055 0.01572460688482788
0 0.5294117647058824 0.5305992350191245 0.002828054298642534 0.012324691882702932
0 0.4925056561085973 0.532299192520187 0.004807692307692308 0.014024649383765405
0 0.46620475113122173 0.5325116872078198 0.0025452488687782806 0.011899702507437314
0 0.4513574660633484 0.5329366765830854 0.005090497737556561 0.016149596260093498
0 0.4697398190045249 0.5329366765830854 0.005656108597285068 0.014449638759031025
0 0.41346153846153844 0.5505737356566086 0.003393665158371041 0.014024649383765405
0 0.43297511312217196 0.5809604759881003 0.005656108597285068 0.011899702507437314
0 0.7027714932126696 0.5849978750531236 0.003393665158371041 0.014024649383765405
0 0.34558823529411764 0.5945601359966001 0.002828054298642534 0.011899702507437314
0 0.34898190045248867 0.5964725881852954 0.003393665158371041 0.01572460688482788
0 0.702064479638009 0.6030599235019124 0.004807692307692308 0.016999575010624733
0 0.6976809954751131 0.604759881002975 0.003393665158371041 0.019549511262218443
0 0.2867647058823529 0.6060348491287718 0.004524886877828055 0.016999575010624733
0 0.33851809954751133 0.6132596685082873 0.003393665158371041 0.012749681257968552
0 0.2917138009049774 0.6138971525711857 0.003110859728506787 0.006374840628984276
0 0.2971012443438914 0.616081597960051 0.003959276018099547 0.00764980875478113
0 0.301329185520362 0.6200594985125372 0.003676470588235294 0.016999575010624733
0 0.3495475113122172 0.6240968975775606 0.005090497737556561 0.01827454313642159
0 0.3086821266968326 0.6253718657033575 0.004807692307692308 0.012324691882702932
0 0.31278280542986425 0.6260093497662559 0.003393665158371041 0.010199745006374841
0 0.7003676470588235 0.6336591585210369 0.004807692307692308 0.021249468763280918
0 0.3290441176470588 0.6351466213344666 0.003110859728506787 0.007224819379515512
0 0.32763009049773756 0.6355716107097322 0.0025452488687782806 0.006374840628984276
0 0.6952771493212669 0.6364215894602635 0.0053733031674208145 0.0208244793880153
0 0.6896210407239819 0.6406714832129197 0.004807692307692308 0.014874628134296642
0 0.2743212669683258 0.6583085422864429 0.003393665158371041 0.008499787505312367
0 0.26555429864253394 0.6606459838504037 0.003393665158371041 0.008074798130046749
0 0.2569287330316742 0.661495962600935 0.005938914027149321 0.017424564385890354
0 0.7492929864253394 0.6617084572885678 0.004807692307692308 0.020399490012749683
0 0.702064479638009 0.6621334466638334 0.0053733031674208145 0.014449638759031025
0 0.24985859728506787 0.6640458988525287 0.0053733031674208145 0.014024649383765405
0 0.27163461538461536 0.6653208669783255 0.004242081447963801 0.009774755631109222
0 0.7317590497737556 0.6665958351041223 0.005938914027149321 0.02252443688907777
0 0.24462669683257918 0.6665958351041223 0.004524886877828055 0.019124521886952826
0 0.7279411764705882 0.6678708032299192 0.005090497737556561 0.0208244793880153
0 0.7205882352941176 0.6702082447938802 0.005656108597285068 0.021249468763280918
0 0.7139423076923077 0.6706332341691458 0.0053733031674208145 0.017849553761155972
0 0.24929298642533937 0.6727581810454739 0.0053733031674208145 0.016999575010624733
0 0.2560803167420814 0.6757331066723332 0.0053733031674208145 0.018699532511687208
0 0.26781674208144796 0.675945601359966 0.005656108597285068 0.021674458138546536
0 0.7106900452488688 0.682745431364216 0.005656108597285068 0.0208244793880153
0 0.7170531674208145 0.6831704207394815 0.005938914027149321 0.021674458138546536
0 0.23020361990950225 0.6831704207394815 0.003959276018099547 0.008074798130046749
0 0.24250565610859728 0.68380790480238 0.004807692307692308 0.017849553761155972
0 0.2458993212669683 0.6844453888652784 0.004242081447963801 0.016574585635359115
0 0.24957579185520362 0.6867828304292393 0.006504524886877828 0.019549511262218443
0 0.4127545248868778 0.6889077773055674 0.005938914027149321 0.012749681257968552
0 0.7051753393665159 0.6895452613684658 0.0053733031674208145 0.0208244793880153
0 0.26498868778280543 0.6910327241818954 0.003959276018099547 0.016149596260093498
0 0.24165723981900453 0.6912452188695283 0.004807692307692308 0.01997450063748406
0 0.25919117647058826 0.6912452188695283 0.0053733031674208145 0.021674458138546536
0 0.26244343891402716 0.6914577135571611 0.004524886877828055 0.019549511262218443
0 0.23868778280542988 0.6923076923076923 0.004524886877828055 0.021249468763280918
0 0.23034502262443438 0.6929451763705907 0.004242081447963801 0.0208244793880153
0 0.753393665158371 0.698257543561411 0.005090497737556561 0.020399490012749683
0 0.23218325791855204 0.6986825329366766 0.004524886877828055 0.021249468763280918
0 0.24929298642533937 0.7029324266893328 0.0053733031674208145 0.009349766255843604
0 0.723274886877828 0.7035699107522312 0.006504524886877828 0.02337441563960901
0 0.25296945701357465 0.7039949001274968 0.004807692307692308 0.011474713132171696
0 0.2675339366515837 0.7050573735656609 0.006221719457013574 0.011049723756906077
0 0.23472850678733032 0.7067573310667233 0.005090497737556561 0.011049723756906077
0 0.705316742081448 0.7069698257543562 0.005656108597285068 0.024224394390140246
0 0.23812217194570134 0.7080322991925202 0.005090497737556561 0.009349766255843604
0 0.21804298642533937 0.7088822779430515 0.003959276018099547 0.009349766255843604
0 0.25721153846153844 0.7090947726306842 0.004807692307692308 0.01827454313642159
0 0.24872737556561086 0.7110072248193795 0.004807692307692308 0.014449638759031025
0 0.2627262443438914 0.7120696982575435 0.005656108597285068 0.0208244793880153
0 0.22822398190045248 0.7122821929451764 0.005656108597285068 0.020399490012749683
0 0.758908371040724 0.7139821504462388 0.0053733031674208145 0.020399490012749683
0 0.2515554298642534 0.7139821504462388 0.004807692307692308 0.014449638759031025
0 0.23826357466063347 0.7152571185720357 0.004807692307692308 0.012749681257968552
0 0.22680995475113122 0.7154696132596685 0.005656108597285068 0.016574585635359115
0 0.2690893665158371 0.7167445813854654 0.004242081447963801 0.0208244793880153
0 0.2154977375565611 0.717169570760731 0.005656108597285068 0.019124521886952826
0 0.2584841628959276 0.7178070548236294 0.005090497737556561 0.021249468763280918
0 0.23218325791855204 0.7180195495112622 0.005656108597285068 0.021674458138546536
0 0.24335407239819004 0.7180195495112622 0.005938914027149321 0.0208244793880153
0 0.26626131221719457 0.7182320441988951 0.007070135746606335 0.021249468763280918
0 0.22016402714932126 0.7192945176370591 0.004807692307692308 0.017424564385890354
0 0.7303450226244343 0.7197195070123247 0.005938914027149321 0.0208244793880153
0 0.7347285067873304 0.7203569910752231 0.006221719457013574 0.022949426264343393
0 0.7481617647058824 0.7231194220144497 0.007070135746606335 0.02337441563960901
0 0.7437782805429864 0.7239694007649808 0.005656108597285068 0.0208244793880153
0 0.7796945701357466 0.7239694007649808 0.005656108597285068 0.024224394390140246
0 0.2208710407239819 0.7239694007649808 0.005090497737556561 0.024224394390140246
0 0.25084841628959276 0.7288567785805354 0.006221719457013574 0.024649383765405864
0 0.21804298642533937 0.7292817679558011 0.005656108597285068 0.021249468763280918
0 0.22652714932126697 0.7292817679558011 0.005656108597285068 0.022099447513812154
0 0.25622171945701355 0.7297067573310667 0.005656108597285068 0.022099447513812154
0 0.2309106334841629 0.7311942201444964 0.0053733031674208145 0.019124521886952826
0 0.7126696832579186 0.7339566510837229 0.006787330316742082 0.02379940501487463
0 0.23868778280542988 0.7352316192095197 0.005656108597285068 0.022949426264343393
0 0.23430429864253394 0.736081597960051 0.005938914027149321 0.020399490012749683
0 0.7597567873303167 0.7365065873353166 0.005938914027149321 0.025499362515937103
0 0.7054581447963801 0.7373565660858479 0.006504524886877828 0.02379940501487463
0 0.7563631221719457 0.7384190395240119 0.0053733031674208145 0.024224394390140246
0 0.7652714932126696 0.7390565235869103 0.005656108597285068 0.02379940501487463
0 0.7683823529411765 0.7433064173395665 0.004524886877828055 0.022099447513812154
0 0.2135180995475113 0.7435189120271993 0.004524886877828055 0.009774755631109222
0 0.22794117647058823 0.7447938801529962 0.005656108597285068 0.01997450063748406
0 0.22384049773755657 0.7454313642158946 0.0053733031674208145 0.022949426264343393
0 0.251131221719457 0.7496812579685508 0.007918552036199095 0.018699532511687208
0 0.219881221719457 0.7503187420314492 0.004807692307692308 0.01827454313642159
0 0.23289027149321267 0.7503187420314492 0.003676470588235294 0.016574585635359115
0 0.23840497737556562 0.7505312367190821 0.005656108597285068 0.016149596260093498
0 0.24321266968325791 0.7520186995325117 0.005656108597285068 0.017424564385890354
0 0.21337669683257918 0.753931151721207 0.004242081447963801 0.016149596260093498
0 0.21266968325791855 0.7543561410964726 0.003393665158371041 0.012749681257968552
0 0.21069004524886878 0.7558436039099022 0.004524886877828055 0.012324691882702932
0 0.7258201357466063 0.757331066723332 0.005938914027149321 0.024649383765405864
0 0.23204185520361992 0.7586060348491288 0.006504524886877828 0.021249468763280918
0 0.20673076923076922 0.7596685082872928 0.005090497737556561 0.01997450063748406
0 0.7360011312217195 0.7613684657883553 0.007070135746606335 0.027624309392265192
0 0.21747737556561086 0.7624309392265194 0.006221719457013574 0.022949426264343393
0 0.24561651583710406 0.762855928601785 0.003110859728506787 0.013599660008499787
0 0.24349547511312217 0.7637059073523161 0.002828054298642534 0.010199745006374841
0 0.7077205882352942 0.7641308967275818 0.004807692307692308 0.014449638759031025
0 0.2113970588235294 0.7645558861028474 0.0053733031674208145 0.018699532511687208
0 0.23204185520361992 0.7664683382915427 0.0053733031674208145 0.02252443688907777
0 0.23755656108597284 0.7666808329791756 0.008484162895927601 0.024649383765405864
0 0.7519796380090498 0.7671058223544411 0.006221719457013574 0.022949426264343393
0 0.20715497737556562 0.7702932426689333 0.005938914027149321 0.025074373140671482
0 0.2668269230769231 0.7726306842328942 0.007635746606334841 0.019549511262218443
0 0.2409502262443439 0.7730556736081597 0.006221719457013574 0.024649383765405864
0 0.2006504524886878 0.7741181470463239 0.005938914027149321 0.02337441563960901
0 0.23317307692307693 0.7741181470463239 0.004807692307692308 0.02337441563960901
0 0.23331447963800905 0.7743306417339566 0.004524886877828055 0.022099447513812154
0 0.7464649321266968 0.7745431364215895 0.0053733031674208145 0.016574585635359115
0 0.24462669683257918 0.7756056098597535 0.005656108597285068 0.021249468763280918
0 0.7337386877828054 0.7881427964300892 0.0053733031674208145 0.026774330641733957
0 0.7409502262443439 0.7911177220569485 0.004524886877828055 0.025074373140671482
0 0.5972850678733032 0.7913302167445814 0.005090497737556561 0.014449638759031025
0 0.22949660633484162 0.7919677008074798 0.006504524886877828 0.024224394390140246
0 0.23430429864253394 0.7923926901827454 0.0053733031674208145 0.01997450063748406
0 0.2335972850678733 0.7983425414364641 0.007352941176470588 0.024224394390140246
0 0.2229920814479638 0.8013174670633234 0.007070135746606335 0.025074373140671482
0 0.14847285067873303 0.805142371440714 0.006787330316742082 0.0208244793880153
0 0.1801470588235294 0.8064173395665108 0.007352941176470588 0.019124521886952826
0 0.17392533936651583 0.8085422864428389 0.006787330316742082 0.02592435189120272
0 0.15031108597285067 0.8134296642583936 0.003676470588235294 0.017849553761155972
0 0.19980203619909503 0.8142796430089247 0.005938914027149321 0.02379940501487463
0 0.14875565610859728 0.8153421164470889 0.003959276018099547 0.014874628134296642
0 0.36425339366515835 0.81619209519762 0.005090497737556561 0.01997450063748406
0 0.2542420814479638 0.8210794730131746 0.006221719457013574 0.02634934126646834
0 0.36425339366515835 0.8219294517637059 0.008484162895927601 0.020399490012749683
0 0.3580316742081448 0.824054398640034 0.004524886877828055 0.024649383765405864
0 0.18156108597285067 0.8242668933276668 0.007352941176470588 0.02847428814279643
0 0.19852941176470587 0.8251168720781981 0.006787330316742082 0.02592435189120272
0 0.1768947963800905 0.8261793455163621 0.005938914027149321 0.022099447513812154
0 0.1944287330316742 0.8272418189545261 0.004807692307692308 0.02252443688907777
0 0.1901866515837104 0.8280917977050574 0.004807692307692308 0.01997450063748406
0 0.7396776018099548 0.8325541861453464 0.0053733031674208145 0.014449638759031025
0 0.22157805429864252 0.8340416489587761 0.005938914027149321 0.02592435189120272
0 0.2171945701357466 0.8342541436464088 0.006787330316742082 0.02634934126646834
0 0.7491515837104072 0.8344666383340417 0.005656108597285068 0.016574585635359115
0 0.7422228506787331 0.8387165320866978 0.0053733031674208145 0.02252443688907777
0 0.20192307692307693 0.8442413939651509 0.005656108597285068 0.026774330641733957
0 0.20263009049773756 0.8442413939651509 0.006504524886877828 0.024224394390140246
0 0.18820701357466063 0.8450913727156821 0.004807692307692308 0.0208244793880153
0 0.19244909502262444 0.8453038674033149 0.005938914027149321 0.02634934126646834
0 0.17675339366515838 0.8470038249043774 0.00904977375565611 0.02634934126646834
0 0.1976809954751131 0.8470038249043774 0.005090497737556561 0.016149596260093498
0 0.7393947963800905 0.8504037399065023 0.005938914027149321 0.02634934126646834
0 0.727658371040724 0.8512537186570336 0.005090497737556561 0.025499362515937103
0 0.1404128959276018 0.8589035274118147 0.004807692307692308 0.021249468763280918
0 0.2091346153846154 0.8601784955376116 0.008201357466063349 0.03144921376965576
0 0.14380656108597284 0.8606034849128772 0.007070135746606335 0.02889927751806205
0 0.19032805429864252 0.8695282617934552 0.006787330316742082 0.022949426264343393
0 0.1600678733031674 0.8725031874203145 0.005656108597285068 0.02634934126646834
0 0.1959841628959276 0.8725031874203145 0.005656108597285068 0.02634934126646834
0 0.18438914027149322 0.8733531661708457 0.007352941176470588 0.020399490012749683
0 0.1595022624434389 0.8754781130471738 0.005656108597285068 0.02804929876753081
0 0.1535633484162896 0.8763280917977051 0.007352941176470588 0.02804929876753081
0 0.1244343891402715 0.877603059923502 0.005090497737556561 0.012749681257968552
0 0.15398755656108598 0.877603059923502 0.004807692307692308 0.017849553761155972
0 0.732183257918552 0.8784530386740331 0.006221719457013574 0.025499362515937103
0 0.14013009049773756 0.878665533361666 0.007070135746606335 0.030174245643858903
0 0.13221153846153846 0.8795155121121971 0.006504524886877828 0.03102422439439014
0 0.1292420814479638 0.8824904377390566 0.005090497737556561 0.02847428814279643
0 0.19230769230769232 0.8912027199320017 0.00904977375565611 0.032299192520186995
0 0.12514140271493213 0.8929026774330642 0.005938914027149321 0.027199320016999574
0 0.2330316742081448 0.8963025924351892 0.011877828054298642 0.029749256268593285
0 0.16855203619909503 0.8965150871228219 0.006221719457013574 0.02847428814279643
0 0.15441176470588236 0.89864003399915 0.008484162895927601 0.026774330641733957
0 0.8122171945701357 0.8988525286867828 0.007352941176470588 0.025499362515937103
0 0.17010746606334842 0.9007649808754781 0.007070135746606335 0.027624309392265192
0 0.15427036199095023 0.9011899702507438 0.005938914027149321 0.024224394390140246
0 0.1875 0.9011899702507438 0.005656108597285068 0.025074373140671482
0 0.17760180995475114 0.9022524436889078 0.007918552036199095 0.027199320016999574
0 0.8184389140271493 0.9026774330641734 0.005090497737556561 0.02379940501487463
0 0.12203054298642534 0.9035274118147046 0.006504524886877828 0.025499362515937103
0 0.1510180995475113 0.9052273693157671 0.003959276018099547 0.019549511262218443
0 0.155118778280543 0.9077773055673608 0.004807692307692308 0.022949426264343393
0 0.8030260180995475 0.9090522736931577 0.005938914027149321 0.02889927751806205
0 0.7962386877828054 0.9111772205694858 0.0053733031674208145 0.029749256268593285
0 0.11255656108597285 0.9126646833829154 0.004524886877828055 0.0208244793880153
0 0.13108031674208145 0.9145771355716107 0.005938914027149321 0.02804929876753081
0 0.15483597285067874 0.9150021249468764 0.004807692307692308 0.022949426264343393
0 0.1811368778280543 0.9150021249468764 0.005938914027149321 0.027199320016999574
0 0.12089932126696833 0.9169145771355716 0.008201357466063349 0.03102422439439014
0 0.155118778280543 0.9190395240118997 0.0053733031674208145 0.021674458138546536
0 0.1790158371040724 0.9228644283892903 0.006787330316742082 0.024224394390140246
0 0.18523755656108598 0.9228644283892903 0.007918552036199095 0.027624309392265192
0 0.815893665158371 0.9247768805779856 0.008484162895927601 0.032299192520186995
0 0.12485859728506787 0.9258393540161496 0.005938914027149321 0.029324266893327667
0 0.16770361990950225 0.9258393540161496 0.008484162895927601 0.02847428814279643
0 0.15964366515837103 0.9271143221419464 0.007635746606334841 0.03187420314492138
0 0.22850678733031674 0.9347641308967276 0.008484162895927601 0.03187420314492138
0 0.2208710407239819 0.9366765830854229 0.007352941176470588 0.03059923501912452
0 0.2372737556561086 0.9466638334041649 0.007352941176470588 0.02592435189120272
0 0.19400452488687783 0.9479388015299618 0.007918552036199095 0.03357416064598385
0 0.7664027149321267 0.948788780280493 0.010180995475113122 0.02592435189120272
0 0.20955882352941177 0.9490012749681258 0.007918552036199095 0.03314917127071823
0 0.17717760180995476 0.9504887377815555 0.006504524886877828 0.017424564385890354
0 0.23034502262443438 0.9507012324691883 0.006504524886877828 0.02889927751806205
0 0.20107466063348417 0.952188695282618 0.006787330316742082 0.024224394390140246
0 0.18354072398190044 0.9530386740331491 0.007918552036199095 0.02847428814279643
0 0.19117647058823528 0.9617509562260943 0.005656108597285068 0.020399490012749683
0 0.2341628959276018 0.9647258818529537 0.008484162895927601 0.03484912877178071
0 0.1795814479638009 0.9691882702932426 0.006787330316742082 0.03272418189545261
0 0.17420814479638008 0.969825754356141 0.006221719457013574 0.02804929876753081
0 0.14479638009049775 0.9713132171695708 0.010180995475113122 0.030174245643858903
0 0.15455316742081449 0.9728006799830005 0.005938914027149321 0.032299192520186995
0 0.8520927601809954 0.9781130471738206 0.007918552036199095 0.034424139396515084
0 0.8464366515837104 0.9810879728006799 0.007918552036199095 0.030174245643858903
0 0.8824943438914027 0.9853378665533362 0.011029411764705883 0.02847428814279643
0 0.6440893665158371 0.9870378240543987 0.010463800904977375 0.025074373140671482
0 0.7854920814479638 0.988950276243094 0.007070135746606335 0.021249468763280918
0 0.7917138009049773 0.991075223119422 0.007070135746606335 0.016999575010624733
0 0.8088235294117647 0.991075223119422 0.006787330316742082 0.016999575010624733
0 0.42774321266968324 0.9921376965575861 0.003676470588235294 0.010624734381640459
0 0.08597285067873303 0.9961750956226094 0.005090497737556561 0.006799830004249894
0 0.4998585972850679 0.36485337866553336 0.0025452488687782806 0.008074798130046749
0 0.49476809954751133 0.3682532936676583 0.0025452488687782806 0.007224819379515512
0 0.48713235294117646 0.3801529961750956 0.0025452488687782806 0.008924776880577986
0 0.5082013574660633 0.38185295367615807 0.002828054298642534 0.007224819379515512
0 0.489960407239819 0.4096897577560561 0.003676470588235294 0.009349766255843604