0 0.30408653846153844 0.4639423076923077 0.2091346153846154 0.8112980769230769
0 0.5084134615384616 0.5408653846153846 0.203125 0.6622596153846154
0 0.6165865384615384 0.7043269230769231 0.15625 0.5913461538461539
0 0.9278846153846154 0.8966346153846154 0.09495192307692307 0.20552884615384615
0 0.9747596153846154 0.7055288461538461 0.04927884615384615 0.32572115384615385
0 0.8966346153846154 0.7151442307692307 0.0673076923076923 0.2980769230769231
0 0.8629807692307693 0.828125 0.057692307692307696 0.34375
0 0.8197115384615384 0.7067307692307693 0.06490384615384616 0.3125
0 0.8016826923076923 0.7632211538461539 0.0673076923076923 0.23798076923076922
0 0.7379807692307693 0.8269230769230769 0.06490384615384616 0.11298076923076923
0 0.7632211538461539 0.7355769230769231 0.03485576923076923 0.1935096153846154
0 0.7319711538461539 0.7259615384615384 0.04927884615384615 0.1778846153846154
0 0.6959134615384616 0.7319711538461539 0.037259615384615384 0.23317307692307693
0 0.6875 0.7716346153846154 0.037259615384615384 0.2247596153846154
0 0.5913461538461539 0.6658653846153846 0.020432692307692308 0.09615384615384616
0 0.5252403846153846 0.7956730769230769 0.0889423076923077 0.40865384615384615
0 0.390625 0.90625 0.04927884615384615 0.18629807692307693
0 0.38341346153846156 0.8329326923076923 0.046875 0.09014423076923077
0 0.34615384615384615 0.78125 0.054086538461538464 0.15865384615384615
0 0.3125 0.7103365384615384 0.03485576923076923 0.11899038461538461
0 0.2776442307692308 0.8149038461538461 0.06009615384615385 0.14903846153846154
0 0.22716346153846154 0.7932692307692307 0.06009615384615385 0.20432692307692307
0 0.1971153846153846 0.7776442307692307 0.04927884615384615 0.22956730769230768
0 0.14543269230769232 0.796875 0.07572115384615384 0.19230769230769232
0 0.025240384615384616 0.8641826923076923 0.05048076923076923 0.27163461538461536
0 0.057692307692307696 0.7764423076923077 0.06370192307692307 0.23076923076923078
0 0.010817307692307692 0.7860576923076923 0.021634615384615384 0.19951923076923078
0 0.43149038461538464 0.7764423076923077 0.056490384615384616 0.20192307692307693