0 0.7620192307692307 0.3269230769230769 0.07692307692307693 0.15264423076923078
0 0.8197115384615384 0.3317307692307692 0.06370192307692307 0.0625
0 0.42788461538461536 0.3762019230769231 0.07451923076923077 0.15504807692307693
0 0.5444711538461539 0.38221153846153844 0.0625 0.07451923076923077
0 0.6995192307692307 0.38341346153846156 0.10096153846153846 0.1201923076923077
0 0.3016826923076923 0.42908653846153844 0.06850961538461539 0.11057692307692307
0 0.7175480769230769 0.47836538461538464 0.0829326923076923 0.08774038461538461
0 0.5877403846153846 0.49278846153846156 0.07932692307692307 0.20793269230769232
0 0.49278846153846156 0.5036057692307693 0.12379807692307693 0.4375
0 0.11177884615384616 0.5432692307692307 0.11298076923076923 0.1875
0 0.1935096153846154 0.5492788461538461 0.0673076923076923 0.12980769230769232
0 0.8894230769230769 0.5625 0.15504807692307693 0.47475961538461536
0 0.2848557692307692 0.5769230769230769 0.125 0.3425480769230769
0 0.41225961538461536 0.6105769230769231 0.1466346153846154 0.4326923076923077
0 0.7992788461538461 0.6586538461538461 0.13221153846153846 0.3389423076923077
0 0.18629807692307693 0.6598557692307693 0.1310096153846154 0.21995192307692307
0 0.7067307692307693 0.6983173076923077 0.1201923076923077 0.31971153846153844
0 0.5264423076923077 0.7175480769230769 0.12860576923076922 0.2776442307692308
0 0.09375 0.7271634615384616 0.10576923076923077 0.25961538461538464
0 0.18269230769230768 0.7884615384615384 0.14423076923076922 0.22235576923076922
0 0.42788461538461536 0.8473557692307693 0.33653846153846156 0.30528846153846156
0 0.3918269230769231 0.8605769230769231 0.20793269230769232 0.2776442307692308
0 0.23197115384615385 0.8942307692307693 0.12379807692307693 0.21153846153846154
0 0.15264423076923078 0.90625 0.1502403846153846 0.1875