0 0.9903846153846154 0.7295673076923077 0.019230769230769232 0.06490384615384616
0 0.9651442307692307 0.7908653846153846 0.051682692307692304 0.20793269230769232
0 0.9375 0.7752403846153846 0.056490384615384616 0.16826923076923078
0 0.8653846153846154 0.7860576923076923 0.06971153846153846 0.20432692307692307
0 0.8689903846153846 0.7980769230769231 0.0733173076923077 0.20192307692307693
0 0.8317307692307693 0.7680288461538461 0.030048076923076924 0.11899038461538461
0 0.8233173076923077 0.7776442307692307 0.05048076923076923 0.16105769230769232
0 0.7596153846153846 0.7800480769230769 0.06971153846153846 0.19230769230769232
0 0.7463942307692307 0.7740384615384616 0.055288461538461536 0.17548076923076922
0 0.7055288461538461 0.7800480769230769 0.051682692307692304 0.1971153846153846
0 0.6237980769230769 0.7692307692307693 0.04567307692307692 0.16105769230769232
0 0.5697115384615384 0.7740384615384616 0.0625 0.17067307692307693
0 0.484375 0.7680288461538461 0.03125 0.1502403846153846
0 0.49038461538461536 0.7752403846153846 0.04807692307692308 0.1502403846153846
0 0.34375 0.7836538461538461 0.040865384615384616 0.15865384615384615
0 0.25961538461538464 0.7680288461538461 0.03125 0.1502403846153846
0 0.22596153846153846 0.7776442307692307 0.03485576923076923 0.12139423076923077
0 0.20552884615384615 0.7860576923076923 0.03245192307692308 0.10096153846153846
0 0.18389423076923078 0.7475961538461539 0.026442307692307692 0.051682692307692304
0 0.1778846153846154 0.7800480769230769 0.021634615384615384 0.09014423076923077
0 0.15504807692307693 0.7451923076923077 0.025240384615384616 0.046875
0 0.14903846153846154 0.7836538461538461 0.030048076923076924 0.09615384615384616
0 0.13822115384615385 0.7740384615384616 0.020432692307692308 0.08052884615384616
0 0.12139423076923077 0.7752403846153846 0.026442307692307692 0.078125
0 0.10096153846153846 0.7644230769230769 0.042067307692307696 0.12139423076923077
0 0.06129807692307692 0.7824519230769231 0.036057692307692304 0.0985576923076923
0 0.04567307692307692 0.7824519230769231 0.016826923076923076 0.09014423076923077
0 0.042067307692307696 0.7836538461538461 0.015625 0.09134615384615384
0 0.010817307692307692 0.7740384615384616 0.021634615384615384 0.0985576923076923