0 0.013221153846153846 0.7596153846153846 0.025240384615384616 0.11298076923076923
0 0.015625 0.6911057692307693 0.021634615384615384 0.039663461538461536
0 0.020432692307692308 0.7199519230769231 0.018028846153846152 0.04927884615384615
0 0.03125 0.8545673076923077 0.0625 0.25600961538461536
0 0.046875 0.7463942307692307 0.02403846153846154 0.10216346153846154
0 0.06009615384615385 0.75 0.027644230769230768 0.13341346153846154
0 0.08052884615384616 0.7836538461538461 0.02403846153846154 0.16466346153846154
0 0.09134615384615384 0.7836538461538461 0.026442307692307692 0.18269230769230768
0 0.0985576923076923 0.7980769230769231 0.038461538461538464 0.1875
0 0.12740384615384615 0.7608173076923077 0.019230769230769232 0.140625
0 0.13822115384615385 0.7319711538461539 0.018028846153846152 0.0733173076923077
0 0.14903846153846154 0.7908653846153846 0.040865384615384616 0.1778846153846154
0 0.17427884615384615 0.7752403846153846 0.025240384615384616 0.15144230769230768
0 0.18629807692307693 0.7932692307692307 0.028846153846153848 0.16706730769230768
0 0.203125 0.7632211538461539 0.027644230769230768 0.13581730769230768
0 0.22235576923076922 0.75 0.020432692307692308 0.07091346153846154
0 0.23557692307692307 0.7560096153846154 0.028846153846153848 0.12379807692307693
0 0.24879807692307693 0.7872596153846154 0.038461538461538464 0.12379807692307693
0 0.23918269230769232 0.890625 0.06971153846153846 0.21875
0 0.2644230769230769 0.7211538461538461 0.02283653846153846 0.1201923076923077
0 0.2800480769230769 0.7379807692307693 0.02403846153846154 0.0829326923076923
0 0.2800480769230769 0.6862980769230769 0.019230769230769232 0.05048076923076923
0 0.296875 0.6971153846153846 0.020432692307692308 0.055288461538461536
0 0.2932692307692308 0.8197115384615384 0.040865384615384616 0.23798076923076922
0 0.3112980769230769 0.7704326923076923 0.02403846153846154 0.13221153846153846
0 0.33774038461538464 0.8028846153846154 0.039663461538461536 0.20673076923076922
0 0.3329326923076923 0.6838942307692307 0.013221153846153846 0.038461538461538464
0 0.328125 0.6766826923076923 0.014423076923076924 0.06610576923076923
0 0.34375 0.6802884615384616 0.013221153846153846 0.05048076923076923
0 0.36177884615384615 0.8822115384615384 0.08173076923076923 0.234375
0 0.3557692307692308 0.875 0.038461538461538464 0.25
0 0.4362980769230769 0.90625 0.05048076923076923 0.1875
0 0.48677884615384615 0.9302884615384616 0.056490384615384616 0.13942307692307693
0 0.42427884615384615 0.828125 0.04927884615384615 0.16706730769230768
0 0.44711538461538464 0.7752403846153846 0.03365384615384615 0.10817307692307693
0 0.46634615384615385 0.8569711538461539 0.039663461538461536 0.18028846153846154
0 0.5024038461538461 0.9026442307692307 0.040865384615384616 0.19110576923076922
0 0.4807692307692308 0.7463942307692307 0.02283653846153846 0.13221153846153846
0 0.46033653846153844 0.7271634615384616 0.02403846153846154 0.08052884615384616
0 0.5024038461538461 0.7223557692307693 0.018028846153846152 0.09615384615384616
0 0.5228365384615384 0.7548076923076923 0.03365384615384615 0.13942307692307693
0 0.5420673076923077 0.7307692307692307 0.021634615384615384 0.109375
0 0.5552884615384616 0.7752403846153846 0.027644230769230768 0.16706730769230768
0 0.5661057692307693 0.8209134615384616 0.042067307692307696 0.19471153846153846
0 0.5745192307692307 0.8846153846153846 0.04807692307692308 0.23076923076923078
0 0.6009615384615384 0.9158653846153846 0.06490384615384616 0.16826923076923078
0 0.59375 0.7716346153846154 0.02403846153846154 0.13701923076923078
0 0.6069711538461539 0.7680288461538461 0.021634615384615384 0.140625
0 0.6298076923076923 0.8052884615384616 0.038461538461538464 0.125
0 0.6514423076923077 0.8966346153846154 0.07211538461538461 0.20673076923076922
0 0.6826923076923077 0.8569711538461539 0.054086538461538464 0.17067307692307693
0 0.7211538461538461 0.8641826923076923 0.046875 0.27163461538461536
0 0.6826923076923077 0.7716346153846154 0.036057692307692304 0.12139423076923077
0 0.6502403846153846 0.7247596153846154 0.018028846153846152 0.09735576923076923
0 0.6358173076923077 0.7211538461538461 0.020432692307692308 0.09615384615384616
0 0.625 0.7247596153846154 0.018028846153846152 0.09014423076923077
0 0.6117788461538461 0.71875 0.015625 0.0829326923076923
0 0.6670673076923077 0.7283653846153846 0.016826923076923076 0.1141826923076923
0 0.6766826923076923 0.7247596153846154 0.019230769230769232 0.08533653846153846
0 0.6935096153846154 0.6935096153846154 0.018028846153846152 0.055288461538461536
0 0.7307692307692307 0.7776442307692307 0.026442307692307692 0.16346153846153846
0 0.75 0.7716346153846154 0.02283653846153846 0.13341346153846154
0 0.7608173076923077 0.7127403846153846 0.015625 0.06129807692307692
0 0.7860576923076923 0.7752403846153846 0.026442307692307692 0.140625
0 0.7992788461538461 0.7836538461538461 0.025240384615384616 0.1622596153846154
0 0.8173076923076923 0.7692307692307693 0.02283653846153846 0.12740384615384615
0 0.8197115384615384 0.8064903846153846 0.04326923076923077 0.17908653846153846
0 0.8305288461538461 0.6983173076923077 0.021634615384615384 0.057692307692307696
0 0.8293269230769231 0.6790865384615384 0.016826923076923076 0.057692307692307696
0 0.8509615384615384 0.8798076923076923 0.07211538461538461 0.22235576923076922
0 0.875 0.8028846153846154 0.04567307692307692 0.19471153846153846
0 0.9002403846153846 0.7872596153846154 0.025240384615384616 0.10096153846153846
0 0.9014423076923077 0.7379807692307693 0.03485576923076923 0.078125
0 0.9170673076923077 0.7307692307692307 0.027644230769230768 0.09375
0 0.9375 0.7896634615384616 0.028846153846153848 0.16346153846153846
0 0.8497596153846154 0.7644230769230769 0.027644230769230768 0.14783653846153846
0 0.9194711538461539 0.8810096153846154 0.05048076923076923 0.23798076923076922
0 0.9783653846153846 0.8016826923076923 0.04326923076923077 0.21875
0 0.6165865384615384 0.5204326923076923 0.009615384615384616 0.038461538461538464
0 0.49158653846153844 0.7307692307692307 0.015625 0.0985576923076923
0 0.44591346153846156 0.6971153846153846 0.019230769230769232 0.0625
0 0.4338942307692308 0.7247596153846154 0.021634615384615384 0.0733173076923077
0 0.3112980769230769 0.6862980769230769 0.021634615384615384 0.039663461538461536
0 0.31009615384615385 0.7091346153846154 0.018028846153846152 0.04927884615384615
0 0.21394230769230768 0.7223557692307693 0.018028846153846152 0.0673076923076923
0 0.2283653846153846 0.7007211538461539 0.016826923076923076 0.038461538461538464
0 0.16105769230769232 0.7632211538461539 0.015625 0.15625
0 0.11538461538461539 0.765625 0.020432692307692308 0.140625
0 0.8834134615384616 0.7211538461538461 0.019230769230769232 0.057692307692307696