0 0.54638671875 0.17093373493975902 0.0283203125 0.10090361445783133
0 0.36572265625 0.18599397590361447 0.0283203125 0.061746987951807226
0 0.53662109375 0.2748493975903614 0.0322265625 0.058734939759036146
0 0.4267578125 0.3245481927710843 0.03125 0.13403614457831325
0 0.4892578125 0.33509036144578314 0.033203125 0.13102409638554216
0 0.43359375 0.3561746987951807 0.021484375 0.04969879518072289
0 0.52001953125 0.3667168674698795 0.0341796875 0.0858433734939759
0 0.41796875 0.3795180722891566 0.021484375 0.11746987951807229
0 0.7080078125 0.39081325301204817 0.03125 0.10090361445783133
0 0.29833984375 0.39759036144578314 0.0283203125 0.1144578313253012
0 0.326171875 0.401355421686747 0.02734375 0.025602409638554216
0 0.67626953125 0.41792168674698793 0.0263671875 0.09487951807228916
0 0.46240234375 0.42846385542168675 0.0341796875 0.10993975903614457
0 0.61865234375 0.04442771084337349 0.0322265625 0.08885542168674698
0 0.16845703125 0.45331325301204817 0.0380859375 0.09036144578313253
0 0.32958984375 0.4947289156626506 0.0205078125 0.061746987951807226
0 0.46923828125 0.5135542168674698 0.0419921875 0.10240963855421686
0 0.40380859375 0.516566265060241 0.0400390625 0.12048192771084337
0 0.2373046875 0.5323795180722891 0.0234375 0.07680722891566265
0 0.2568359375 0.5353915662650602 0.041015625 0.10692771084337349
0 0.35009765625 0.5534638554216867 0.0400390625 0.14006024096385541
0 0.37939453125 0.5632530120481928 0.0283203125 0.1355421686746988
0 0.17724609375 0.5843373493975904 0.0400390625 0.09939759036144578
0 0.41064453125 0.5881024096385542 0.0400390625 0.1430722891566265
0 0.43310546875 0.6137048192771084 0.0439453125 0.1430722891566265
0 0.11376953125 0.6807228915662651 0.0380859375 0.0783132530120482
0 0.1044921875 0.08132530120481928 0.03515625 0.08734939759036145
0 0.7744140625 0.08283132530120482 0.04296875 0.12048192771084337