0 0.6995192307692307 0.7584134615384616 0.3245192307692308 0.36177884615384615
0 0.5925480769230769 0.7367788461538461 0.18389423076923078 0.3137019230769231
0 0.37259615384615385 0.7752403846153846 0.3449519230769231 0.35216346153846156
0 0.21634615384615385 0.6153846153846154 0.16346153846153846 0.42908653846153844
0 0.3401442307692308 0.6009615384615384 0.140625 0.4362980769230769
0 0.4519230769230769 0.6105769230769231 0.12980769230769232 0.4375
0 0.5504807692307693 0.5769230769230769 0.1141826923076923 0.39302884615384615
0 0.6550480769230769 0.5949519230769231 0.12620192307692307 0.4495192307692308
0 0.7740384615384616 0.5480769230769231 0.140625 0.3293269230769231
0 0.6177884615384616 0.3233173076923077 0.15985576923076922 0.359375
0 0.5048076923076923 0.32572115384615385 0.125 0.328125
0 0.47475961538461536 0.3269230769230769 0.18389423076923078 0.33653846153846156
0 0.33774038461538464 0.32211538461538464 0.12620192307692307 0.3629807692307692
0 0.8269230769230769 0.3701923076923077 0.06490384615384616 0.21875
0 0.9723557692307693 0.22235576923076922 0.055288461538461536 0.171875
0 0.20673076923076922 0.24519230769230768 0.042067307692307696 0.13341346153846154
0 0.5504807692307693 0.234375 0.028846153846153848 0.07211538461538461
0 0.4807692307692308 0.19110576923076922 0.020432692307692308 0.05889423076923077
0 0.4567307692307692 0.2848557692307692 0.05889423076923077 0.2512019230769231
0 0.37740384615384615 0.1778846153846154 0.026442307692307692 0.057692307692307696
0 0.38822115384615385 0.21514423076923078 0.05048076923076923 0.0985576923076923
0 0.30288461538461536 0.23197115384615385 0.042067307692307696 0.10576923076923077
0 0.30408653846153844 0.22716346153846154 0.04927884615384615 0.1045673076923077
0 0.28365384615384615 0.21634615384615385 0.04927884615384615 0.15384615384615385
0 0.234375 0.24278846153846154 0.0625 0.13942307692307693
0 0.25 0.35336538461538464 0.07451923076923077 0.28846153846153844
0 0.14783653846153846 0.33533653846153844 0.051682692307692304 0.30408653846153844
0 0.06971153846153846 0.3545673076923077 0.13942307692307693 0.3701923076923077
0 0.054086538461538464 0.3473557692307692 0.06610576923076923 0.3605769230769231
0 0.6814903846153846 0.20673076923076922 0.055288461538461536 0.11177884615384616
0 0.6995192307692307 0.3329326923076923 0.06370192307692307 0.22115384615384615