0 0.109375 0.6057692307692307 0.19230769230769232 0.3389423076923077
0 0.3329326923076923 0.5985576923076923 0.1310096153846154 0.30408653846153844
0 0.41947115384615385 0.5444711538461539 0.10817307692307693 0.22115384615384615
0 0.5300480769230769 0.625 0.15745192307692307 0.3161057692307692
0 0.5721153846153846 0.5564903846153846 0.11778846153846154 0.23798076923076922
0 0.7475961538461539 0.5817307692307693 0.13581730769230768 0.23798076923076922
0 0.9302884615384616 0.5961538461538461 0.125 0.2860576923076923
0 0.9326923076923077 0.5745192307692307 0.1346153846153846 0.5480769230769231
0 0.859375 0.4735576923076923 0.040865384615384616 0.06971153846153846
0 0.8701923076923077 0.46274038461538464 0.021634615384615384 0.055288461538461536
0 0.7151442307692307 0.4675480769230769 0.04567307692307692 0.12740384615384615
0 0.6574519230769231 0.4699519230769231 0.040865384615384616 0.09014423076923077
0 0.5829326923076923 0.45552884615384615 0.04567307692307692 0.078125
0 0.40024038461538464 0.40625 0.04326923076923077 0.125
0 0.36899038461538464 0.41225961538461536 0.039663461538461536 0.11298076923076923
0 0.3329326923076923 0.41346153846153844 0.03485576923076923 0.09975961538461539
0 0.2800480769230769 0.40024038461538464 0.056490384615384616 0.12139423076923077
0 0.030048076923076924 0.3858173076923077 0.040865384615384616 0.10576923076923077
0 0.009615384615384616 0.23677884615384615 0.019230769230769232 0.06009615384615385