0 0.7055288461538461 0.7475961538461539 0.13942307692307693 0.46875
0 0.9158653846153846 0.7668269230769231 0.16826923076923078 0.46634615384615385
0 0.8605769230769231 0.7536057692307693 0.13341346153846154 0.49278846153846156
0 0.39663461538461536 0.5588942307692307 0.006009615384615385 0.039663461538461536
0 0.3858173076923077 0.5600961538461539 0.007211538461538462 0.038461538461538464
0 0.36778846153846156 0.5588942307692307 0.006009615384615385 0.040865384615384616
0 0.3737980769230769 0.5516826923076923 0.006009615384615385 0.027644230769230768
0 0.3641826923076923 0.5564903846153846 0.007211538461538462 0.039663461538461536
0 0.34134615384615385 0.5600961538461539 0.007211538461538462 0.038461538461538464
0 0.3449519230769231 0.5649038461538461 0.007211538461538462 0.04447115384615385
0 0.3329326923076923 0.5673076923076923 0.009615384615384616 0.04447115384615385
0 0.32572115384615385 0.5661057692307693 0.009615384615384616 0.046875
0 0.2860576923076923 0.5612980769230769 0.008413461538461538 0.05048076923076923
0 0.2800480769230769 0.5661057692307693 0.010817307692307692 0.051682692307692304
0 0.24158653846153846 0.5612980769230769 0.009615384615384616 0.05048076923076923
0 0.15384615384615385 0.5673076923076923 0.015625 0.06009615384615385
0 0.14783653846153846 0.5480769230769231 0.01201923076923077 0.02403846153846154
0 0.19110576923076922 0.5661057692307693 0.009615384615384616 0.056490384615384616
0 0.21033653846153846 0.5564903846153846 0.007211538461538462 0.038461538461538464
0 0.22956730769230768 0.5685096153846154 0.010817307692307692 0.05889423076923077
0 0.20552884615384615 0.5612980769230769 0.006009615384615385 0.04807692307692308
0 0.25600961538461536 0.5552884615384616 0.007211538461538462 0.038461538461538464