0 0.7596153846153846 0.7055288461538461 0.25721153846153844 0.5877403846153846
0 0.8737980769230769 0.45072115384615385 0.15504807692307693 0.2548076923076923
0 0.7884615384615384 0.4014423076923077 0.08173076923076923 0.17067307692307693
0 0.7175480769230769 0.49399038461538464 0.19110576923076922 0.328125
0 0.3894230769230769 0.6995192307692307 0.3942307692307692 0.6009615384615384
0 0.4074519230769231 0.5204326923076923 0.12139423076923077 0.28125
0 0.6370192307692307 0.43149038461538464 0.12620192307692307 0.24639423076923078
0 0.5889423076923077 0.42427884615384615 0.09735576923076923 0.2247596153846154
0 0.5432692307692307 0.3425480769230769 0.1045673076923077 0.3112980769230769
0 0.6225961538461539 0.2956730769230769 0.0829326923076923 0.18269230769230768
0 0.36778846153846156 0.4387019230769231 0.14903846153846154 0.5600961538461539
0 0.4423076923076923 0.30528846153846156 0.09375 0.23197115384615385
0 0.47836538461538464 0.32572115384615385 0.0625 0.22956730769230768
0 0.27524038461538464 0.43509615384615385 0.11778846153846154 0.5480769230769231
0 0.19471153846153846 0.44471153846153844 0.0985576923076923 0.5108173076923077
0 0.13701923076923078 0.42788461538461536 0.06370192307692307 0.41947115384615385