0 0.484375 0.16826923076923078 0.08173076923076923 0.24519230769230768
0 0.3581730769230769 0.1778846153846154 0.0829326923076923 0.16105769230769232
0 0.9266826923076923 0.2127403846153846 0.056490384615384616 0.4254807692307692
0 0.7043269230769231 0.2283653846153846 0.09014423076923077 0.2608173076923077
0 0.15745192307692307 0.3605769230769231 0.12980769230769232 0.4326923076923077
0 0.8377403846153846 0.3629807692307692 0.08173076923076923 0.3605769230769231
0 0.5793269230769231 0.4182692307692308 0.12980769230769232 0.4951923076923077
0 0.2644230769230769 0.4338942307692308 0.12980769230769232 0.5324519230769231
0 0.3918269230769231 0.45072115384615385 0.12620192307692307 0.4795673076923077
0 0.47596153846153844 0.4639423076923077 0.09014423076923077 0.4338942307692308
0 0.06850961538461539 0.48677884615384615 0.1346153846153846 0.4182692307692308
0 0.6454326923076923 0.49399038461538464 0.10096153846153846 0.49399038461538464
0 0.7668269230769231 0.5216346153846154 0.07451923076923077 0.4230769230769231
0 0.9266826923076923 0.5805288461538461 0.1466346153846154 0.3485576923076923
0 0.6502403846153846 0.06009615384615385 0.05889423076923077 0.10576923076923077
0 0.8617788461538461 0.09014423076923077 0.03125 0.17668269230769232
0 0.3762019230769231 0.09254807692307693 0.08774038461538461 0.18269230769230768
0 0.7451923076923077 0.09495192307692307 0.0829326923076923 0.18870192307692307
0 0.8028846153846154 0.10216346153846154 0.056490384615384616 0.20432692307692307
0 0.5552884615384616 0.10576923076923077 0.07451923076923077 0.21153846153846154