0 0.5324519230769231 0.8197115384615384 0.10216346153846154 0.13221153846153846
0 0.11057692307692307 0.8629807692307693 0.22115384615384615 0.27403846153846156
0 0.7740384615384616 0.8954326923076923 0.17307692307692307 0.2091346153846154
0 0.8401442307692307 0.9122596153846154 0.0889423076923077 0.17548076923076922
0 0.9230769230769231 0.8653846153846154 0.13942307692307693 0.2692307692307692
0 0.9579326923076923 0.7704326923076923 0.078125 0.28966346153846156
0 0.2247596153846154 0.90625 0.12860576923076922 0.1875
0 0.33533653846153844 0.8677884615384616 0.13822115384615385 0.2644230769230769
0 0.20072115384615385 0.8353365384615384 0.10697115384615384 0.2439903846153846
0 0.26802884615384615 0.8076923076923077 0.09134615384615384 0.27283653846153844
0 0.4266826923076923 0.8233173076923077 0.11778846153846154 0.29447115384615385
0 0.5637019230769231 0.7776442307692307 0.09735576923076923 0.2608173076923077
0 0.6694711538461539 0.8341346153846154 0.11538461538461539 0.3245192307692308
0 0.7728365384615384 0.8149038461538461 0.07692307692307693 0.21875
0 0.8557692307692307 0.8112980769230769 0.09975961538461539 0.28725961538461536
0 0.8088942307692307 0.7487980769230769 0.04807692307692308 0.11899038461538461
0 0.9014423076923077 0.6670673076923077 0.07572115384615384 0.13221153846153846
0 0.8617788461538461 0.6598557692307693 0.10336538461538461 0.19951923076923078
0 0.765625 0.6454326923076923 0.0889423076923077 0.1658653846153846
0 0.6826923076923077 0.7055288461538461 0.0889423076923077 0.17307692307692307
0 0.6802884615384616 0.7163461538461539 0.11298076923076923 0.2824519230769231
0 0.25721153846153844 0.703125 0.09615384615384616 0.15985576923076922
0 0.33052884615384615 0.7139423076923077 0.1045673076923077 0.25600961538461536
0 0.3545673076923077 0.6442307692307693 0.042067307692307696 0.08774038461538461
0 0.4050480769230769 0.6947115384615384 0.09134615384615384 0.20072115384615385
0 0.47115384615384615 0.6947115384615384 0.07572115384615384 0.2824519230769231
0 0.43149038461538464 0.6430288461538461 0.04567307692307692 0.18269230769230768
0 0.5564903846153846 0.6298076923076923 0.09615384615384616 0.20793269230769232
0 0.5252403846153846 0.6370192307692307 0.054086538461538464 0.22235576923076922
0 0.640625 0.6298076923076923 0.06971153846153846 0.21033653846153846
0 0.7680288461538461 0.5817307692307693 0.06971153846153846 0.1141826923076923
0 0.8052884615384616 0.5985576923076923 0.020432692307692308 0.13221153846153846
0 0.7920673076923077 0.5913461538461539 0.026442307692307692 0.09375
0 0.71875 0.5913461538461539 0.057692307692307696 0.17908653846153846
0 0.7487980769230769 0.5504807692307693 0.026442307692307692 0.06971153846153846
0 0.7596153846153846 0.5120192307692307 0.021634615384615384 0.036057692307692304
0 0.6911057692307693 0.5372596153846154 0.04927884615384615 0.11658653846153846
0 0.6310096153846154 0.6622596153846154 0.03365384615384615 0.27283653846153844
0 0.5913461538461539 0.5697115384615384 0.036057692307692304 0.07572115384615384
0 0.5 0.6322115384615384 0.055288461538461536 0.27524038461538464
0 0.42427884615384615 0.5384615384615384 0.02283653846153846 0.038461538461538464
0 0.3954326923076923 0.5444711538461539 0.03245192307692308 0.11298076923076923