0 0.3389423076923077 0.2127403846153846 0.010817307692307692 0.02283653846153846
0 0.36538461538461536 0.2127403846153846 0.013221153846153846 0.030048076923076924
0 0.3329326923076923 0.22956730769230768 0.013221153846153846 0.04567307692307692
0 0.37259615384615385 0.2512019230769231 0.014423076923076924 0.05048076923076923
0 0.38221153846153844 0.2608173076923077 0.016826923076923076 0.057692307692307696
0 0.32211538461538464 0.2608173076923077 0.014423076923076924 0.052884615384615384
0 0.4026442307692308 0.265625 0.020432692307692308 0.0673076923076923
0 0.38461538461538464 0.2668269230769231 0.025240384615384616 0.07091346153846154
0 0.41947115384615385 0.2764423076923077 0.019230769230769232 0.037259615384615384
0 0.32572115384615385 0.2824519230769231 0.020432692307692308 0.06610576923076923
0 0.3161057692307692 0.2860576923076923 0.020432692307692308 0.026442307692307692
0 0.4026442307692308 0.28966346153846156 0.019230769230769232 0.07091346153846154
0 0.36658653846153844 0.3076923076923077 0.020432692307692308 0.07932692307692307
0 0.38341346153846156 0.31009615384615385 0.025240384615384616 0.040865384615384616
0 0.3473557692307692 0.3125 0.030048076923076924 0.09375
0 0.42908653846153844 0.3173076923076923 0.02403846153846154 0.04927884615384615
0 0.39903846153846156 0.32091346153846156 0.021634615384615384 0.040865384615384616
0 0.42788461538461536 0.3293269230769231 0.013221153846153846 0.02403846153846154
0 0.35336538461538464 0.33774038461538464 0.025240384615384616 0.08413461538461539
0 0.3786057692307692 0.3389423076923077 0.021634615384615384 0.036057692307692304
0 0.41225961538461536 0.3425480769230769 0.01201923076923077 0.02403846153846154
0 0.44350961538461536 0.3473557692307692 0.02403846153846154 0.04567307692307692
0 0.3954326923076923 0.3545673076923077 0.025240384615384616 0.06610576923076923
0 0.31850961538461536 0.375 0.037259615384615384 0.06971153846153846
0 0.2608173076923077 0.3762019230769231 0.021634615384615384 0.04927884615384615
0 0.4519230769230769 0.38221153846153844 0.019230769230769232 0.05048076923076923
0 0.296875 0.38341346153846156 0.036057692307692304 0.09375
0 0.4411057692307692 0.38461538461538464 0.02283653846153846 0.06610576923076923
0 0.37740384615384615 0.390625 0.03365384615384615 0.057692307692307696
0 0.4266826923076923 0.3954326923076923 0.030048076923076924 0.06610576923076923
0 0.3954326923076923 0.4026442307692308 0.026442307692307692 0.04326923076923077
0 0.41586538461538464 0.4026442307692308 0.021634615384615384 0.039663461538461536
0 0.45913461538461536 0.4098557692307692 0.019230769230769232 0.04567307692307692
0 0.3473557692307692 0.41346153846153844 0.038461538461538464 0.13581730769230768
0 0.4735576923076923 0.41346153846153844 0.014423076923076924 0.030048076923076924
0 0.4230769230769231 0.41466346153846156 0.027644230769230768 0.04326923076923077
0 0.4483173076923077 0.4170673076923077 0.025240384615384616 0.037259615384615384
0 0.2932692307692308 0.41947115384615385 0.019230769230769232 0.040865384615384616
0 0.21634615384615385 0.4375 0.03245192307692308 0.07932692307692307
0 0.49399038461538464 0.44591346153846156 0.040865384615384616 0.06610576923076923
0 0.41586538461538464 0.45552884615384615 0.027644230769230768 0.06971153846153846
0 0.375 0.45913461538461536 0.03245192307692308 0.0829326923076923
0 0.2620192307692308 0.4675480769230769 0.028846153846153848 0.06971153846153846
0 0.4014423076923077 0.4675480769230769 0.036057692307692304 0.06971153846153846
0 0.3425480769230769 0.47716346153846156 0.042067307692307696 0.1466346153846154
0 0.47596153846153844 0.4807692307692308 0.028846153846153848 0.07091346153846154
0 0.49278846153846156 0.4807692307692308 0.026442307692307692 0.0673076923076923
0 0.30288461538461536 0.49038461538461536 0.038461538461538464 0.11658653846153846
0 0.46153846153846156 0.49038461538461536 0.052884615384615384 0.0829326923076923
0 0.5024038461538461 0.49158653846153844 0.03485576923076923 0.06971153846153846
0 0.3954326923076923 0.4963942307692308 0.014423076923076924 0.056490384615384616
0 0.3762019230769231 0.5108173076923077 0.039663461538461536 0.09375
0 0.41586538461538464 0.5240384615384616 0.028846153846153848 0.06610576923076923
0 0.4411057692307692 0.5300480769230769 0.042067307692307696 0.06009615384615385
0 0.49038461538461536 0.5336538461538461 0.03365384615384615 0.07091346153846154
0 0.33413461538461536 0.5348557692307693 0.038461538461538464 0.18629807692307693
0 0.5060096153846154 0.5492788461538461 0.04326923076923077 0.04927884615384615
0 0.39663461538461536 0.5516826923076923 0.03485576923076923 0.07692307692307693
0 0.47115384615384615 0.5564903846153846 0.03125 0.0829326923076923
0 0.25240384615384615 0.5576923076923077 0.054086538461538464 0.17908653846153846
0 0.4387019230769231 0.5685096153846154 0.030048076923076924 0.07692307692307693
0 0.36658653846153844 0.5793269230769231 0.038461538461538464 0.06009615384615385
0 0.45552884615384615 0.5805288461538461 0.026442307692307692 0.052884615384615384
0 0.5456730769230769 0.5853365384615384 0.030048076923076924 0.057692307692307696
0 0.28725961538461536 0.5889423076923077 0.055288461538461536 0.17908653846153846
0 0.47836538461538464 0.5973557692307693 0.03485576923076923 0.07932692307692307
0 0.421875 0.6189903846153846 0.056490384615384616 0.13581730769230768
0 0.5925480769230769 0.6670673076923077 0.04447115384615385 0.109375
0 0.06610576923076923 0.6682692307692307 0.0625 0.140625
0 0.5504807692307693 0.6778846153846154 0.0625 0.1141826923076923
0 0.43509615384615385 0.6947115384615384 0.04807692307692308 0.10336538461538461
0 0.1502403846153846 0.7127403846153846 0.08533653846153846 0.2860576923076923
0 0.35336538461538464 0.7139423076923077 0.055288461538461536 0.12259615384615384
0 0.47716346153846156 0.7307692307692307 0.0829326923076923 0.16346153846153846
0 0.5396634615384616 0.7764423076923077 0.0625 0.19951923076923078
0 0.24158653846153846 0.7956730769230769 0.09495192307692307 0.30408653846153844
0 0.47596153846153844 0.8173076923076923 0.06850961538461539 0.15745192307692307
0 0.28966346153846156 0.8197115384615384 0.0625 0.3125
0 0.4050480769230769 0.8221153846153846 0.0733173076923077 0.24278846153846154
0 0.47836538461538464 0.9170673076923077 0.06971153846153846 0.16105769230769232
0 0.6706730769230769 0.9387019230769231 0.07692307692307693 0.11899038461538461