0 0.23798076923076922 0.6394230769230769 0.24519230769230768 0.7199519230769231
0 0.33052884615384615 0.6502403846153846 0.37740384615384615 0.6995192307692307
0 0.5564903846153846 0.5024038461538461 0.1502403846153846 0.9795673076923077
0 0.7043269230769231 0.4987980769230769 0.17668269230769232 0.9975961538461539
0 0.9447115384615384 0.7271634615384616 0.11057692307692307 0.5456730769230769
0 0.8713942307692307 0.6322115384615384 0.17427884615384615 0.6322115384615384
0 0.8221153846153846 0.5612980769230769 0.18269230769230768 0.8774038461538461
0 0.9663461538461539 0.18028846153846154 0.0673076923076923 0.3605769230769231
0 0.038461538461538464 0.8918269230769231 0.07692307692307693 0.21634615384615385
0 0.08052884615384616 0.8449519230769231 0.09134615384615384 0.31009615384615385
0 0.18028846153846154 0.5588942307692307 0.0733173076923077 0.12620192307692307
0 0.0829326923076923 0.38341346153846156 0.0733173076923077 0.6141826923076923
0 0.051682692307692304 0.2824519230769231 0.07211538461538461 0.23197115384615385
0 0.021634615384615384 0.453125 0.04326923076923077 0.49759615384615385