0 0.10576923076923077 0.9338942307692307 0.015625 0.051682692307692304
0 0.13942307692307693 0.9194711538461539 0.013221153846153846 0.020432692307692308
0 0.15504807692307693 0.9254807692307693 0.018028846153846152 0.03245192307692308
0 0.17307692307692307 0.9170673076923077 0.013221153846153846 0.021634615384615384
0 0.19951923076923078 0.9242788461538461 0.013221153846153846 0.04807692307692308
0 0.21033653846153846 0.9278846153846154 0.01201923076923077 0.04567307692307692
0 0.23557692307692307 0.9375 0.01201923076923077 0.052884615384615384
0 0.24759615384615385 0.9375 0.02283653846153846 0.06129807692307692
0 0.2668269230769231 0.9387019230769231 0.013221153846153846 0.052884615384615384
0 0.27403846153846156 0.9387019230769231 0.009615384615384616 0.04927884615384615
0 0.28846153846153844 0.9399038461538461 0.01201923076923077 0.056490384615384616
0 0.28966346153846156 0.9411057692307693 0.01201923076923077 0.051682692307692304
0 0.29927884615384615 0.9338942307692307 0.01201923076923077 0.052884615384615384
0 0.3137019230769231 0.9411057692307693 0.013221153846153846 0.054086538461538464
0 0.32572115384615385 0.9399038461538461 0.01201923076923077 0.046875
0 0.3425480769230769 0.9435096153846154 0.013221153846153846 0.056490384615384616
0 0.36778846153846156 0.9411057692307693 0.016826923076923076 0.046875
0 0.37259615384615385 0.9362980769230769 0.008413461538461538 0.04326923076923077
0 0.40865384615384615 0.9230769230769231 0.007211538461538462 0.013221153846153846
0 0.4182692307692308 0.9278846153846154 0.007211538461538462 0.026442307692307692
0 0.4170673076923077 0.9230769230769231 0.007211538461538462 0.014423076923076924
0 0.49399038461538464 0.9399038461538461 0.009615384615384616 0.020432692307692308
0 0.5264423076923077 0.9338942307692307 0.010817307692307692 0.038461538461538464
0 0.6081730769230769 0.9338942307692307 0.01201923076923077 0.038461538461538464
0 0.78125 0.9435096153846154 0.03125 0.06850961538461539
0 0.8581730769230769 0.9411057692307693 0.010817307692307692 0.055288461538461536
0 0.8269230769230769 0.9411057692307693 0.01201923076923077 0.054086538461538464
0 0.9927884615384616 0.9483173076923077 0.01201923076923077 0.06009615384615385
0 0.9819711538461539 0.9375 0.013221153846153846 0.055288461538461536
0 0.8870192307692307 0.9302884615384616 0.01201923076923077 0.042067307692307696
0 0.8389423076923077 0.9350961538461539 0.014423076923076924 0.051682692307692304
0 0.8701923076923077 0.9411057692307693 0.013221153846153846 0.055288461538461536
0 0.7956730769230769 0.9399038461538461 0.014423076923076924 0.04807692307692308
0 0.5925480769230769 0.9326923076923077 0.010817307692307692 0.03125