0 0.6706730769230769 0.6454326923076923 0.2283653846153846 0.6766826923076923
0 0.5 0.6418269230769231 0.15625 0.6634615384615384
0 0.38822115384615385 0.6706730769230769 0.14783653846153846 0.6298076923076923
0 0.23918269230769232 0.6466346153846154 0.1971153846153846 0.6971153846153846
0 0.30288461538461536 0.30408653846153844 0.13341346153846154 0.38341346153846156
0 0.4050480769230769 0.2608173076923077 0.125 0.40865384615384615
0 0.5204326923076923 0.23798076923076922 0.1502403846153846 0.4326923076923077
0 0.6875 0.2620192307692308 0.23076923076923078 0.4266826923076923
0 0.7391826923076923 0.5048076923076923 0.14302884615384615 0.8605769230769231
0 0.8233173076923077 0.49038461538461536 0.036057692307692304 0.11899038461538461
0 0.7992788461538461 0.5060096153846154 0.014423076923076924 0.039663461538461536
0 0.8161057692307693 0.5144230769230769 0.020432692307692308 0.03365384615384615
0 0.8689903846153846 0.4855769230769231 0.056490384615384616 0.2439903846153846
0 0.9170673076923077 0.4855769230769231 0.046875 0.20432692307692307
0 0.9759615384615384 0.5060096153846154 0.04807692307692308 0.20072115384615385
0 0.9615384615384616 0.4795673076923077 0.030048076923076924 0.1875
0 0.018028846153846152 0.4963942307692308 0.026442307692307692 0.07091346153846154
0 0.08774038461538461 0.5168269230769231 0.0673076923076923 0.026442307692307692
0 0.08774038461538461 0.49759615384615385 0.03485576923076923 0.06850961538461539