0 0.06370192307692307 0.7367788461538461 0.12740384615384615 0.31971153846153844
0 0.03365384615384615 0.6069711538461539 0.027644230769230768 0.07451923076923077
0 0.06850961538461539 0.7043269230769231 0.10096153846153846 0.2668269230769231
0 0.09495192307692307 0.6177884615384616 0.014423076923076924 0.08774038461538461
0 0.1346153846153846 0.6117788461538461 0.025240384615384616 0.0733173076923077
0 0.14543269230769232 0.6766826923076923 0.06610576923076923 0.19951923076923078
0 0.171875 0.7728365384615384 0.18028846153846154 0.4206730769230769
0 0.22716346153846154 0.6105769230769231 0.028846153846153848 0.06850961538461539
0 0.23918269230769232 0.5733173076923077 0.010817307692307692 0.03485576923076923
0 0.24759615384615385 0.578125 0.010817307692307692 0.038461538461538464
0 0.2800480769230769 0.6189903846153846 0.02403846153846154 0.0673076923076923
0 0.28125 0.6141826923076923 0.03245192307692308 0.07692307692307693
0 0.2980769230769231 0.5817307692307693 0.010817307692307692 0.04447115384615385
0 0.3016826923076923 0.5829326923076923 0.006009615384615385 0.040865384615384616
0 0.3245192307692308 0.5829326923076923 0.008413461538461538 0.036057692307692304
0 0.328125 0.5805288461538461 0.010817307692307692 0.037259615384615384
0 0.3545673076923077 0.5853365384615384 0.010817307692307692 0.03485576923076923
0 0.3641826923076923 0.5841346153846154 0.010817307692307692 0.039663461538461536
0 0.38100961538461536 0.5745192307692307 0.01201923076923077 0.02403846153846154
0 0.3112980769230769 0.7091346153846154 0.10096153846153846 0.2644230769230769
0 0.3737980769230769 0.7199519230769231 0.0733173076923077 0.23918269230769232
0 0.4519230769230769 0.7584134615384616 0.1201923076923077 0.328125
0 0.49759615384615385 0.6838942307692307 0.0673076923076923 0.17908653846153846
0 0.6322115384615384 0.7283653846153846 0.10817307692307693 0.25961538461538464
0 0.4699519230769231 0.6129807692307693 0.016826923076923076 0.06490384615384616
0 0.37259615384615385 0.5949519230769231 0.019230769230769232 0.03365384615384615
0 0.3762019230769231 0.6045673076923077 0.013221153846153846 0.05048076923076923
0 0.33533653846153844 0.6334134615384616 0.019230769230769232 0.10336538461538461
0 0.7956730769230769 0.6310096153846154 0.038461538461538464 0.0889423076923077
0 0.8509615384615384 0.625 0.020432692307692308 0.06850961538461539
0 0.8954326923076923 0.6177884615384616 0.014423076923076924 0.028846153846153848
0 0.9495192307692307 0.6225961538461539 0.025240384615384616 0.0625
0 0.5204326923076923 0.640625 0.03125 0.09735576923076923
0 0.5288461538461539 0.6225961538461539 0.020432692307692308 0.07692307692307693
0 0.5444711538461539 0.6213942307692307 0.021634615384615384 0.06850961538461539
0 0.1502403846153846 0.5913461538461539 0.013221153846153846 0.030048076923076924