0 0.4579326923076923 0.7331730769230769 0.7175480769230769 0.36899038461538464
0 0.09014423076923077 0.6574519230769231 0.15384615384615385 0.3329326923076923
0 0.2824519230769231 0.5661057692307693 0.09495192307692307 0.12980769230769232
0 0.41586538461538464 0.40625 0.1310096153846154 0.6237980769230769
0 0.3629807692307692 0.5324519230769231 0.10336538461538461 0.3737980769230769
0 0.3016826923076923 0.28846153846153844 0.12379807692307693 0.35336538461538464
0 0.08173076923076923 0.41346153846153844 0.11899038461538461 0.32572115384615385
0 0.6081730769230769 0.36538461538461536 0.11899038461538461 0.2800480769230769
0 0.7487980769230769 0.33413461538461536 0.10697115384615384 0.3233173076923077
0 0.8569711538461539 0.328125 0.11778846153846154 0.31971153846153844
0 0.9663461538461539 0.3112980769230769 0.0673076923076923 0.33774038461538464
0 0.9338942307692307 0.27283653846153844 0.0673076923076923 0.24639423076923078
0 0.7463942307692307 0.18509615384615385 0.11057692307692307 0.20673076923076922
0 0.5709134615384616 0.3076923076923077 0.0625 0.2439903846153846
0 0.5084134615384616 0.38221153846153844 0.07211538461538461 0.25721153846153844
0 0.46033653846153844 0.2668269230769231 0.0829326923076923 0.34134615384615385