0 0.7199519230769231 0.4639423076923077 0.265625 0.3737980769230769
0 0.9567307692307693 0.3762019230769231 0.08173076923076923 0.35216346153846156
0 0.8858173076923077 0.41947115384615385 0.07091346153846154 0.1935096153846154
0 0.8966346153846154 0.28365384615384615 0.07692307692307693 0.17668269230769232
0 0.8088942307692307 0.35216346153846156 0.11658653846153846 0.3641826923076923
0 0.7247596153846154 0.23918269230769232 0.06370192307692307 0.109375
0 0.6646634615384616 0.34134615384615385 0.0673076923076923 0.24278846153846154
0 0.6526442307692307 0.2247596153846154 0.027644230769230768 0.078125
0 0.6213942307692307 0.33653846153846156 0.052884615384615384 0.25961538461538464
0 0.5757211538461539 0.32572115384615385 0.07692307692307693 0.2800480769230769
0 0.5721153846153846 0.3449519230769231 0.08774038461538461 0.2980769230769231
0 0.5120192307692307 0.33413461538461536 0.06971153846153846 0.2920673076923077
0 0.4567307692307692 0.3269230769230769 0.056490384615384616 0.2704326923076923
0 0.39663461538461536 0.30528846153846156 0.06610576923076923 0.27403846153846156
0 0.36177884615384615 0.3088942307692308 0.04567307692307692 0.23798076923076922
0 0.32211538461538464 0.2668269230769231 0.04927884615384615 0.12860576923076922
0 0.26802884615384615 0.23918269230769232 0.0673076923076923 0.14903846153846154
0 0.2776442307692308 0.3329326923076923 0.06490384615384616 0.30288461538461536
0 0.22355769230769232 0.35216346153846156 0.11298076923076923 0.4026442307692308
0 0.18870192307692307 0.32091346153846156 0.07572115384615384 0.29086538461538464
0 0.14423076923076922 0.34975961538461536 0.08052884615384616 0.28846153846153844
0 0.10697115384615384 0.22115384615384615 0.052884615384615384 0.0985576923076923
0 0.09254807692307693 0.36778846153846156 0.11057692307692307 0.44711538461538464
0 0.140625 0.41466346153846156 0.057692307692307696 0.2920673076923077
0 0.06129807692307692 0.45913461538461536 0.12259615384615384 0.6622596153846154
0 0.9350961538461539 0.3137019230769231 0.057692307692307696 0.16947115384615385
0 0.859375 0.23557692307692307 0.02403846153846154 0.04927884615384615
0 0.7704326923076923 0.2668269230769231 0.04567307692307692 0.12860576923076922
0 0.5012019230769231 0.27884615384615385 0.026442307692307692 0.12139423076923077
0 0.43149038461538464 0.3125 0.02403846153846154 0.17427884615384615
0 0.04447115384615385 0.21875 0.03365384615384615 0.06850961538461539