0 0.9723307291666666 0.87918410041841 0.052734375 0.14539748953974896
0 0.9388020833333334 0.8582635983263598 0.059895833333333336 0.13912133891213388
0 0.9313151041666666 0.8519874476987448 0.035807291666666664 0.13284518828451883
0 0.9085286458333334 0.8373430962343096 0.035807291666666664 0.10774058577405858
0 0.9046223958333334 0.8200836820083682 0.060546875 0.1297071129707113
0 0.9010416666666666 0.8158995815899581 0.024739583333333332 0.08786610878661087
0 0.7262369791666666 0.9440376569037657 0.052734375 0.1098326359832636
0 0.7330729166666666 0.9252092050209205 0.049479166666666664 0.14748953974895398
0 0.76171875 0.9001046025104602 0.046875 0.19769874476987448
0 0.7141927083333334 0.872907949790795 0.041666666666666664 0.11820083682008369
0 0.7444661458333334 0.7986401673640168 0.029296875 0.13493723849372385
0 0.7516276041666666 0.7567991631799164 0.021484375 0.10146443514644352
0 0.708984375 0.8002092050209205 0.03515625 0.1799163179916318
0 0.6809895833333334 0.801255230125523 0.033854166666666664 0.1799163179916318
0 0.6673177083333334 0.7709205020920502 0.02734375 0.15481171548117154
0 0.6389973958333334 0.801255230125523 0.038411458333333336 0.18410041841004185
0 0.640625 0.770397489539749 0.032552083333333336 0.16422594142259414
0 0.5950520833333334 0.8885983263598326 0.052083333333333336 0.1202928870292887
0 0.6123046875 0.8650627615062761 0.042317708333333336 0.15690376569037656
0 0.5143229166666666 0.8331589958158996 0.037760416666666664 0.18514644351464435
0 0.5406901041666666 0.8362970711297071 0.034505208333333336 0.17259414225941422
0 0.5494791666666666 0.8190376569037657 0.024739583333333332 0.17573221757322174
0 0.5716145833333334 0.8169456066945606 0.028645833333333332 0.16108786610878661
0 0.5950520833333334 0.7635983263598326 0.045572916666666664 0.11715481171548117
0 0.5966796875 0.7013598326359832 0.033203125 0.06589958158995816
0 0.5810546875 0.7515690376569037 0.030598958333333332 0.10564853556485355
0 0.55859375 0.7290794979079498 0.024739583333333332 0.07322175732217573
0 0.5380859375 0.7175732217573222 0.031901041666666664 0.10251046025104603
0 0.5546875 0.6710251046025104 0.02734375 0.08054393305439331
0 0.5859375 0.672071129707113 0.028645833333333332 0.09100418410041841
0 0.5061848958333334 0.7034518828451883 0.035807291666666664 0.13912133891213388
0 0.4622395833333333 0.7086820083682008 0.029947916666666668 0.13912133891213388
0 0.4319661458333333 0.7076359832635983 0.030598958333333332 0.14539748953974896
0 0.3844401041666667 0.8446652719665272 0.046223958333333336 0.18305439330543932
0 0.3382161458333333 0.8425732217573222 0.043619791666666664 0.1893305439330544
0 0.193359375 0.7981171548117155 0.040364583333333336 0.17782426778242677
0 0.2041015625 0.7343096234309623 0.031901041666666664 0.15481171548117154
0 0.2236328125 0.6736401673640168 0.031901041666666664 0.14853556485355648
0 0.2998046875 0.6992677824267782 0.042317708333333336 0.04707112970711297
0 0.3206380208333333 0.6558577405857741 0.029296875 0.07531380753138076
0 0.3590494791666667 0.6668410041841004 0.024088541666666668 0.09518828451882845
0 0.3942057291666667 0.678347280334728 0.029296875 0.14330543933054393
0 0.3909505208333333 0.6647489539748954 0.043619791666666664 0.14748953974895398
0 0.5061848958333334 0.5632845188284519 0.035807291666666664 0.11610878661087866
0 0.548828125 0.5570083682008368 0.03125 0.12866108786610878
0 0.5625 0.5151673640167364 0.018229166666666668 0.09728033472803348
0 0.5680338541666666 0.4544979079497908 0.021484375 0.05543933054393305
0 0.5830078125 0.4408995815899582 0.012369791666666666 0.04497907949790795
0 0.5755208333333334 0.4440376569037657 0.013020833333333334 0.051255230125523014
0 0.5758463541666666 0.426255230125523 0.012369791666666666 0.028242677824267783
0 0.5511067708333334 0.4513598326359833 0.016276041666666668 0.05543933054393305
0 0.5286458333333334 0.4895397489539749 0.01953125 0.10669456066945607
0 0.4993489583333333 0.48901673640167365 0.016927083333333332 0.08472803347280335
0 0.4879557291666667 0.4905857740585774 0.014973958333333334 0.09205020920502092
0 0.4759114583333333 0.4660041841004184 0.016927083333333332 0.09518828451882845
0 0.4554036458333333 0.4827405857740586 0.021484375 0.10146443514644352
0 0.4576822916666667 0.4722803347280335 0.015625 0.09100418410041841
0 0.4348958333333333 0.4837866108786611 0.020833333333333332 0.10146443514644352
0 0.4443359375 0.46234309623430964 0.016276041666666668 0.08368200836820083
0 0.4069010416666667 0.4398535564853556 0.022135416666666668 0.08472803347280335
0 0.4186197916666667 0.5350418410041841 0.026041666666666668 0.08891213389121339
0 0.3938802083333333 0.5392259414225942 0.02734375 0.11192468619246862
0 0.3740234375 0.5455020920502092 0.022786458333333332 0.09728033472803348
0 0.3736979166666667 0.4858786610878661 0.022135416666666668 0.06380753138075314
0 0.388671875 0.4555439330543933 0.018229166666666668 0.0596234309623431
0 0.3567708333333333 0.4544979079497908 0.018229166666666668 0.08054393305439331
0 0.3655598958333333 0.41422594142259417 0.013671875 0.06903765690376569
0 0.3723958333333333 0.3912133891213389 0.013020833333333334 0.06485355648535565
0 0.3551432291666667 0.3865062761506276 0.013671875 0.06171548117154812
0 0.3619791666666667 0.3666317991631799 0.010416666666666666 0.032426778242677826
0 0.3382161458333333 0.38702928870292885 0.013671875 0.056485355648535567
0 0.3385416666666667 0.4320083682008368 0.015625 0.056485355648535567
0 0.3310546875 0.46077405857740583 0.022786458333333332 0.0596234309623431
0 0.3317057291666667 0.49686192468619245 0.021484375 0.08368200836820083
0 0.3460286458333333 0.5617154811715481 0.026692708333333332 0.11297071129707113
0 0.3414713541666667 0.6202928870292888 0.026692708333333332 0.12343096234309624
0 0.2646484375 0.5800209205020921 0.035807291666666664 0.11401673640167365
0 0.248046875 0.5617154811715481 0.02734375 0.10669456066945607
0 0.2705078125 0.520397489539749 0.025390625 0.06589958158995816
0 0.24609375 0.5214435146443515 0.01953125 0.09518828451882845
0 0.20052083333333334 0.5251046025104602 0.0234375 0.10669456066945607
0 0.15494791666666666 0.5251046025104602 0.033854166666666664 0.1087866108786611
0 0.13020833333333334 0.5261506276150628 0.029947916666666668 0.1087866108786611
0 0.14583333333333334 0.522489539748954 0.020833333333333332 0.10774058577405858
0 0.09895833333333333 0.5350418410041841 0.013020833333333334 0.08054393305439331
0 0.15494791666666666 0.6793933054393305 0.036458333333333336 0.1307531380753138
0 0.14583333333333334 0.7923640167364017 0.036458333333333336 0.1579497907949791
0 0.0869140625 0.8310669456066946 0.034505208333333336 0.1893305439330544
0 0.1005859375 0.7510460251046025 0.048828125 0.18619246861924685
0 0.06705729166666667 0.797071129707113 0.03515625 0.17364016736401675
0 0.024088541666666668 0.7839958158995816 0.0390625 0.1788702928870293
0 0.037109375 0.9079497907949791 0.0390625 0.04811715481171548
0 0.06380208333333333 0.7473849372384938 0.03125 0.16213389121338911
0 0.042643229166666664 0.7034518828451883 0.034505208333333336 0.15376569037656904
0 0.06868489583333333 0.6699790794979079 0.024088541666666668 0.0596234309623431
0 0.10221354166666667 0.647489539748954 0.029947916666666668 0.08577405857740586
0 0.10188802083333333 0.6176778242677824 0.022786458333333332 0.034518828451882845
0 0.08072916666666667 0.6746861924686193 0.01953125 0.0899581589958159
0 0.056640625 0.6307531380753139 0.020833333333333332 0.0502092050209205
0 0.0634765625 0.6114016736401674 0.022786458333333332 0.051255230125523014
0 0.10579427083333333 0.4089958158995816 0.011067708333333334 0.02092050209205021
0 0.09407552083333333 0.4053347280334728 0.014973958333333334 0.034518828451882845
0 0.07486979166666667 0.38964435146443516 0.016927083333333332 0.06799163179916318
0 0.0634765625 0.34675732217573224 0.011067708333333334 0.04497907949790795
0 0.09212239583333333 0.3457112970711297 0.011067708333333334 0.04707112970711297
0 0.09993489583333333 0.33629707112970714 0.009765625 0.028242677824267783
0 0.1416015625 0.32688284518828453 0.011067708333333334 0.051255230125523014
0 0.16341145833333334 0.33368200836820083 0.010416666666666666 0.05230125523012552
0 0.17708333333333334 0.3342050209205021 0.01171875 0.049163179916317995
0 0.19856770833333334 0.3713389121338912 0.010416666666666666 0.05439330543933055
0 0.2041015625 0.35721757322175735 0.009765625 0.051255230125523014
0 0.20052083333333334 0.3148535564853556 0.013020833333333334 0.04602510460251046
0 0.205078125 0.2975941422594142 0.005208333333333333 0.015690376569037656
0 0.2060546875 0.28085774058577406 0.009765625 0.034518828451882845
0 0.22591145833333334 0.3247907949790795 0.01171875 0.04707112970711297
0 0.23209635416666666 0.33158995815899583 0.012369791666666666 0.03138075313807531
0 0.23828125 0.3247907949790795 0.010416666666666666 0.021966527196652718
0 0.24674479166666666 0.3723849372384937 0.014322916666666666 0.058577405857740586
0 0.2600911458333333 0.36976987447698745 0.013671875 0.06589958158995816
0 0.22981770833333334 0.3692468619246862 0.01171875 0.04602510460251046
0 0.23014322916666666 0.34675732217573224 0.011067708333333334 0.02405857740585774
0 0.2421875 0.35460251046025104 0.013020833333333334 0.06485355648535565
0 0.23990885416666666 0.3158995815899582 0.011067708333333334 0.02510460251046025
0 0.2314453125 0.3064853556485356 0.011067708333333334 0.03765690376569038
0 0.2574869791666667 0.32217573221757323 0.011067708333333334 0.04811715481171548
0 0.2561848958333333 0.303347280334728 0.011067708333333334 0.027196652719665274
0 0.2672526041666667 0.30073221757322177 0.011067708333333334 0.04079497907949791
0 0.2822265625 0.303347280334728 0.012369791666666666 0.0397489539748954
0 0.2913411458333333 0.30073221757322177 0.011067708333333334 0.049163179916317995
0 0.3011067708333333 0.32322175732217573 0.009765625 0.04602510460251046
0 0.3151041666666667 0.3023012552301255 0.009114583333333334 0.016736401673640166
0 0.3147786458333333 0.3195606694560669 0.009765625 0.04497907949790795
0 0.3134765625 0.3399581589958159 0.012369791666666666 0.04811715481171548
0 0.3255208333333333 0.35460251046025104 0.013020833333333334 0.06485355648535565
0 0.3343098958333333 0.33472803347280333 0.012369791666666666 0.03556485355648536
0 0.33984375 0.350418410041841 0.010416666666666666 0.0502092050209205
0 0.3111979166666667 0.38859832635983266 0.018229166666666668 0.06799163179916318
0 0.3203125 0.4503138075313807 0.018229166666666668 0.08472803347280335
0 0.3053385416666667 0.4408995815899582 0.01953125 0.08263598326359832
0 0.310546875 0.41527196652719667 0.013020833333333334 0.0502092050209205
0 0.294921875 0.3985355648535565 0.013020833333333334 0.03765690376569038
0 0.2890625 0.4089958158995816 0.016927083333333332 0.03765690376569038
0 0.2893880208333333 0.4273012552301255 0.013671875 0.02405857740585774
0 0.2884114583333333 0.46705020920502094 0.01953125 0.08891213389121339
0 0.2718098958333333 0.4581589958158996 0.020182291666666668 0.060669456066945605
0 0.2682291666666667 0.48901673640167365 0.020833333333333332 0.036610878661087864
0 0.2919921875 0.3551255230125523 0.013671875 0.05543933054393305
0 0.283203125 0.3436192468619247 0.010416666666666666 0.04707112970711297
0 0.2779947916666667 0.32897489539748953 0.010416666666666666 0.04497907949790795
0 0.2744140625 0.34675732217573224 0.008463541666666666 0.034518828451882845
0 0.2718098958333333 0.323744769874477 0.009765625 0.030334728033472803
0 0.2643229166666667 0.3457112970711297 0.010416666666666666 0.030334728033472803
0 0.2669270833333333 0.3457112970711297 0.009114583333333334 0.036610878661087864
0 0.2529296875 0.2839958158995816 0.009765625 0.036610878661087864
0 0.2490234375 0.30962343096234307 0.009765625 0.04184100418410042
0 0.2854817708333333 0.27719665271966526 0.009765625 0.03556485355648536
0 0.3330078125 0.29341004184100417 0.009765625 0.021966527196652718
0 0.6774088541666666 0.5711297071129707 0.021484375 0.11715481171548117
0 0.677734375 0.5690376569037657 0.020833333333333332 0.10669456066945607
0 0.6923828125 0.5611924686192469 0.021484375 0.09728033472803348
0 0.7151692708333334 0.5428870292887029 0.017578125 0.11506276150627615
0 0.8522135416666666 0.3190376569037657 0.01171875 0.027196652719665274
0 0.9856770833333334 0.33734309623430964 0.01171875 0.053347280334728034
0 0.9635416666666666 0.33734309623430964 0.009114583333333334 0.02405857740585774
0 0.2721354166666667 0.2698744769874477 0.009114583333333334 0.0397489539748954
0 0.24837239583333334 0.27510460251046026 0.008463541666666666 0.0397489539748954
0 0.24348958333333334 0.27405857740585776 0.0078125 0.03765690376569038
0 0.23795572916666666 0.2975941422594142 0.007161458333333333 0.032426778242677826
0 0.22884114583333334 0.29027196652719667 0.007161458333333333 0.015690376569037656
0 0.23274739583333334 0.2939330543933054 0.007161458333333333 0.03347280334728033
0 0.22688802083333334 0.27981171548117156 0.007161458333333333 0.038702928870292884
0 0.2373046875 0.2792887029288703 0.009765625 0.03556485355648536
0 0.23209635416666666 0.2567991631799163 0.007161458333333333 0.02615062761506276
0 0.2294921875 0.24947698744769875 0.009765625 0.032426778242677826
0 0.22298177083333334 0.25784518828451886 0.008463541666666666 0.032426778242677826
0 0.19661458333333334 0.2630753138075314 0.0078125 0.034518828451882845
0 0.2001953125 0.24476987447698745 0.007161458333333333 0.03347280334728033
0 0.20442708333333334 0.24372384937238495 0.006510416666666667 0.027196652719665274
0 0.20475260416666666 0.2594142259414226 0.007161458333333333 0.03138075313807531
0 0.19140625 0.24633891213389122 0.006510416666666667 0.030334728033472803
0 0.20572916666666666 0.22228033472803346 0.006510416666666667 0.02615062761506276
0 0.19921875 0.22384937238493724 0.006510416666666667 0.029288702928870293
0 0.19596354166666666 0.22646443514644352 0.0078125 0.02615062761506276
0 0.2578125 0.2615062761506276 0.006510416666666667 0.03347280334728033
0 0.24869791666666666 0.25313807531380755 0.0078125 0.01882845188284519
0 0.2646484375 0.27248953974895396 0.007161458333333333 0.030334728033472803
0 0.2630208333333333 0.25784518828451886 0.006510416666666667 0.028242677824267783
0 0.9020182291666666 0.8206066945606695 0.021484375 0.0596234309623431
0 0.5 0.8253138075313807 0.028645833333333332 0.1694560669456067
0 0.5380859375 0.4764644351464435 0.013671875 0.08263598326359832
0 0.3876953125 0.49215481171548114 0.012369791666666666 0.034518828451882845
0 0.2955729166666667 0.32897489539748953 0.014322916666666666 0.036610878661087864
0 0.21809895833333334 0.35564853556485354 0.013020833333333334 0.058577405857740586
0 0.24772135416666666 0.3274058577405858 0.009765625 0.04811715481171548
0 0.22037760416666666 0.29341004184100417 0.004557291666666667 0.04079497907949791