0 0.05048076923076923 0.9338942307692307 0.0625 0.13221153846153846
0 0.09254807692307693 0.9483173076923077 0.046875 0.10216346153846154
0 0.17908653846153846 0.9411057692307693 0.07451923076923077 0.11778846153846154
0 0.20192307692307693 0.9014423076923077 0.05048076923076923 0.09975961538461539
0 0.2644230769230769 0.8858173076923077 0.09615384615384616 0.2283653846153846
0 0.5144230769230769 0.8882211538461539 0.21394230769230768 0.22355769230769232
0 0.6105769230769231 0.9266826923076923 0.03125 0.08173076923076923
0 0.6838942307692307 0.9074519230769231 0.006009615384615385 0.025240384615384616
0 0.7019230769230769 0.9338942307692307 0.04807692307692308 0.13221153846153846
0 0.7403846153846154 0.9290865384615384 0.03245192307692308 0.06370192307692307
0 0.7872596153846154 0.9338942307692307 0.055288461538461536 0.06129807692307692
0 0.7884615384615384 0.9122596153846154 0.055288461538461536 0.09975961538461539
0 0.8689903846153846 0.9194711538461539 0.0673076923076923 0.16105769230769232
0 0.9338942307692307 0.9242788461538461 0.042067307692307696 0.15144230769230768
0 0.43990384615384615 0.65625 0.21875 0.6875
0 0.15384615384615385 0.6478365384615384 0.15625 0.703125