0 0.9242788461538461 0.5841346153846154 0.15144230769230768 0.3317307692307692
0 0.8016826923076923 0.546875 0.16105769230769232 0.34375
0 0.8725961538461539 0.4735576923076923 0.10817307692307693 0.2764423076923077
0 0.6237980769230769 0.4963942307692308 0.10096153846153846 0.17668269230769232
0 0.5228365384615384 0.4891826923076923 0.10096153846153846 0.17548076923076922
0 0.4170673076923077 0.5096153846153846 0.10697115384615384 0.1778846153846154
0 0.2800480769230769 0.5372596153846154 0.12620192307692307 0.22956730769230768
0 0.1310096153846154 0.6514423076923077 0.1778846153846154 0.44350961538461536
0 0.5192307692307693 0.36778846153846156 0.12620192307692307 0.2800480769230769
0 0.40024038461538464 0.3954326923076923 0.12740384615384615 0.27163461538461536
0 0.2860576923076923 0.40865384615384615 0.10096153846153846 0.20793269230769232
0 0.20673076923076922 0.4338942307692308 0.0985576923076923 0.24519230769230768
0 0.08052884615384616 0.41586538461538464 0.051682692307692304 0.16466346153846154
0 0.08533653846153846 0.4375 0.05048076923076923 0.11778846153846154
0 0.29447115384615385 0.37259615384615385 0.1045673076923077 0.16826923076923078