0 0.14543269230769232 0.32211538461538464 0.07692307692307693 0.3004807692307692
0 0.23918269230769232 0.14302884615384615 0.07211538461538461 0.2848557692307692
0 0.2247596153846154 0.3858173076923077 0.0889423076923077 0.2776442307692308
0 0.31009615384615385 0.31971153846153844 0.09254807692307693 0.34975961538461536
0 0.23197115384615385 0.27884615384615385 0.06850961538461539 0.1875
0 0.18629807692307693 0.2403846153846154 0.037259615384615384 0.1502403846153846
0 0.16706730769230768 0.28725961538461536 0.028846153846153848 0.17548076923076922
0 0.3557692307692308 0.2668269230769231 0.04567307692307692 0.22235576923076922
0 0.41225961538461536 0.3137019230769231 0.06370192307692307 0.2920673076923077
0 0.39302884615384615 0.3088942307692308 0.04326923076923077 0.2776442307692308
0 0.4675480769230769 0.33774038461538464 0.10576923076923077 0.2403846153846154
0 0.5240384615384616 0.28125 0.03365384615384615 0.1875
0 0.5949519230769231 0.2668269230769231 0.04447115384615385 0.1778846153846154
0 0.6382211538461539 0.2980769230769231 0.04447115384615385 0.21514423076923078
0 0.9254807692307693 0.4795673076923077 0.04927884615384615 0.2848557692307692
0 0.9651442307692307 0.5336538461538461 0.05048076923076923 0.24278846153846154
0 0.9651442307692307 0.3641826923076923 0.036057692307692304 0.22716346153846154
0 0.22355769230769232 0.2776442307692308 0.05048076923076923 0.16947115384615385
0 0.49158653846153844 0.34375 0.06129807692307692 0.22235576923076922