0 0.21153846153846154 0.4483173076923077 0.15504807692307693 0.6682692307692307
0 0.32211538461538464 0.45552884615384615 0.12740384615384615 0.5925480769230769
0 0.38341346153846156 0.5889423076923077 0.15504807692307693 0.5504807692307693
0 0.5252403846153846 0.5036057692307693 0.23677884615384615 0.8521634615384616
0 0.7487980769230769 0.5420673076923077 0.2512019230769231 0.828125
0 0.8930288461538461 0.5144230769230769 0.1466346153846154 0.6838942307692307
0 0.6778846153846154 0.45913461538461536 0.13822115384615385 0.734375
0 0.5168269230769231 0.4375 0.22716346153846154 0.6838942307692307
0 0.8521634615384616 0.43028846153846156 0.09254807692307693 0.5324519230769231
0 0.8161057692307693 0.21394230769230768 0.04927884615384615 0.09975961538461539
0 0.78125 0.20793269230769232 0.03485576923076923 0.07572115384615384
0 0.6334134615384616 0.23076923076923078 0.042067307692307696 0.1502403846153846