0 0.22716346153846154 0.6490384615384616 0.17548076923076922 0.5168269230769231
0 0.34615384615384615 0.6442307692307693 0.0985576923076923 0.46274038461538464
0 0.42427884615384615 0.6225961538461539 0.0829326923076923 0.4423076923076923
0 0.47716346153846156 0.6021634615384616 0.08653846153846154 0.43028846153846156
0 0.5348557692307693 0.5817307692307693 0.09495192307692307 0.4182692307692308
0 0.5949519230769231 0.5865384615384616 0.0733173076923077 0.390625
0 0.6454326923076923 0.5721153846153846 0.078125 0.3942307692307692
0 0.6514423076923077 0.5685096153846154 0.05048076923076923 0.3173076923076923
0 0.7019230769230769 0.5588942307692307 0.06370192307692307 0.33413461538461536
0 0.7463942307692307 0.5504807692307693 0.06129807692307692 0.33052884615384615
0 0.8028846153846154 0.5432692307692307 0.06971153846153846 0.31009615384615385
0 0.025240384615384616 0.53125 0.04927884615384615 0.23076923076923078
0 0.10096153846153846 0.5240384615384616 0.055288461538461536 0.20793269230769232
0 0.13581730769230768 0.5144230769230769 0.03485576923076923 0.20072115384615385
0 0.15985576923076922 0.5072115384615384 0.03125 0.18870192307692307
0 0.18629807692307693 0.4483173076923077 0.03125 0.07572115384615384
0 0.27884615384615385 0.5072115384615384 0.038461538461538464 0.17668269230769232
0 0.3076923076923077 0.5096153846153846 0.028846153846153848 0.16346153846153846
0 0.3762019230769231 0.5012019230769231 0.020432692307692308 0.11177884615384616
0 0.5 0.48677884615384615 0.030048076923076924 0.15985576923076922
0 0.014423076923076924 0.5180288461538461 0.028846153846153848 0.2668269230769231
0 0.09975961538461539 0.5264423076923077 0.046875 0.2127403846153846