0 0.7752403846153846 0.9086538461538461 0.07932692307692307 0.1814903846153846
0 0.6057692307692307 0.7800480769230769 0.06490384615384616 0.12620192307692307
0 0.7824519230769231 0.7487980769230769 0.057692307692307696 0.17548076923076922
0 0.8918269230769231 0.4519230769230769 0.03245192307692308 0.08052884615384616
0 0.9098557692307693 0.44471153846153844 0.03125 0.07451923076923077
0 0.14783653846153846 0.32211538461538464 0.018028846153846152 0.03365384615384615
0 0.22355769230769232 0.3137019230769231 0.02403846153846154 0.07692307692307693
0 0.28846153846153844 0.33052884615384615 0.025240384615384616 0.06370192307692307
0 0.28966346153846156 0.25961538461538464 0.025240384615384616 0.03365384615384615
0 0.35336538461538464 0.26322115384615385 0.02403846153846154 0.06610576923076923
0 0.328125 0.359375 0.026442307692307692 0.08173076923076923
0 0.3449519230769231 0.37740384615384615 0.018028846153846152 0.08173076923076923
0 0.6766826923076923 0.14543269230769232 0.010817307692307692 0.03365384615384615