0 0.01201923076923077 0.265625 0.021634615384615384 0.06610576923076923
0 0.04567307692307692 0.3125 0.05889423076923077 0.21153846153846154
0 0.054086538461538464 0.3329326923076923 0.10697115384615384 0.0889423076923077
0 0.12139423076923077 0.3329326923076923 0.037259615384615384 0.0673076923076923
0 0.0733173076923077 0.27403846153846156 0.03245192307692308 0.05048076923076923
0 0.14903846153846154 0.27283653846153844 0.021634615384615384 0.055288461538461536
0 0.056490384615384616 0.2403846153846154 0.021634615384615384 0.051682692307692304
0 0.3173076923076923 0.3329326923076923 0.037259615384615384 0.07692307692307693
0 0.49399038461538464 0.26322115384615385 0.027644230769230768 0.09975961538461539
0 0.5192307692307693 0.26322115384615385 0.040865384615384616 0.10336538461538461
0 0.5012019230769231 0.3173076923076923 0.039663461538461536 0.10336538461538461
0 0.546875 0.35336538461538464 0.08653846153846154 0.14543269230769232
0 0.6598557692307693 0.20793269230769232 0.021634615384615384 0.036057692307692304
0 0.6947115384615384 0.22596153846153846 0.027644230769230768 0.07692307692307693
0 0.28125 0.5120192307692307 0.26802884615384615 0.6911057692307693
0 0.6177884615384616 0.5745192307692307 0.3473557692307692 0.8497596153846154
0 0.7644230769230769 0.2283653846153846 0.04807692307692308 0.15384615384615385
0 0.7572115384615384 0.26802884615384615 0.051682692307692304 0.08653846153846154
0 0.7692307692307693 0.4170673076923077 0.06370192307692307 0.18269230769230768
0 0.796875 0.4074519230769231 0.046875 0.15985576923076922
0 0.8677884615384616 0.41346153846153844 0.1045673076923077 0.1658653846153846
0 0.8149038461538461 0.24759615384615385 0.027644230769230768 0.13942307692307693
0 0.8161057692307693 0.23197115384615385 0.042067307692307696 0.16706730769230768
0 0.8425480769230769 0.25841346153846156 0.03125 0.09254807692307693
0 0.8641826923076923 0.24759615384615385 0.040865384615384616 0.15504807692307693
0 0.9146634615384616 0.21033653846153846 0.014423076923076924 0.1045673076923077
0 0.9350961538461539 0.2283653846153846 0.03365384615384615 0.11899038461538461
0 0.8509615384615384 0.3269230769230769 0.03365384615384615 0.0625
0 0.9074519230769231 0.3473557692307692 0.18509615384615385 0.22355769230769232