0 0.014423076923076924 0.31009615384615385 0.028846153846153848 0.11298076923076923
0 0.042067307692307696 0.3233173076923077 0.027644230769230768 0.11658653846153846
0 0.0889423076923077 0.31971153846153844 0.06490384615384616 0.08173076923076923
0 0.15144230769230768 0.3233173076923077 0.027644230769230768 0.0889423076923077
0 0.1778846153846154 0.32091346153846156 0.028846153846153848 0.06490384615384616
0 0.9831730769230769 0.4543269230769231 0.03245192307692308 0.05048076923076923
0 0.984375 0.4110576923076923 0.030048076923076924 0.08052884615384616
0 0.9459134615384616 0.39903846153846156 0.038461538461538464 0.09014423076923077
0 0.921875 0.40625 0.021634615384615384 0.08653846153846154
0 0.9230769230769231 0.43990384615384615 0.02283653846153846 0.07091346153846154
0 0.9891826923076923 0.3557692307692308 0.020432692307692308 0.056490384615384616
0 0.9759615384615384 0.35697115384615385 0.02283653846153846 0.06971153846153846
0 0.9206730769230769 0.35216346153846156 0.021634615384615384 0.057692307692307696
0 0.9326923076923077 0.33413461538461536 0.019230769230769232 0.04567307692307692
0 0.9483173076923077 0.34975961538461536 0.020432692307692308 0.04807692307692308
0 0.9783653846153846 0.3233173076923077 0.025240384615384616 0.042067307692307696
0 0.9579326923076923 0.3233173076923077 0.026442307692307692 0.09975961538461539
0 0.9507211538461539 0.5637019230769231 0.02403846153846154 0.057692307692307696
0 0.9795673076923077 0.5997596153846154 0.036057692307692304 0.06971153846153846
0 0.9543269230769231 0.5324519230769231 0.030048076923076924 0.051682692307692304
0 0.9867788461538461 0.49158653846153844 0.026442307692307692 0.07211538461538461
0 0.7632211538461539 0.35697115384615385 0.02283653846153846 0.052884615384615384
0 0.7716346153846154 0.38221153846153844 0.013221153846153846 0.039663461538461536
0 0.765625 0.3954326923076923 0.021634615384615384 0.03245192307692308
0 0.7512019230769231 0.3641826923076923 0.014423076923076924 0.042067307692307696
0 0.7439903846153846 0.38341346153846156 0.026442307692307692 0.05889423076923077
0 0.7451923076923077 0.40865384615384615 0.026442307692307692 0.06610576923076923
0 0.7307692307692307 0.40024038461538464 0.020432692307692308 0.036057692307692304
0 0.7115384615384616 0.421875 0.021634615384615384 0.06490384615384616
0 0.7223557692307693 0.37259615384615385 0.019230769230769232 0.055288461538461536
0 0.7139423076923077 0.38341346153846156 0.021634615384615384 0.04447115384615385
0 0.71875 0.3473557692307692 0.028846153846153848 0.040865384615384616
0 0.7019230769230769 0.3641826923076923 0.014423076923076924 0.040865384615384616
0 0.7427884615384616 0.45552884615384615 0.027644230769230768 0.04447115384615385
0 0.7692307692307693 0.4543269230769231 0.021634615384615384 0.051682692307692304
0 0.7668269230769231 0.47836538461538464 0.018028846153846152 0.04807692307692308
0 0.7848557692307693 0.5120192307692307 0.028846153846153848 0.08173076923076923
0 0.7836538461538461 0.4735576923076923 0.018028846153846152 0.040865384615384616
0 0.78125 0.5564903846153846 0.028846153846153848 0.0733173076923077
0 0.796875 0.5877403846153846 0.027644230769230768 0.07932692307692307
0 0.8052884615384616 0.6129807692307693 0.02283653846153846 0.042067307692307696
0 0.7596153846153846 0.5216346153846154 0.021634615384615384 0.046875
0 0.7704326923076923 0.5204326923076923 0.019230769230769232 0.051682692307692304
0 0.7367788461538461 0.546875 0.025240384615384616 0.09615384615384616
0 0.7584134615384616 0.5456730769230769 0.02403846153846154 0.055288461538461536
0 0.6995192307692307 0.5300480769230769 0.021634615384615384 0.08774038461538461
0 0.7211538461538461 0.5108173076923077 0.021634615384615384 0.04927884615384615
0 0.6514423076923077 0.5 0.026442307692307692 0.030048076923076924
0 0.671875 0.5012019230769231 0.020432692307692308 0.025240384615384616
0 0.6394230769230769 0.49399038461538464 0.020432692307692308 0.040865384615384616
0 0.7620192307692307 0.6177884615384616 0.03485576923076923 0.054086538461538464
0 0.7331730769230769 0.6225961538461539 0.037259615384615384 0.04447115384615385
0 0.6887019230769231 0.6165865384615384 0.03365384615384615 0.04447115384615385
0 0.640625 0.578125 0.026442307692307692 0.08533653846153846
0 0.6514423076923077 0.38100961538461536 0.02403846153846154 0.04447115384615385
0 0.6778846153846154 0.39903846153846156 0.020432692307692308 0.04927884615384615
0 0.6742788461538461 0.47475961538461536 0.03245192307692308 0.04927884615384615
0 0.6971153846153846 0.4639423076923077 0.02403846153846154 0.039663461538461536
0 0.6658653846153846 0.37259615384615385 0.016826923076923076 0.06129807692307692
0 0.5841346153846154 0.5997596153846154 0.028846153846153848 0.09375
0 0.5408653846153846 0.5637019230769231 0.038461538461538464 0.14903846153846154
0 0.5817307692307693 0.34615384615384615 0.019230769230769232 0.06009615384615385
0 0.5588942307692307 0.3605769230769231 0.020432692307692308 0.06850961538461539
0 0.5408653846153846 0.36177884615384615 0.027644230769230768 0.06129807692307692
0 0.5180288461538461 0.35336538461538464 0.019230769230769232 0.04447115384615385
0 0.5336538461538461 0.44471153846153844 0.02403846153846154 0.04927884615384615
0 0.5108173076923077 0.4387019230769231 0.027644230769230768 0.04927884615384615
0 0.48677884615384615 0.43990384615384615 0.015625 0.03245192307692308
0 0.4723557692307692 0.45913461538461536 0.03365384615384615 0.08774038461538461
0 0.4411057692307692 0.41947115384615385 0.027644230769230768 0.09134615384615384
0 0.47475961538461536 0.4170673076923077 0.036057692307692304 0.09495192307692307
0 0.46875 0.3317307692307692 0.030048076923076924 0.09495192307692307
0 0.46634615384615385 0.3485576923076923 0.020432692307692308 0.06009615384615385
0 0.45072115384615385 0.38100961538461536 0.027644230769230768 0.07692307692307693
0 0.44350961538461536 0.3317307692307692 0.021634615384615384 0.07451923076923077
0 0.41225961538461536 0.35697115384615385 0.037259615384615384 0.0733173076923077
0 0.4266826923076923 0.38221153846153844 0.03365384615384615 0.08533653846153846
0 0.4110576923076923 0.41586538461538464 0.028846153846153848 0.08774038461538461
0 0.5012019230769231 0.41225961538461536 0.02283653846153846 0.06370192307692307
0 0.5072115384615384 0.5180288461538461 0.02403846153846154 0.09615384615384616
0 0.5060096153846154 0.5 0.03245192307692308 0.09615384615384616
0 0.5360576923076923 0.6262019230769231 0.03125 0.040865384615384616
0 0.5168269230769231 0.6117788461538461 0.03245192307692308 0.07091346153846154
0 0.4735576923076923 0.5793269230769231 0.021634615384615384 0.04447115384615385
0 0.4519230769230769 0.6045673076923077 0.027644230769230768 0.08533653846153846
0 0.4411057692307692 0.6370192307692307 0.030048076923076924 0.04927884615384615
0 0.4362980769230769 0.6225961538461539 0.030048076923076924 0.06370192307692307
0 0.4206730769230769 0.6141826923076923 0.027644230769230768 0.07451923076923077
0 0.40625 0.6382211538461539 0.03125 0.052884615384615384
0 0.37740384615384615 0.6490384615384616 0.019230769230769232 0.03245192307692308
0 0.38461538461538464 0.6153846153846154 0.03485576923076923 0.039663461538461536
0 0.3557692307692308 0.6021634615384616 0.03245192307692308 0.09014423076923077
0 0.34615384615384615 0.3701923076923077 0.019230769230769232 0.06971153846153846
0 0.36899038461538464 0.33774038461538464 0.009615384615384616 0.014423076923076924
0 0.38100961538461536 0.38100961538461536 0.025240384615384616 0.052884615384615384
0 0.38822115384615385 0.4170673076923077 0.027644230769230768 0.08052884615384616
0 0.40625 0.41466346153846156 0.021634615384615384 0.08653846153846154
0 0.36177884615384615 0.4170673076923077 0.036057692307692304 0.0829326923076923
0 0.3389423076923077 0.4362980769230769 0.020432692307692308 0.046875
0 0.359375 0.45913461538461536 0.027644230769230768 0.057692307692307696
0 0.41225961538461536 0.5420673076923077 0.02283653846153846 0.04326923076923077
0 0.39903846153846156 0.5240384615384616 0.03245192307692308 0.06971153846153846
0 0.38822115384615385 0.5048076923076923 0.026442307692307692 0.04927884615384615
0 0.36658653846153844 0.5120192307692307 0.02283653846153846 0.04447115384615385
0 0.265625 0.3918269230769231 0.027644230769230768 0.078125
0 0.2704326923076923 0.34975961538461536 0.019230769230769232 0.04567307692307692
0 0.25600961538461536 0.3641826923076923 0.019230769230769232 0.04927884615384615
0 0.23557692307692307 0.35096153846153844 0.030048076923076924 0.054086538461538464
0 0.2403846153846154 0.38461538461538464 0.02283653846153846 0.052884615384615384
0 0.23076923076923078 0.44711538461538464 0.03485576923076923 0.109375
0 0.2608173076923077 0.46274038461538464 0.018028846153846152 0.09134615384615384
0 0.25240384615384615 0.6370192307692307 0.027644230769230768 0.07211538461538461
0 0.2536057692307692 0.6610576923076923 0.016826923076923076 0.02283653846153846
0 0.26322115384615385 0.6057692307692307 0.025240384615384616 0.055288461538461536
0 0.24519230769230768 0.5697115384615384 0.019230769230769232 0.04567307692307692
0 0.24879807692307693 0.5432692307692307 0.026442307692307692 0.06971153846153846
0 0.20192307692307693 0.35096153846153844 0.02283653846153846 0.055288461538461536
0 0.21033653846153846 0.3629807692307692 0.020432692307692308 0.039663461538461536
0 0.22115384615384615 0.38221153846153844 0.03245192307692308 0.057692307692307696
0 0.22956730769230768 0.4495192307692308 0.019230769230769232 0.038461538461538464
0 0.12740384615384615 0.8016826923076923 0.040865384615384616 0.23197115384615385
0 0.6141826923076923 0.44471153846153844 0.140625 0.6105769230769231
0 0.3329326923076923 0.47836538461538464 0.16105769230769232 0.765625
0 0.5276442307692307 0.7403846153846154 0.16706730769230768 0.3641826923076923
0 0.18870192307692307 0.45552884615384615 0.08052884615384616 0.1622596153846154
0 0.004807692307692308 0.38341346153846156 0.008413461538461538 0.052884615384615384
0 0.010817307692307692 0.3629807692307692 0.021634615384615384 0.042067307692307696
0 0.026442307692307692 0.3737980769230769 0.019230769230769232 0.04326923076923077
0 0.04927884615384615 0.36538461538461536 0.03365384615384615 0.0625
0 0.0889423076923077 0.3605769230769231 0.02403846153846154 0.04927884615384615
0 0.12980769230769232 0.3557692307692308 0.028846153846153848 0.06971153846153846
0 0.15504807692307693 0.3629807692307692 0.026442307692307692 0.04447115384615385
0 0.18028846153846154 0.35697115384615385 0.021634615384615384 0.03125
0 0.16706730769230768 0.41225961538461536 0.02283653846153846 0.038461538461538464
0 0.16947115384615385 0.39663461538461536 0.026442307692307692 0.04447115384615385
0 0.18269230769230768 0.3701923076923077 0.01201923076923077 0.02283653846153846
0 0.15745192307692307 0.3713942307692308 0.016826923076923076 0.036057692307692304
0 0.15144230769230768 0.3954326923076923 0.019230769230769232 0.052884615384615384
0 0.12379807692307693 0.3581730769230769 0.026442307692307692 0.040865384615384616
0 0.12860576923076922 0.38100961538461536 0.019230769230769232 0.04447115384615385
0 0.1201923076923077 0.3954326923076923 0.02283653846153846 0.04807692307692308
0 0.13822115384615385 0.40625 0.02403846153846154 0.051682692307692304
0 0.10216346153846154 0.375 0.02403846153846154 0.04927884615384615
0 0.07572115384615384 0.38100961538461536 0.019230769230769232 0.046875
0 0.08774038461538461 0.39302884615384615 0.028846153846153848 0.039663461538461536
0 0.06370192307692307 0.4230769230769231 0.03485576923076923 0.09254807692307693
0 0.04567307692307692 0.40024038461538464 0.021634615384615384 0.04927884615384615
0 0.030048076923076924 0.4014423076923077 0.026442307692307692 0.052884615384615384
0 0.014423076923076924 0.41225961538461536 0.026442307692307692 0.07932692307692307
0 0.03245192307692308 0.42788461538461536 0.025240384615384616 0.054086538461538464
0 0.014423076923076924 0.4519230769230769 0.028846153846153848 0.057692307692307696
0 0.009615384615384616 0.4675480769230769 0.013221153846153846 0.03245192307692308
0 0.014423076923076924 0.46634615384615385 0.025240384615384616 0.04326923076923077
0 0.027644230769230768 0.48197115384615385 0.02283653846153846 0.06009615384615385
0 0.04447115384615385 0.4495192307692308 0.02283653846153846 0.06129807692307692
0 0.057692307692307696 0.4723557692307692 0.027644230769230768 0.07091346153846154
0 0.0829326923076923 0.484375 0.026442307692307692 0.04927884615384615
0 0.10697115384615384 0.43028846153846156 0.030048076923076924 0.07211538461538461
0 0.08413461538461539 0.4362980769230769 0.04807692307692308 0.06129807692307692
0 0.09014423076923077 0.4182692307692308 0.025240384615384616 0.051682692307692304
0 0.1310096153846154 0.44711538461538464 0.038461538461538464 0.06490384615384616
0 0.12740384615384615 0.47115384615384615 0.02283653846153846 0.04447115384615385
0 0.09735576923076923 0.4795673076923077 0.028846153846153848 0.0733173076923077
0 0.140625 0.49158653846153844 0.018028846153846152 0.046875
0 0.13581730769230768 0.5216346153846154 0.03365384615384615 0.06610576923076923
0 0.13942307692307693 0.5673076923076923 0.042067307692307696 0.12980769230769232
0 0.12259615384615384 0.4206730769230769 0.019230769230769232 0.036057692307692304
0 0.07091346153846154 0.5300480769230769 0.026442307692307692 0.10336538461538461
0 0.04807692307692308 0.5228365384615384 0.039663461538461536 0.06610576923076923
0 0.014423076923076924 0.5060096153846154 0.027644230769230768 0.052884615384615384
0 0.015625 0.5432692307692307 0.030048076923076924 0.078125
0 0.014423076923076924 0.5997596153846154 0.027644230769230768 0.11658653846153846
0 0.04807692307692308 0.5637019230769231 0.039663461538461536 0.11057692307692307
0 0.04567307692307692 0.6081730769230769 0.038461538461538464 0.13701923076923078
0 0.0889423076923077 0.5240384615384616 0.036057692307692304 0.057692307692307696
0 0.09134615384615384 0.578125 0.04927884615384615 0.19230769230769232
0 0.09014423076923077 0.6057692307692307 0.04807692307692308 0.1346153846153846
0 0.021634615384615384 0.6550480769230769 0.04326923076923077 0.06971153846153846
0 0.08774038461538461 0.6634615384615384 0.02403846153846154 0.03485576923076923
0 0.13341346153846154 0.6322115384615384 0.040865384615384616 0.09975961538461539
0 0.052884615384615384 0.37740384615384615 0.014423076923076924 0.038461538461538464
0 0.23677884615384615 0.3605769230769231 0.02283653846153846 0.042067307692307696
0 0.3786057692307692 0.6298076923076923 0.028846153846153848 0.05048076923076923
0 0.7175480769230769 0.5564903846153846 0.030048076923076924 0.08533653846153846
0 0.7247596153846154 0.4807692307692308 0.020432692307692308 0.038461538461538464
0 0.7451923076923077 0.4879807692307692 0.020432692307692308 0.051682692307692304
0 0.7379807692307693 0.5048076923076923 0.025240384615384616 0.055288461538461536
0 0.6574519230769231 0.4831730769230769 0.018028846153846152 0.03245192307692308
0 0.7247596153846154 0.46274038461538464 0.02283653846153846 0.04447115384615385
0 0.6802884615384616 0.38100961538461536 0.02283653846153846 0.078125
0 0.4411057692307692 0.5360576923076923 0.018028846153846152 0.028846153846153848