0 0.04447115384615385 0.5192307692307693 0.05048076923076923 0.1201923076923077
0 0.025240384615384616 0.6622596153846154 0.05048076923076923 0.1814903846153846
0 0.07091346153846154 0.578125 0.05889423076923077 0.0625
0 0.06129807692307692 0.6682692307692307 0.057692307692307696 0.16947115384615385
0 0.1045673076923077 0.7367788461538461 0.08173076923076923 0.24158653846153846
0 0.109375 0.7079326923076923 0.1045673076923077 0.18990384615384615
0 0.15625 0.6586538461538461 0.06850961538461539 0.16826923076923078
0 0.19951923076923078 0.6274038461538461 0.046875 0.12139423076923077
0 0.2127403846153846 0.7536057692307693 0.06129807692307692 0.20432692307692307
0 0.2536057692307692 0.5456730769230769 0.057692307692307696 0.12860576923076922
0 0.24158653846153846 0.6334134615384616 0.037259615384615384 0.13221153846153846
0 0.2620192307692308 0.6983173076923077 0.07451923076923077 0.21153846153846154
0 0.2800480769230769 0.6021634615384616 0.027644230769230768 0.05889423076923077
0 0.30288461538461536 0.6514423076923077 0.04567307692307692 0.171875
0 0.3088942307692308 0.5600961538461539 0.018028846153846152 0.055288461538461536
0 0.328125 0.5877403846153846 0.025240384615384616 0.054086538461538464
0 0.3425480769230769 0.65625 0.04326923076923077 0.17548076923076922
0 0.3894230769230769 0.6141826923076923 0.046875 0.0985576923076923
0 0.390625 0.6598557692307693 0.05889423076923077 0.15264423076923078
0 0.41466346153846156 0.6790865384615384 0.056490384615384616 0.125
0 0.43028846153846156 0.6694711538461539 0.07211538461538461 0.1622596153846154
0 0.421875 0.7524038461538461 0.08653846153846154 0.21514423076923078
0 0.46274038461538464 0.6334134615384616 0.02283653846153846 0.13701923076923078
0 0.47716346153846156 0.6646634615384616 0.04326923076923077 0.17668269230769232
0 0.5012019230769231 0.5985576923076923 0.028846153846153848 0.06129807692307692
0 0.5036057692307693 0.7019230769230769 0.052884615384615384 0.1875
0 0.5300480769230769 0.6033653846153846 0.025240384615384616 0.046875
0 0.5480769230769231 0.6622596153846154 0.04567307692307692 0.18269230769230768
0 0.5709134615384616 0.6454326923076923 0.02403846153846154 0.12740384615384615
0 0.5901442307692307 0.6706730769230769 0.0625 0.16466346153846154
0 0.5769230769230769 0.6286057692307693 0.014423076923076924 0.025240384615384616
0 0.6358173076923077 0.6466346153846154 0.030048076923076924 0.11538461538461539
0 0.6538461538461539 0.6646634615384616 0.05048076923076923 0.18269230769230768
0 0.6814903846153846 0.5925480769230769 0.03485576923076923 0.05889423076923077
0 0.6766826923076923 0.7055288461538461 0.06490384615384616 0.20072115384615385
0 0.7151442307692307 0.7463942307692307 0.0985576923076923 0.2548076923076923
0 0.703125 0.6189903846153846 0.03365384615384615 0.051682692307692304
0 0.7223557692307693 0.6021634615384616 0.030048076923076924 0.04927884615384615
0 0.7487980769230769 0.671875 0.05889423076923077 0.17427884615384615
0 0.7572115384615384 0.5829326923076923 0.03245192307692308 0.05048076923076923
0 0.8004807692307693 0.59375 0.036057692307692304 0.06490384615384616
0 0.8353365384615384 0.6550480769230769 0.026442307692307692 0.17307692307692307
0 0.8557692307692307 0.6201923076923077 0.019230769230769232 0.06850961538461539
0 0.8786057692307693 0.6370192307692307 0.040865384615384616 0.09975961538461539
0 0.9026442307692307 0.6334134615384616 0.028846153846153848 0.09495192307692307
0 0.9002403846153846 0.5961538461538461 0.03365384615384615 0.04807692307692308
0 0.921875 0.6802884615384616 0.05889423076923077 0.17067307692307693
0 0.9555288461538461 0.6634615384615384 0.040865384615384616 0.17427884615384615
0 0.9771634615384616 0.6754807692307693 0.04567307692307692 0.18269230769230768
0 0.38221153846153844 0.34615384615384615 0.02283653846153846 0.09014423076923077
0 0.4050480769230769 0.3425480769230769 0.021634615384615384 0.09375
0 0.39783653846153844 0.3557692307692308 0.014423076923076924 0.06971153846153846
0 0.41947115384615385 0.34375 0.02403846153846154 0.08533653846153846
0 0.4495192307692308 0.3401442307692308 0.026442307692307692 0.09254807692307693
0 0.4735576923076923 0.3449519230769231 0.025240384615384616 0.0889423076923077
0 0.5132211538461539 0.34615384615384615 0.030048076923076924 0.09134615384615384
0 0.32572115384615385 0.7043269230769231 0.0829326923076923 0.18389423076923078
0 0.015625 0.6742788461538461 0.030048076923076924 0.14903846153846154
0 0.28725961538461536 0.5745192307692307 0.028846153846153848 0.04567307692307692
0 0.7644230769230769 0.5925480769230769 0.01201923076923077 0.025240384615384616
0 0.7740384615384616 0.6658653846153846 0.040865384615384616 0.17908653846153846
0 0.5973557692307693 0.6862980769230769 0.06129807692307692 0.15865384615384615
0 0.6033653846153846 0.6021634615384616 0.027644230769230768 0.04326923076923077
0 0.5673076923076923 0.5865384615384616 0.02283653846153846 0.03125
0 0.09375 0.6165865384615384 0.015625 0.030048076923076924
0 0.12259615384615384 0.6189903846153846 0.021634615384615384 0.04567307692307692
0 0.8677884615384616 0.7451923076923077 0.10336538461538461 0.21033653846153846
0 0.33052884615384615 0.7572115384615384 0.0733173076923077 0.20552884615384615
0 0.515625 0.7391826923076923 0.09254807692307693 0.24519230769230768
0 0.6057692307692307 0.7632211538461539 0.0733173076923077 0.20793269230769232
0 0.17427884615384615 0.6610576923076923 0.021634615384615384 0.1346153846153846
0 0.8112980769230769 0.6971153846153846 0.08052884615384616 0.23557692307692307