0 0.5096153846153846 0.5540865384615384 0.34975961538461536 0.890625
0 0.6069711538461539 0.6502403846153846 0.21514423076923078 0.6334134615384616
0 0.3473557692307692 0.6298076923076923 0.11899038461538461 0.18028846153846154
0 0.7620192307692307 0.5769230769230769 0.171875 0.13581730769230768
0 0.9723557692307693 0.4026442307692308 0.055288461538461536 0.22115384615384615
0 0.8942307692307693 0.39663461538461536 0.15625 0.23677884615384615
0 0.8149038461538461 0.30649038461538464 0.09134615384615384 0.1201923076923077
0 0.6754807692307693 0.3161057692307692 0.11658653846153846 0.09735576923076923
0 0.5600961538461539 0.30408653846153844 0.0625 0.04927884615384615
0 0.26322115384615385 0.3870192307692308 0.13822115384615385 0.234375
0 0.04447115384615385 0.3942307692307692 0.0889423076923077 0.22115384615384615
0 0.051682692307692304 0.25 0.10216346153846154 0.14302884615384615
0 0.14543269230769232 0.2548076923076923 0.09375 0.13942307692307693
0 0.5733173076923077 0.23918269230769232 0.11658653846153846 0.125
0 0.7103365384615384 0.25841346153846156 0.10096153846153846 0.15625
0 0.9026442307692307 0.16706730769230768 0.13822115384615385 0.2764423076923077
0 0.75 0.17548076923076922 0.12620192307692307 0.2283653846153846
0 0.6995192307692307 0.17548076923076922 0.06009615384615385 0.11538461538461539
0 0.5480769230769231 0.17668269230769232 0.12980769230769232 0.22956730769230768
0 0.46634615384615385 0.18870192307692307 0.1045673076923077 0.1658653846153846
0 0.38341346153846156 0.18389423076923078 0.13221153846153846 0.1778846153846154
0 0.19951923076923078 0.19471153846153846 0.12860576923076922 0.14543269230769232
0 0.06850961538461539 0.19110576923076922 0.11658653846153846 0.18629807692307693
0 0.02283653846153846 0.078125 0.04567307692307692 0.11298076923076923
0 0.1045673076923077 0.07692307692307693 0.11658653846153846 0.13221153846153846
0 0.19110576923076922 0.08653846153846154 0.09495192307692307 0.10576923076923077
0 0.28365384615384615 0.09615384615384616 0.09134615384615384 0.14182692307692307
0 0.31850961538461536 0.13942307692307693 0.0733173076923077 0.13822115384615385
0 0.41225961538461536 0.14423076923076922 0.0733173076923077 0.14182692307692307
0 0.5084134615384616 0.13942307692307693 0.078125 0.15264423076923078
0 0.38100961538461536 0.06850961538461539 0.0733173076923077 0.0829326923076923
0 0.43509615384615385 0.06009615384615385 0.06971153846153846 0.09615384615384616
0 0.34134615384615385 0.038461538461538464 0.06610576923076923 0.07451923076923077
0 0.25 0.06370192307692307 0.078125 0.12379807692307693
0 0.17067307692307693 0.040865384615384616 0.10216346153846154 0.08052884615384616
0 0.12259615384615384 0.028846153846153848 0.08533653846153846 0.056490384615384616
0 0.042067307692307696 0.03365384615384615 0.0829326923076923 0.0673076923076923
0 0.48677884615384615 0.036057692307692304 0.09014423076923077 0.07211538461538461
0 0.5612980769230769 0.016826923076923076 0.07572115384615384 0.03365384615384615
0 0.8545673076923077 0.046875 0.0733173076923077 0.04807692307692308
0 0.9663461538461539 0.06971153846153846 0.0673076923076923 0.11057692307692307
0 0.9627403846153846 0.21754807692307693 0.07451923076923077 0.14903846153846154
0 0.9759615384615384 0.1346153846153846 0.04807692307692308 0.09134615384615384
0 0.8341346153846154 0.09134615384615384 0.0829326923076923 0.0889423076923077
0 0.7836538461538461 0.03245192307692308 0.10576923076923077 0.06490384615384616
0 0.8617788461538461 0.028846153846153848 0.07451923076923077 0.056490384615384616