0 0.9771634615384616 0.2848557692307692 0.009615384615384616 0.046875
0 0.9519230769230769 0.28846153846153844 0.03245192307692308 0.042067307692307696
0 0.9543269230769231 0.32211538461538464 0.016826923076923076 0.046875
0 0.6766826923076923 0.3317307692307692 0.016826923076923076 0.03485576923076923
0 0.7403846153846154 0.3317307692307692 0.020432692307692308 0.026442307692307692
0 0.9891826923076923 0.3317307692307692 0.016826923076923076 0.030048076923076924
0 0.6526442307692307 0.33413461538461536 0.02403846153846154 0.030048076923076924
0 0.7043269230769231 0.33653846153846156 0.019230769230769232 0.036057692307692304
0 0.7175480769230769 0.3449519230769231 0.016826923076923076 0.03245192307692308
0 0.7355769230769231 0.3557692307692308 0.02403846153846154 0.036057692307692304
0 0.6069711538461539 0.359375 0.020432692307692308 0.025240384615384616
0 0.6766826923076923 0.3605769230769231 0.020432692307692308 0.030048076923076924
0 0.6502403846153846 0.36538461538461536 0.019230769230769232 0.026442307692307692
0 0.9915865384615384 0.37259615384615385 0.016826923076923076 0.042067307692307696
0 0.5925480769230769 0.3737980769230769 0.015625 0.030048076923076924
0 0.6298076923076923 0.3737980769230769 0.020432692307692308 0.030048076923076924
0 0.9627403846153846 0.3786057692307692 0.019230769230769232 0.04326923076923077
0 0.7043269230769231 0.38341346153846156 0.027644230769230768 0.057692307692307696
0 0.5865384615384616 0.3870192307692308 0.016826923076923076 0.03485576923076923
0 0.6057692307692307 0.38822115384615385 0.015625 0.030048076923076924
0 0.7319711538461539 0.38822115384615385 0.025240384615384616 0.04567307692307692
0 0.6490384615384616 0.3894230769230769 0.020432692307692308 0.027644230769230768
0 0.5612980769230769 0.3918269230769231 0.02403846153846154 0.046875
0 0.6694711538461539 0.3954326923076923 0.025240384615384616 0.026442307692307692
0 0.7548076923076923 0.40024038461538464 0.020432692307692308 0.026442307692307692
0 0.5865384615384616 0.4074519230769231 0.019230769230769232 0.030048076923076924
0 0.6766826923076923 0.4110576923076923 0.020432692307692308 0.027644230769230768
0 0.5420673076923077 0.41225961538461536 0.020432692307692308 0.04567307692307692
0 0.7259615384615384 0.4170673076923077 0.019230769230769232 0.027644230769230768
0 0.9747596153846154 0.4170673076923077 0.020432692307692308 0.037259615384615384
0 0.5793269230769231 0.421875 0.02403846153846154 0.027644230769230768
0 0.6490384615384616 0.4254807692307692 0.016826923076923076 0.03485576923076923
0 0.5336538461538461 0.42788461538461536 0.020432692307692308 0.038461538461538464
0 0.7536057692307693 0.43028846153846156 0.010817307692307692 0.027644230769230768
0 0.49399038461538464 0.43028846153846156 0.01201923076923077 0.038461538461538464
0 0.6274038461538461 0.4326923076923077 0.016826923076923076 0.026442307692307692
0 0.47836538461538464 0.4362980769230769 0.025240384615384616 0.025240384615384616
0 0.5132211538461539 0.4387019230769231 0.025240384615384616 0.027644230769230768
0 0.5685096153846154 0.44471153846153844 0.010817307692307692 0.020432692307692308
0 0.5324519230769231 0.4483173076923077 0.020432692307692308 0.027644230769230768
0 0.6850961538461539 0.4495192307692308 0.019230769230769232 0.027644230769230768
0 0.5504807692307693 0.4519230769230769 0.019230769230769232 0.038461538461538464
0 0.4879807692307692 0.4567307692307692 0.01201923076923077 0.020432692307692308
0 0.6009615384615384 0.4567307692307692 0.025240384615384616 0.038461538461538464
0 0.6610576923076923 0.45913461538461536 0.019230769230769232 0.030048076923076924
0 0.5480769230769231 0.4675480769230769 0.025240384615384616 0.019230769230769232
0 0.6382211538461539 0.4675480769230769 0.020432692307692308 0.037259615384615384
0 0.5300480769230769 0.4675480769230769 0.020432692307692308 0.036057692307692304
0 0.7295673076923077 0.4675480769230769 0.019230769230769232 0.030048076923076924
0 0.6862980769230769 0.4723557692307692 0.020432692307692308 0.038461538461538464
0 0.5600961538461539 0.47596153846153844 0.020432692307692308 0.027644230769230768
0 0.6706730769230769 0.47716346153846156 0.02403846153846154 0.036057692307692304
0 0.7115384615384616 0.47836538461538464 0.02403846153846154 0.027644230769230768
0 0.5120192307692307 0.4831730769230769 0.020432692307692308 0.025240384615384616
0 0.5420673076923077 0.484375 0.020432692307692308 0.026442307692307692
0 0.5204326923076923 0.49278846153846156 0.027644230769230768 0.025240384615384616
0 0.09975961538461539 0.5048076923076923 0.026442307692307692 0.02403846153846154
0 0.056490384615384616 0.5096153846153846 0.016826923076923076 0.030048076923076924
0 0.3016826923076923 0.5168269230769231 0.020432692307692308 0.038461538461538464
0 0.6105769230769231 0.5192307692307693 0.015625 0.026442307692307692
0 0.2860576923076923 0.5240384615384616 0.01201923076923077 0.026442307692307692
0 0.08533653846153846 0.5360576923076923 0.025240384615384616 0.06370192307692307
0 0.3605769230769231 0.5456730769230769 0.07211538461538461 0.2247596153846154
0 0.13701923076923078 0.5637019230769231 0.04567307692307692 0.16706730769230768
0 0.007211538461538462 0.5685096153846154 0.014423076923076924 0.17067307692307693
0 0.038461538461538464 0.5697115384615384 0.04326923076923077 0.15985576923076922
0 0.2536057692307692 0.5793269230769231 0.03125 0.12980769230769232
0 0.578125 0.5829326923076923 0.0829326923076923 0.25600961538461536
0 0.6730769230769231 0.5865384615384616 0.027644230769230768 0.18389423076923078
0 0.5300480769230769 0.5877403846153846 0.04326923076923077 0.17668269230769232
0 0.18870192307692307 0.5877403846153846 0.10817307692307693 0.45913461538461536
0 0.7115384615384616 0.5889423076923077 0.026442307692307692 0.1875
0 0.6490384615384616 0.5949519230769231 0.026442307692307692 0.18028846153846154
0 0.9747596153846154 0.6021634615384616 0.04807692307692308 0.30288461538461536
0 0.10817307692307693 0.6021634615384616 0.0673076923076923 0.16105769230769232
0 0.8461538461538461 0.609375 0.2536057692307692 0.78125
0 0.4411057692307692 0.6141826923076923 0.1045673076923077 0.4206730769230769
0 0.31490384615384615 0.6418269230769231 0.09495192307692307 0.22956730769230768