0 0.8822115384615384 0.6983173076923077 0.23557692307692307 0.6021634615384616
0 0.8641826923076923 0.7403846153846154 0.19951923076923078 0.5192307692307693
0 0.7572115384615384 0.7620192307692307 0.140625 0.47475961538461536
0 0.6165865384615384 0.7692307692307693 0.1201923076923077 0.46033653846153844
0 0.6442307692307693 0.625 0.06129807692307692 0.23798076923076922
0 0.578125 0.6935096153846154 0.054086538461538464 0.3425480769230769
0 0.48197115384615385 0.6490384615384616 0.06610576923076923 0.33533653846153844
0 0.4326923076923077 0.5408653846153846 0.036057692307692304 0.1658653846153846
0 0.3329326923076923 0.6959134615384616 0.24278846153846154 0.6069711538461539
0 0.16947115384615385 0.6430288461538461 0.18028846153846154 0.45913461538461536
0 0.13701923076923078 0.6466346153846154 0.0733173076923077 0.2956730769230769
0 0.41225961538461536 0.5480769230769231 0.02283653846153846 0.10817307692307693
0 0.375 0.5480769230769231 0.020432692307692308 0.09134615384615384
0 0.38822115384615385 0.5444711538461539 0.015625 0.0625