0 0.9326923076923077 0.6887019230769231 0.1346153846153846 0.47115384615384615
0 0.8112980769230769 0.6875 0.11658653846153846 0.4362980769230769
0 0.6935096153846154 0.6802884615384616 0.11778846153846154 0.4326923076923077
0 0.5817307692307693 0.6814903846153846 0.12379807692307693 0.46274038461538464
0 0.4423076923076923 0.6995192307692307 0.1310096153846154 0.36538461538461536
0 0.3557692307692308 0.6959134615384616 0.1201923076923077 0.3473557692307692
0 0.24759615384615385 0.6971153846153846 0.14182692307692307 0.3870192307692308
0 0.07692307692307693 0.6911057692307693 0.15384615384615385 0.36658653846153844
0 0.051682692307692304 0.5685096153846154 0.10216346153846154 0.5024038461538461
0 0.15745192307692307 0.5865384615384616 0.09134615384615384 0.41466346153846156
0 0.23557692307692307 0.484375 0.12379807692307693 0.30288461538461536
0 0.31971153846153844 0.49278846153846156 0.0889423076923077 0.2548076923076923
0 0.4110576923076923 0.5300480769230769 0.0985576923076923 0.3605769230769231
0 0.5072115384615384 0.5709134615384616 0.10336538461538461 0.44471153846153844
0 0.5865384615384616 0.44711538461538464 0.12620192307692307 0.2127403846153846
0 0.6790865384615384 0.4639423076923077 0.08774038461538461 0.24519230769230768
0 0.7584134615384616 0.48197115384615385 0.0985576923076923 0.30408653846153844
0 0.8461538461538461 0.5889423076923077 0.08774038461538461 0.46634615384615385