0 0.025240384615384616 0.8185096153846154 0.05048076923076923 0.3293269230769231
0 0.06971153846153846 0.7680288461538461 0.054086538461538464 0.23557692307692307
0 0.11057692307692307 0.7560096153846154 0.04807692307692308 0.19951923076923078
0 0.1502403846153846 0.7560096153846154 0.04807692307692308 0.20673076923076922
0 0.18990384615384615 0.8401442307692307 0.11778846153846154 0.31971153846153844
0 0.2247596153846154 0.7788461538461539 0.054086538461538464 0.2620192307692308
0 0.25961538461538464 0.7295673076923077 0.042067307692307696 0.19110576923076922
0 0.28846153846153844 0.7271634615384616 0.03245192307692308 0.17067307692307693
0 0.3173076923076923 0.7283653846153846 0.04567307692307692 0.1778846153846154
0 0.3449519230769231 0.7211538461538461 0.03485576923076923 0.17427884615384615
0 0.3737980769230769 0.6971153846153846 0.02283653846153846 0.1310096153846154
0 0.38461538461538464 0.6959134615384616 0.02403846153846154 0.14182692307692307
0 0.4050480769230769 0.7091346153846154 0.051682692307692304 0.1622596153846154
0 0.16706730769230768 0.6237980769230769 0.013221153846153846 0.025240384615384616
0 0.19591346153846154 0.6310096153846154 0.02403846153846154 0.039663461538461536
0 0.2283653846153846 0.6418269230769231 0.02283653846153846 0.037259615384615384
0 0.4206730769230769 0.6514423076923077 0.020432692307692308 0.052884615384615384
0 0.41586538461538464 0.6286057692307693 0.02283653846153846 0.042067307692307696
0 0.4338942307692308 0.6862980769230769 0.02403846153846154 0.12379807692307693
0 0.453125 0.6923076923076923 0.02283653846153846 0.13341346153846154
0 0.47115384615384615 0.7091346153846154 0.05048076923076923 0.15985576923076922
0 0.47475961538461536 0.6237980769230769 0.020432692307692308 0.026442307692307692
0 0.49158653846153844 0.7055288461538461 0.026442307692307692 0.1502403846153846
0 0.5132211538461539 0.703125 0.039663461538461536 0.1658653846153846
0 0.53125 0.6778846153846154 0.026442307692307692 0.125
0 0.5384615384615384 0.6670673076923077 0.015625 0.09975961538461539
0 0.5432692307692307 0.6322115384615384 0.018028846153846152 0.054086538461538464
0 0.5540865384615384 0.6598557692307693 0.014423076923076924 0.08052884615384616
0 0.5721153846153846 0.6394230769230769 0.026442307692307692 0.04927884615384615
0 0.5697115384615384 0.7487980769230769 0.06129807692307692 0.17668269230769232
0 0.5805288461538461 0.8810096153846154 0.12259615384615384 0.23798076923076922
0 0.625 0.7884615384615384 0.0625 0.23076923076923078
0 0.703125 0.7572115384615384 0.07211538461538461 0.2283653846153846
0 0.6262019230769231 0.6850961538461539 0.04326923076923077 0.09254807692307693
0 0.5997596153846154 0.6610576923076923 0.028846153846153848 0.09254807692307693
0 0.6165865384615384 0.6370192307692307 0.021634615384615384 0.057692307692307696
0 0.5877403846153846 0.6322115384615384 0.016826923076923076 0.04447115384615385
0 0.6310096153846154 0.6334134615384616 0.021634615384615384 0.0625
0 0.6021634615384616 0.6057692307692307 0.015625 0.021634615384615384
0 0.6394230769230769 0.6153846153846154 0.009615384615384616 0.02283653846153846
0 0.65625 0.6514423076923077 0.02403846153846154 0.09014423076923077
0 0.671875 0.6778846153846154 0.02403846153846154 0.14423076923076922
0 0.6875 0.6442307692307693 0.013221153846153846 0.06610576923076923
0 0.7247596153846154 0.6213942307692307 0.014423076923076924 0.046875
0 0.7403846153846154 0.6141826923076923 0.013221153846153846 0.040865384615384616
0 0.75 0.6165865384615384 0.013221153846153846 0.037259615384615384
0 0.7740384615384616 0.6237980769230769 0.018028846153846152 0.05048076923076923
0 0.7980769230769231 0.6298076923076923 0.020432692307692308 0.06971153846153846
0 0.8149038461538461 0.6334134615384616 0.027644230769230768 0.04927884615384615
0 0.8401442307692307 0.6346153846153846 0.020432692307692308 0.07932692307692307
0 0.8521634615384616 0.6382211538461539 0.025240384615384616 0.057692307692307696
0 0.828125 0.7572115384615384 0.07692307692307693 0.24639423076923078
0 0.8713942307692307 0.7007211538461539 0.056490384615384616 0.20793269230769232
0 0.8978365384615384 0.6382211538461539 0.02403846153846154 0.038461538461538464
0 0.9074519230769231 0.6418269230769231 0.02403846153846154 0.054086538461538464
0 0.9098557692307693 0.6850961538461539 0.036057692307692304 0.09975961538461539
0 0.9230769230769231 0.6622596153846154 0.040865384615384616 0.07211538461538461
0 0.9375 0.7139423076923077 0.042067307692307696 0.15865384615384615
0 0.9459134615384616 0.6778846153846154 0.020432692307692308 0.0625
0 0.9555288461538461 0.7355769230769231 0.08173076923076923 0.18870192307692307