0 0.5072115384615384 0.7800480769230769 0.014423076923076924 0.07211538461538461
0 0.5204326923076923 0.7884615384615384 0.016826923076923076 0.04927884615384615
0 0.28365384615384615 0.7932692307692307 0.01201923076923077 0.037259615384615384
0 0.33653846153846156 0.7956730769230769 0.02403846153846154 0.042067307692307696
0 0.4266826923076923 0.796875 0.019230769230769232 0.03365384615384615
0 0.46033653846153844 0.7992788461538461 0.01201923076923077 0.026442307692307692
0 0.41346153846153844 0.8004807692307693 0.014423076923076924 0.03245192307692308
0 0.546875 0.8016826923076923 0.018028846153846152 0.05889423076923077
0 0.27163461538461536 0.8028846153846154 0.015625 0.04567307692307692
0 0.9026442307692307 0.8040865384615384 0.020432692307692308 0.036057692307692304
0 0.171875 0.8052884615384616 0.016826923076923076 0.036057692307692304
0 0.5 0.8064903846153846 0.016826923076923076 0.0733173076923077
0 0.4855769230769231 0.8088942307692307 0.01201923076923077 0.0733173076923077
0 0.6165865384615384 0.8112980769230769 0.021634615384615384 0.052884615384615384
0 0.49759615384615385 0.8112980769230769 0.018028846153846152 0.09375
0 0.1045673076923077 0.8149038461538461 0.021634615384615384 0.04447115384615385
0 0.19951923076923078 0.8161057692307693 0.015625 0.04326923076923077
0 0.38221153846153844 0.8161057692307693 0.026442307692307692 0.056490384615384616
0 0.078125 0.8161057692307693 0.021634615384615384 0.04927884615384615
0 0.09014423076923077 0.8173076923076923 0.01201923076923077 0.03485576923076923
0 0.33653846153846156 0.8173076923076923 0.027644230769230768 0.06009615384615385
0 0.47596153846153844 0.8173076923076923 0.016826923076923076 0.09495192307692307
0 0.6706730769230769 0.8185096153846154 0.030048076923076924 0.054086538461538464
0 0.05048076923076923 0.8197115384615384 0.021634615384615384 0.040865384615384616
0 0.15985576923076922 0.8209134615384616 0.030048076923076924 0.06850961538461539
0 0.30649038461538464 0.8221153846153846 0.025240384615384616 0.046875
0 0.1814903846153846 0.8245192307692307 0.021634615384615384 0.040865384615384616
0 0.45552884615384615 0.8245192307692307 0.026442307692307692 0.07091346153846154
0 0.4795673076923077 0.8245192307692307 0.014423076923076924 0.05889423076923077
0 0.5817307692307693 0.828125 0.020432692307692308 0.037259615384615384
0 0.8665865384615384 0.8317307692307693 0.03245192307692308 0.055288461538461536
0 0.9182692307692307 0.8317307692307693 0.021634615384615384 0.046875
0 0.2536057692307692 0.8329326923076923 0.019230769230769232 0.0673076923076923
0 0.4074519230769231 0.8341346153846154 0.021634615384615384 0.046875
0 0.2091346153846154 0.8353365384615384 0.027644230769230768 0.07451923076923077
0 0.09735576923076923 0.8377403846153846 0.016826923076923076 0.03485576923076923
0 0.08413461538461539 0.8401442307692307 0.02283653846153846 0.046875
0 0.16706730769230768 0.8425480769230769 0.014423076923076924 0.040865384615384616
0 0.29927884615384615 0.8425480769230769 0.016826923076923076 0.04567307692307692
0 0.12379807692307693 0.84375 0.021634615384615384 0.055288461538461536
0 0.04807692307692308 0.8449519230769231 0.018028846153846152 0.054086538461538464
0 0.6971153846153846 0.8461538461538461 0.027644230769230768 0.06850961538461539
0 0.6370192307692307 0.8473557692307693 0.027644230769230768 0.055288461538461536
0 0.3629807692307692 0.8473557692307693 0.02403846153846154 0.056490384615384616
0 0.5588942307692307 0.8473557692307693 0.026442307692307692 0.09615384615384616
0 0.24158653846153846 0.8509615384615384 0.021634615384615384 0.051682692307692304
0 0.016826923076923076 0.8521634615384616 0.020432692307692308 0.07451923076923077
0 0.6225961538461539 0.8521634615384616 0.028846153846153848 0.052884615384615384
0 0.7884615384615384 0.8533653846153846 0.030048076923076924 0.09735576923076923
0 0.11899038461538461 0.8545673076923077 0.026442307692307692 0.1045673076923077
0 0.008413461538461538 0.8557692307692307 0.015625 0.06009615384615385
0 0.08653846153846154 0.8629807692307693 0.015625 0.028846153846153848
0 0.13581730769230768 0.8641826923076923 0.030048076923076924 0.08052884615384616
0 0.19230769230769232 0.8641826923076923 0.019230769230769232 0.054086538461538464
0 0.22716346153846154 0.8713942307692307 0.037259615384615384 0.08173076923076923
0 0.5661057692307693 0.8725961538461539 0.027644230769230768 0.07091346153846154
0 0.7235576923076923 0.8737980769230769 0.037259615384615384 0.09495192307692307
0 0.25600961538461536 0.8737980769230769 0.030048076923076924 0.0733173076923077
0 0.44591346153846156 0.8737980769230769 0.025240384615384616 0.13822115384615385
0 0.9807692307692307 0.8798076923076923 0.025240384615384616 0.0625
0 0.10576923076923077 0.8798076923076923 0.02403846153846154 0.07091346153846154
0 0.16466346153846154 0.8822115384615384 0.016826923076923076 0.040865384615384616
0 0.06971153846153846 0.8858173076923077 0.030048076923076924 0.09735576923076923
0 0.5997596153846154 0.8870192307692307 0.0625 0.10336538461538461
0 0.6754807692307693 0.8882211538461539 0.026442307692307692 0.06490384615384616
0 0.20793269230769232 0.890625 0.019230769230769232 0.04326923076923077
0 0.6574519230769231 0.8930288461538461 0.038461538461538464 0.10336538461538461
0 0.35697115384615385 0.8954326923076923 0.03485576923076923 0.09975961538461539
0 0.2764423076923077 0.8966346153846154 0.06490384615384616 0.09735576923076923
0 0.14543269230769232 0.8978365384615384 0.036057692307692304 0.09615384615384616
0 0.7788461538461539 0.8978365384615384 0.038461538461538464 0.07091346153846154
0 0.6346153846153846 0.9002403846153846 0.021634615384615384 0.06009615384615385
0 0.42788461538461536 0.9026442307692307 0.052884615384615384 0.18870192307692307
0 0.5048076923076923 0.9086538461538461 0.06490384615384616 0.18028846153846154
0 0.18509615384615385 0.9098557692307693 0.04927884615384615 0.13942307692307693
0 0.8329326923076923 0.9122596153846154 0.038461538461538464 0.08173076923076923
0 0.3112980769230769 0.9146634615384616 0.04807692307692308 0.16826923076923078
0 0.9579326923076923 0.9158653846153846 0.06129807692307692 0.13822115384615385
0 0.014423076923076924 0.9182692307692307 0.027644230769230768 0.08653846153846154
0 0.7463942307692307 0.9194711538461539 0.057692307692307696 0.11298076923076923
0 0.03485576923076923 0.9206730769230769 0.051682692307692304 0.15625
0 0.38461538461538464 0.9206730769230769 0.04326923076923077 0.15625
0 0.27524038461538464 0.921875 0.046875 0.10336538461538461
0 0.22355769230769232 0.9302884615384616 0.07692307692307693 0.13822115384615385
0 0.08653846153846154 0.9326923076923077 0.052884615384615384 0.1310096153846154
0 0.90625 0.9362980769230769 0.04807692307692308 0.12379807692307693
0 0.6153846153846154 0.9435096153846154 0.06610576923076923 0.11177884615384616
0 0.875 0.9459134615384616 0.04567307692307692 0.1045673076923077
0 0.12139423076923077 0.9459134615384616 0.05048076923076923 0.1045673076923077
0 0.15625 0.9483173076923077 0.07451923076923077 0.10096153846153846
0 0.2283653846153846 0.9495192307692307 0.056490384615384616 0.0985576923076923
0 0.359375 0.9495192307692307 0.06129807692307692 0.09735576923076923
0 0.2776442307692308 0.9519230769230769 0.06610576923076923 0.09375
0 0.6899038461538461 0.9579326923076923 0.054086538461538464 0.08173076923076923
0 0.7848557692307693 0.9579326923076923 0.05048076923076923 0.08052884615384616
0 0.7403846153846154 0.9579326923076923 0.042067307692307696 0.08052884615384616