0 0.1201923076923077 0.7643107476635514 0.21765734265734266 0.46670560747663553
0 0.31228146853146854 0.7873831775700935 0.15865384615384615 0.42406542056074764
0 0.4949737762237762 0.7570093457943925 0.16564685314685315 0.36682242990654207
0 0.5871940559440559 0.7879672897196262 0.30026223776223776 0.42289719626168226
0 0.8280157342657343 0.7251752336448598 0.19536713286713286 0.548481308411215
0 0.08741258741258741 0.5887850467289719 0.15821678321678323 0.3925233644859813
0 0.21416083916083917 0.657126168224299 0.13723776223776224 0.32593457943925236
0 0.20432692307692307 0.5075934579439252 0.12980769230769232 0.22546728971962618
0 0.3581730769230769 0.5017523364485982 0.10708041958041958 0.18691588785046728
0 0.39488636363636365 0.6089369158878505 0.07211538461538461 0.19217289719626168
0 0.5281905594405595 0.6527453271028038 0.10096153846153846 0.20735981308411214
0 0.9296328671328671 0.6060163551401869 0.057692307692307696 0.28095794392523366
0 0.7449737762237763 0.7792056074766355 0.08347902097902098 0.44042056074766356
0 0.6435751748251748 0.6509929906542056 0.15428321678321677 0.24707943925233644
0 0.6621503496503497 0.5347546728971962 0.1486013986013986 0.28563084112149534
0 0.49978146853146854 0.47809579439252337 0.09047202797202797 0.2167056074766355
0 0.5620629370629371 0.5216121495327103 0.10139860139860139 0.29205607476635514
0 0.7534965034965035 0.4757593457943925 0.08479020979020979 0.2050233644859813
0 0.614291958041958 0.44742990654205606 0.06949300699300699 0.2605140186915888
0 0.29086538461538464 0.48130841121495327 0.07473776223776224 0.2383177570093458
0 0.4001311188811189 0.41880841121495327 0.07386363636363637 0.21845794392523366
0 0.927666083916084 0.4871495327102804 0.07561188811188811 0.14369158878504673
0 0.40865384615384615 0.8174649532710281 0.24475524475524477 0.3639018691588785
0 0.7895541958041958 0.6060163551401869 0.059003496503496504 0.24824766355140188
0 0.6619318181818182 0.46115654205607476 0.11756993006993006 0.1875
0 0.05725524475524475 0.38259345794392524 0.0673076923076923 0.0969626168224299
0 0.15952797202797203 0.4497663551401869 0.08216783216783216 0.17172897196261683
0 0.024256993006993008 0.4056658878504673 0.048513986013986016 0.29614485981308414
0 0.07736013986013986 0.33031542056074764 0.05944055944055944 0.18282710280373832
0 0.11057692307692307 0.36244158878504673 0.049825174825174824 0.2435747663551402
0 0.14532342657342656 0.3119158878504673 0.047639860139860137 0.17172897196261683
0 0.27731643356643354 0.41384345794392524 0.10008741258741259 0.143107476635514
0 0.23448426573426573 0.3712032710280374 0.047639860139860137 0.11974299065420561
0 0.17657342657342656 0.3431658878504673 0.06118881118881119 0.10338785046728972
0 0.3428758741258741 0.3492990654205608 0.06687062937062938 0.0969626168224299
0 0.42657342657342656 0.34170560747663553 0.04195804195804196 0.09579439252336448
0 0.49256993006993005 0.35046728971962615 0.03671328671328671 0.0689252336448598
0 0.5399912587412588 0.42026869158878505 0.03715034965034965 0.11039719626168225
0 0.18859265734265734 0.2733644859813084 0.04326923076923077 0.07009345794392523
0 0.20673076923076922 0.2596378504672897 0.03146853146853147 0.0625
0 0.2368881118881119 0.25671728971962615 0.043706293706293704 0.07067757009345794
0 0.2862762237762238 0.2949766355140187 0.03496503496503497 0.06658878504672897
0 0.3192744755244755 0.3326518691588785 0.054632867132867136 0.09521028037383178
0 0.3804632867132867 0.2596378504672897 0.05113636363636364 0.08936915887850468
0 0.43291083916083917 0.286214953271028 0.04326923076923077 0.0794392523364486
0 0.48863636363636365 0.321553738317757 0.03583916083916084 0.0963785046728972
0 0.5246940559440559 0.32272196261682246 0.041520979020979024 0.10105140186915888
0 0.5594405594405595 0.3557242990654206 0.037587412587412584 0.056074766355140186
0 0.5821678321678322 0.34170560747663553 0.05419580419580419 0.10397196261682243
0 0.6872814685314685 0.38814252336448596 0.07211538461538461 0.15595794392523366
0 0.7703234265734266 0.3907710280373832 0.06424825174825174 0.14602803738317757
0 0.7954545454545454 0.4015771028037383 0.037587412587412584 0.1419392523364486
0 0.7314248251748252 0.3443341121495327 0.05201048951048951 0.09404205607476636
0 0.673513986013986 0.3279789719626168 0.04195804195804196 0.10105140186915888
0 0.6643356643356644 0.3268107476635514 0.024475524475524476 0.051985981308411214
0 0.6239073426573427 0.3279789719626168 0.05201048951048951 0.08586448598130841
0 0.7976398601398601 0.36477803738317754 0.05332167832167832 0.10689252336448599
0 0.8498688811188811 0.4036214953271028 0.054632867132867136 0.11565420560747663
0 0.8802447552447552 0.459696261682243 0.05419580419580419 0.11565420560747663
0 0.8870192307692307 0.41764018691588783 0.0388986013986014 0.09579439252336448
0 0.9204545454545454 0.4173481308411215 0.0472027972027972 0.143107476635514
0 0.9709353146853147 0.49795560747663553 0.03802447552447553 0.18516355140186916
0 0.00043085465670692944 0.00028045571665647655 0.000012798608733923413 0.00010099135295659007
0 0.9541083916083916 0.3951518691588785 0.03671328671328671 0.0625
0 0.8756555944055944 0.34988317757009346 0.031031468531468532 0.0514018691588785
0 0.29632867132867136 0.23101635514018692 0.018356643356643356 0.036799065420560745
0 0.40428321678321677 0.28417056074766356 0.02972027972027972 0.084696261682243