0 0.0234375 0.7429906542056075 0.015625 0.03925233644859813
0 0.04248046875 0.7588785046728972 0.0107421875 0.03364485981308411
0 0.05517578125 0.7635514018691589 0.0166015625 0.07289719626168224
0 0.04833984375 0.7990654205607477 0.0205078125 0.09158878504672897
0 0.07177734375 0.7551401869158878 0.0126953125 0.03364485981308411
0 0.07080078125 0.7822429906542057 0.0166015625 0.04672897196261682
0 0.07666015625 0.7532710280373832 0.0107421875 0.056074766355140186
0 0.0859375 0.7420560747663552 0.015625 0.037383177570093455
0 0.09716796875 0.7897196261682243 0.0166015625 0.0691588785046729
0 0.107421875 0.7542056074766356 0.009765625 0.0616822429906542
0 0.0517578125 0.8925233644859814 0.04296875 0.16261682242990655
0 0.000030517578125 0.0016735086033714734 0.00006103515625 0.0003982880600925847
0 0.1689453125 0.7775700934579439 0.017578125 0.08598130841121496
0 0.15576171875 0.8485981308411215 0.0439453125 0.1233644859813084
0 0.13671875 0.9130841121495327 0.0703125 0.17009345794392525
0 0.1259765625 0.8822429906542056 0.0625 0.16074766355140188
0 0.11376953125 0.7878504672897196 0.0400390625 0.08037383177570094
0 0.17919921875 0.8906542056074767 0.0341796875 0.21495327102803738
0 0.00019598007202148438 0.0016979648877631234 0.00004673004150390625 0.0003493754913092847
0 0.22607421875 0.9168224299065421 0.0732421875 0.16261682242990655
0 0.1904296875 0.7897196261682243 0.017578125 0.05420560747663551
0 0.20947265625 0.7869158878504673 0.0146484375 0.056074766355140186
0 0.2138671875 0.8102803738317756 0.03515625 0.07289719626168224
0 0.2421875 0.8598130841121495 0.033203125 0.13457943925233645
0 0.2587890625 0.819626168224299 0.021484375 0.09158878504672897
0 0.28515625 0.8925233644859814 0.0546875 0.1588785046728972
0 0.3056640625 0.8383177570093457 0.03515625 0.13271028037383178
0 0.3154296875 0.8084112149532711 0.021484375 0.07289719626168224
0 0.27880859375 0.814018691588785 0.0322265625 0.11401869158878504
0 0.3330078125 0.8626168224299066 0.021484375 0.16261682242990655
0 0.33544921875 0.7869158878504673 0.0263671875 0.048598130841121495
0 0.35302734375 0.8934579439252337 0.0341796875 0.20934579439252338
0 0.38623046875 0.8841121495327103 0.0498046875 0.22803738317757008
0 0.0004038810729980469 0.0016542929513494627 0.00002956390380859375 0.00043671936413660587
0 0.43408203125 0.8635514018691589 0.0361328125 0.21682242990654205
0 0.44287109375 0.8514018691588785 0.0166015625 0.1588785046728972
0 0.46240234375 0.8757009345794392 0.0244140625 0.17383177570093458
0 0.4912109375 0.883177570093458 0.029296875 0.2261682242990654
0 0.53466796875 0.883177570093458 0.1005859375 0.22990654205607478
0 0.59375 0.8093457943925234 0.048828125 0.1383177570093458
0 0.6455078125 0.7607476635514019 0.021484375 0.06355140186915888
0 0.63427734375 0.7757009345794392 0.0126953125 0.10093457943925234
0 0.662109375 0.8934579439252337 0.0546875 0.20934579439252338
0 0.68701171875 0.9271028037383178 0.0205078125 0.1383177570093458
0 0.6826171875 0.8065420560747664 0.01953125 0.10654205607476636
0 0.6884765625 0.8308411214953271 0.01953125 0.1102803738317757
0 0.7021484375 0.8289719626168224 0.02734375 0.09906542056074766
0 0.712890625 0.8355140186915888 0.0234375 0.09345794392523364
0 0.73486328125 0.8943925233644859 0.0712890625 0.20747663551401868
0 0.7509765625 0.8102803738317756 0.021484375 0.0616822429906542
0 0.763671875 0.8485981308411215 0.02734375 0.11588785046728972
0 0.77392578125 0.8130841121495327 0.0146484375 0.052336448598130844
0 0.80126953125 0.8906542056074767 0.0712890625 0.21495327102803738
0 0.79638671875 0.8102803738317756 0.0517578125 0.09158878504672897
0 0.86962890625 0.9205607476635514 0.0810546875 0.15514018691588785
0 0.89501953125 0.8102803738317756 0.0205078125 0.1252336448598131
0 0.000060558319091796875 0.0016874836230238448 0.00003528594970703125 0.00037033802078784183
0 0.91796875 0.8570093457943925 0.017578125 0.11401869158878504
0 0.93017578125 0.8990654205607477 0.0361328125 0.19065420560747665
0 0.94970703125 0.8588785046728972 0.0400390625 0.17757009345794392
0 0.0009393692016601562 0.0016822429906542056 0.0000762939453125 0.0003808192855271203
0 0.84130859375 0.8635514018691589 0.0419921875 0.14579439252336449
0 0.875 0.8934579439252337 0.08203125 0.20934579439252338
0 0.8515625 0.811214953271028 0.01953125 0.048598130841121495
0 0.60986328125 0.8336448598130841 0.0263671875 0.052336448598130844
0 0.62109375 0.9065420560747663 0.056640625 0.15700934579439252
0 0.0005950927734375 0.0017381430692636913 0.00006866455078125 0.0002690191283081491
0 0.47314453125 0.8813084112149533 0.0224609375 0.18504672897196262