0 0.019230769230769232 0.35697115384615385 0.013221153846153846 0.03485576923076923
0 0.03245192307692308 0.35697115384615385 0.016826923076923076 0.03485576923076923
0 0.05048076923076923 0.35336538461538464 0.014423076923076924 0.025240384615384616
0 0.04927884615384615 0.38461538461538464 0.018028846153846152 0.046875
0 0.09735576923076923 0.3894230769230769 0.02403846153846154 0.06850961538461539
0 0.10216346153846154 0.3581730769230769 0.014423076923076924 0.025240384615384616
0 0.2548076923076923 0.3858173076923077 0.021634615384615384 0.051682692307692304
0 0.2920673076923077 0.39903846153846156 0.03365384615384615 0.09254807692307693
0 0.32091346153846156 0.4014423076923077 0.03485576923076923 0.06971153846153846
0 0.35096153846153844 0.38341346153846156 0.014423076923076924 0.04326923076923077
0 0.37259615384615385 0.3918269230769231 0.01201923076923077 0.015625
0 0.37740384615384615 0.36899038461538464 0.013221153846153846 0.036057692307692304
0 0.37740384615384615 0.3425480769230769 0.010817307692307692 0.020432692307692308
0 0.375 0.3449519230769231 0.009615384615384616 0.026442307692307692
0 0.46274038461538464 0.36778846153846156 0.020432692307692308 0.02283653846153846
0 0.4891826923076923 0.3713942307692308 0.015625 0.026442307692307692
0 0.6117788461538461 0.36658653846153844 0.01201923076923077 0.03485576923076923
0 0.6021634615384616 0.3557692307692308 0.01201923076923077 0.03245192307692308
0 0.6189903846153846 0.3641826923076923 0.009615384615384616 0.036057692307692304
0 0.6274038461538461 0.3641826923076923 0.013221153846153846 0.037259615384615384
0 0.6418269230769231 0.3786057692307692 0.013221153846153846 0.046875
0 0.6514423076923077 0.375 0.01201923076923077 0.042067307692307696
0 0.6682692307692307 0.3641826923076923 0.014423076923076924 0.019230769230769232
0 0.6670673076923077 0.38341346153846156 0.010817307692307692 0.018028846153846152
0 0.6838942307692307 0.38100961538461536 0.016826923076923076 0.04447115384615385
0 0.6947115384615384 0.38221153846153844 0.016826923076923076 0.046875
0 0.7271634615384616 0.4014423076923077 0.021634615384615384 0.06971153846153846
0 0.7512019230769231 0.4014423076923077 0.020432692307692308 0.0673076923076923
0 0.7596153846153846 0.3954326923076923 0.013221153846153846 0.06009615384615385
0 0.7728365384615384 0.39903846153846156 0.02283653846153846 0.07451923076923077
0 0.7896634615384616 0.41466346153846156 0.028846153846153848 0.09134615384615384
0 0.8473557692307693 0.4026442307692308 0.015625 0.037259615384615384
0 0.875 0.40865384615384615 0.036057692307692304 0.10817307692307693
0 0.9194711538461539 0.39302884615384615 0.009615384615384616 0.019230769230769232
0 0.9399038461538461 0.4074519230769231 0.030048076923076924 0.09254807692307693
0 0.7536057692307693 0.36658653846153844 0.013221153846153846 0.03365384615384615
0 0.7680288461538461 0.36177884615384615 0.008413461538461538 0.021634615384615384