0 0.8140625 0.788056206088993 0.0875 0.41920374707259955
0 0.5765625 0.734192037470726 0.13125 0.5269320843091335
0 0.46328125 0.7985948477751756 0.1671875 0.3981264637002342
0 0.2515625 0.7950819672131147 0.128125 0.405152224824356
0 0.30234375 0.7693208430913349 0.0953125 0.3770491803278688
0 0.00009399414062500002 0.0018483071809750505 0.00014892578125 0.0009981955695473569
0 0.1046875 0.6838407494145199 0.115625 0.26697892271662765
0 0.0359375 0.7950819672131147 0.05625 0.3957845433255269
0 0.1265625 0.7014051522248244 0.034375 0.18501170960187355
0 0.384375 0.7447306791569087 0.0625 0.26229508196721313
0 0.5078125 0.7295081967213115 0.0375 0.297423887587822
0 0.46328125 0.7564402810304449 0.0921875 0.4028103044496487
0 0.6640625 0.7798594847775175 0.1125 0.32786885245901637
0 0.61484375 0.7388758782201406 0.0328125 0.2646370023419204
0 0.6609375 0.7423887587822015 0.05 0.27634660421545665
0 0.87109375 0.6978922716627635 0.0359375 0.1592505854800937
0 0.9765625 0.7435597189695551 0.04375 0.2646370023419204
0 0.95625 0.7447306791569087 0.053125 0.2576112412177986
0 0.93203125 0.6955503512880562 0.0359375 0.1686182669789227
0 0.953125 0.6814988290398126 0.0375 0.12646370023419204
0 0.34609375 0.6885245901639344 0.0234375 0.12177985948477751
0 0.365625 0.6873536299765808 0.025 0.11475409836065574
0 0.41015625 0.6697892271662763 0.0234375 0.08430913348946135
0 0.225 0.6346604215456675 0.01875 0.05620608899297424
0 0.70234375 0.6814988290398126 0.0296875 0.117096018735363
0 0.72578125 0.680327868852459 0.0265625 0.11943793911007025
0 0.74921875 0.6838407494145199 0.0296875 0.11241217798594848
0 0.7734375 0.6814988290398126 0.025 0.117096018735363
0 0.78828125 0.680327868852459 0.0171875 0.11007025761124122
0 0.525 0.7716627634660421 0.05625 0.3442622950819672