0 0.1502403846153846 0.5492788461538461 0.28365384615384615 0.5600961538461539
0 0.203125 0.6502403846153846 0.28846153846153844 0.5492788461538461
0 0.5336538461538461 0.5360576923076923 0.17668269230769232 0.5300480769230769
0 0.7043269230769231 0.5757211538461539 0.19831730769230768 0.6105769230769231
0 0.7211538461538461 0.5144230769230769 0.17548076923076922 0.5144230769230769
0 0.8798076923076923 0.53125 0.2403846153846154 0.23677884615384615
0 0.1778846153846154 0.41346153846153844 0.09975961538461539 0.12860576923076922
0 0.36177884615384615 0.46153846153846156 0.14543269230769232 0.23677884615384615
0 0.44711538461538464 0.4254807692307692 0.1141826923076923 0.13701923076923078
0 0.8689903846153846 0.3786057692307692 0.13942307692307693 0.328125
0 0.9483173076923077 0.43509615384615385 0.10336538461538461 0.20673076923076922
0 0.3858173076923077 0.296875 0.06370192307692307 0.12259615384615384
0 0.421875 0.3173076923076923 0.04927884615384615 0.10697115384615384
0 0.5564903846153846 0.6081730769230769 0.25 0.21394230769230768
0 0.21514423076923078 0.3317307692307692 0.06850961538461539 0.06009615384615385
0 0.05889423076923077 0.2704326923076923 0.06129807692307692 0.06610576923076923
0 0.5084134615384616 0.28846153846153844 0.04447115384615385 0.0673076923076923
0 0.9411057692307693 0.2980769230769231 0.06370192307692307 0.10817307692307693
0 0.8990384615384616 0.38221153846153844 0.054086538461538464 0.09735576923076923
0 0.29927884615384615 0.2848557692307692 0.06129807692307692 0.0625
0 0.015625 0.359375 0.03125 0.07932692307692307
0 0.32091346153846156 0.47836538461538464 0.09975961538461539 0.20793269230769232
0 0.21754807692307693 0.3870192307692308 0.09615384615384616 0.08774038461538461
0 0.8016826923076923 0.3125 0.0625 0.1045673076923077
0 0.8401442307692307 0.2932692307692308 0.06610576923076923 0.07572115384615384