0 0.15144230769230768 0.6346153846153846 0.171875 0.7295673076923077
0 0.2247596153846154 0.625 0.15625 0.75
0 0.16706730769230768 0.22115384615384615 0.10216346153846154 0.16466346153846154
0 0.09134615384615384 0.25240384615384615 0.06490384615384616 0.19471153846153846
0 0.09975961538461539 0.10216346153846154 0.052884615384615384 0.14543269230769232
0 0.19831730769230768 0.27283653846153844 0.13221153846153846 0.3112980769230769
0 0.2620192307692308 0.3137019230769231 0.051682692307692304 0.23557692307692307
0 0.3137019230769231 0.22235576923076922 0.09014423076923077 0.27163461538461536
0 0.30408653846153844 0.65625 0.0985576923076923 0.65625
0 0.3137019230769231 0.6358173076923077 0.07932692307692307 0.6177884615384616
0 0.4375 0.7103365384615384 0.30649038461538464 0.578125
0 0.38100961538461536 0.23798076923076922 0.07211538461538461 0.35216346153846156
0 0.4230769230769231 0.5973557692307693 0.10576923076923077 0.7644230769230769
0 0.4639423076923077 0.19471153846153846 0.04567307692307692 0.1935096153846154
0 0.5108173076923077 0.28966346153846156 0.09735576923076923 0.2800480769230769
0 0.5288461538461539 0.46033653846153844 0.09014423076923077 0.35336538461538464
0 0.5408653846153846 0.23317307692307693 0.03485576923076923 0.13942307692307693
0 0.5180288461538461 0.5552884615384616 0.16346153846153846 0.8882211538461539
0 0.5552884615384616 0.1658653846153846 0.021634615384615384 0.08774038461538461
0 0.59375 0.20552884615384615 0.020432692307692308 0.08653846153846154
0 0.6081730769230769 0.2127403846153846 0.06850961538461539 0.22115384615384615
0 0.5793269230769231 0.40024038461538464 0.054086538461538464 0.3449519230769231
0 0.6009615384615384 0.6045673076923077 0.09375 0.6117788461538461
0 0.6478365384615384 0.3293269230769231 0.04927884615384615 0.21153846153846154
0 0.6658653846153846 0.28725961538461536 0.026442307692307692 0.12860576923076922
0 0.6502403846153846 0.20552884615384615 0.021634615384615384 0.055288461538461536
0 0.671875 0.18870192307692307 0.025240384615384616 0.0733173076923077
0 0.6742788461538461 0.6430288461538461 0.17307692307692307 0.7127403846153846
0 0.7007211538461539 0.578125 0.18509615384615385 0.84375
0 0.7632211538461539 0.6490384615384616 0.08774038461538461 0.6947115384615384
0 0.7608173076923077 0.24639423076923078 0.09735576923076923 0.3317307692307692
0 0.7956730769230769 0.3762019230769231 0.08653846153846154 0.5012019230769231
0 0.7584134615384616 0.18509615384615385 0.06850961538461539 0.12620192307692307
0 0.7992788461538461 0.25721153846153844 0.05048076923076923 0.10336538461538461
0 0.8221153846153846 0.21514423076923078 0.027644230769230768 0.11057692307692307
0 0.8365384615384616 0.24639423076923078 0.03245192307692308 0.0829326923076923
0 0.8485576923076923 0.40625 0.03125 0.20552884615384615
0 0.8257211538461539 0.6165865384615384 0.18990384615384615 0.7668269230769231
0 0.8894230769230769 0.671875 0.11177884615384616 0.65625
0 0.8822115384615384 0.2608173076923077 0.055288461538461536 0.18870192307692307
0 0.8918269230769231 0.38221153846153844 0.08052884615384616 0.19110576923076922
0 0.9146634615384616 0.22716346153846154 0.0673076923076923 0.15504807692307693
0 0.9603365384615384 0.3137019230769231 0.03365384615384615 0.0985576923076923
0 0.9615384615384616 0.33533653846153844 0.0733173076923077 0.2668269230769231
0 0.9771634615384616 0.40625 0.04447115384615385 0.09615384615384616
0 0.9543269230769231 0.8076923076923077 0.08653846153846154 0.38461538461538464