0 0.02403846153846154 0.3112980769230769 0.046875 0.07451923076923077
0 0.06610576923076923 0.3112980769230769 0.03485576923076923 0.04807692307692308
0 0.06971153846153846 0.3605769230769231 0.03485576923076923 0.11899038461538461
0 0.0889423076923077 0.33413461538461536 0.02403846153846154 0.1141826923076923
0 0.11538461538461539 0.3389423076923077 0.03485576923076923 0.13701923076923078
0 0.10096153846153846 0.4014423076923077 0.03245192307692308 0.08533653846153846
0 0.07572115384615384 0.43990384615384615 0.036057692307692304 0.10096153846153846
0 0.042067307692307696 0.38822115384615385 0.036057692307692304 0.08173076923076923
0 0.016826923076923076 0.38822115384615385 0.030048076923076924 0.07932692307692307
0 0.01201923076923077 0.5408653846153846 0.02283653846153846 0.08533653846153846
0 0.04927884615384615 0.5420673076923077 0.03365384615384615 0.09495192307692307
0 0.08533653846153846 0.5324519230769231 0.03245192307692308 0.06850961538461539
0 0.109375 0.5324519230769231 0.02283653846153846 0.07211538461538461
0 0.140625 0.5300480769230769 0.051682692307692304 0.109375
0 0.1814903846153846 0.5216346153846154 0.03485576923076923 0.052884615384615384
0 0.23197115384615385 0.5252403846153846 0.037259615384615384 0.08173076923076923
0 0.25721153846153844 0.5516826923076923 0.03125 0.10096153846153846
0 0.32211538461538464 0.5492788461538461 0.04567307692307692 0.0673076923076923
0 0.3473557692307692 0.5168269230769231 0.03485576923076923 0.09134615384615384
0 0.38341346153846156 0.5240384615384616 0.04567307692307692 0.1201923076923077
0 0.4074519230769231 0.5384615384615384 0.037259615384615384 0.07451923076923077
0 0.4831730769230769 0.578125 0.15264423076923078 0.5264423076923077
0 0.36899038461538464 0.7596153846153846 0.15625 0.4807692307692308
0 0.9651442307692307 0.7704326923076923 0.06971153846153846 0.328125
0 0.9182692307692307 0.7524038461538461 0.04807692307692308 0.3269230769230769
0 0.8918269230769231 0.7512019230769231 0.04326923076923077 0.234375
0 0.8858173076923077 0.7391826923076923 0.039663461538461536 0.23197115384615385
0 0.8509615384615384 0.7620192307692307 0.05048076923076923 0.27163461538461536
0 0.8209134615384616 0.7680288461538461 0.0625 0.22716346153846154
0 0.8088942307692307 0.71875 0.04326923076923077 0.25600961538461536
0 0.7800480769230769 0.7319711538461539 0.03125 0.2608173076923077
0 0.7716346153846154 0.7427884615384616 0.026442307692307692 0.2127403846153846
0 0.7608173076923077 0.7091346153846154 0.021634615384615384 0.1778846153846154
0 0.7379807692307693 0.7199519230769231 0.038461538461538464 0.1935096153846154
0 0.7127403846153846 0.7475961538461539 0.04807692307692308 0.20673076923076922
0 0.7139423076923077 0.7403846153846154 0.04447115384615385 0.19831730769230768
0 0.6850961538461539 0.7572115384615384 0.040865384615384616 0.078125
0 0.6346153846153846 0.7415865384615384 0.036057692307692304 0.21033653846153846
0 0.6021634615384616 0.7379807692307693 0.03485576923076923 0.18990384615384615
0 0.5697115384615384 0.7403846153846154 0.04807692307692308 0.2127403846153846
0 0.5216346153846154 0.7415865384615384 0.038461538461538464 0.20673076923076922
0 0.5492788461538461 0.7307692307692307 0.03485576923076923 0.20793269230769232
0 0.5721153846153846 0.6418269230769231 0.03365384615384615 0.07451923076923077
0 0.5564903846153846 0.6177884615384616 0.027644230769230768 0.07932692307692307
0 0.53125 0.5841346153846154 0.026442307692307692 0.08653846153846154
0 0.5060096153846154 0.6201923076923077 0.03245192307692308 0.09495192307692307
0 0.5012019230769231 0.5721153846153846 0.028846153846153848 0.06370192307692307
0 0.5 0.7391826923076923 0.042067307692307696 0.19471153846153846
0 0.53125 0.6490384615384616 0.014423076923076924 0.05048076923076923
0 0.5420673076923077 0.46634615384615385 0.06850961538461539 0.18389423076923078
0 0.6382211538461539 0.4026442307692308 0.030048076923076924 0.15625
0 0.6682692307692307 0.35216346153846156 0.036057692307692304 0.04807692307692308
0 0.5588942307692307 0.3701923076923077 0.020432692307692308 0.04447115384615385
0 0.5252403846153846 0.359375 0.038461538461538464 0.07091346153846154
0 0.5372596153846154 0.2608173076923077 0.021634615384615384 0.055288461538461536
0 0.5096153846153846 0.27163461538461536 0.016826923076923076 0.025240384615384616
0 0.5108173076923077 0.2800480769230769 0.030048076923076924 0.07572115384615384
0 0.48197115384615385 0.2824519230769231 0.03125 0.07572115384615384
0 0.453125 0.328125 0.03245192307692308 0.0829326923076923
0 0.41586538461538464 0.3389423076923077 0.03125 0.06610576923076923
0 0.31850961538461536 0.3389423076923077 0.03125 0.078125
0 0.2860576923076923 0.3473557692307692 0.026442307692307692 0.0733173076923077
0 0.2764423076923077 0.33653846153846156 0.016826923076923076 0.08413461538461539
0 0.2512019230769231 0.3605769230769231 0.025240384615384616 0.07692307692307693
0 0.2776442307692308 0.40625 0.03125 0.09495192307692307
0 0.2512019230769231 0.4098557692307692 0.03245192307692308 0.09014423076923077
0 0.008413461538461538 0.4519230769230769 0.015625 0.12980769230769232
0 0.013221153846153846 0.765625 0.026442307692307692 0.16346153846153846
0 0.038461538461538464 0.7728365384615384 0.046875 0.15384615384615385
0 0.07932692307692307 0.7379807692307693 0.052884615384615384 0.22115384615384615
0 0.1141826923076923 0.7740384615384616 0.03125 0.14903846153846154
0 0.14302884615384615 0.7331730769230769 0.04927884615384615 0.23798076923076922
0 0.19471153846153846 0.7800480769230769 0.03365384615384615 0.13341346153846154
0 0.20432692307692307 0.7175480769230769 0.08774038461538461 0.27283653846153844
0 0.22956730769230768 0.7487980769230769 0.03245192307692308 0.19471153846153846
0 0.2644230769230769 0.7451923076923077 0.051682692307692304 0.20673076923076922
0 0.30649038461538464 0.7644230769230769 0.037259615384615384 0.16706730769230768
0 0.39302884615384615 0.7608173076923077 0.0625 0.17307692307692307
0 0.40865384615384615 0.6947115384615384 0.026442307692307692 0.07932692307692307
0 0.3786057692307692 0.6826923076923077 0.018028846153846152 0.051682692307692304
0 0.41466346153846156 0.6610576923076923 0.039663461538461536 0.06610576923076923
0 0.4483173076923077 0.6682692307692307 0.02403846153846154 0.04326923076923077
0 0.4375 0.6478365384615384 0.014423076923076924 0.036057692307692304
0 0.41586538461538464 0.6213942307692307 0.040865384615384616 0.09615384615384616
0 0.3125 0.6586538461538461 0.046875 0.1502403846153846
0 0.3233173076923077 0.5757211538461539 0.025240384615384616 0.052884615384615384
0 0.3786057692307692 0.625 0.030048076923076924 0.09495192307692307
0 0.36177884615384615 0.5637019230769231 0.03125 0.046875
0 0.359375 0.5745192307692307 0.016826923076923076 0.036057692307692304
0 0.28846153846153844 0.59375 0.027644230769230768 0.07572115384615384
0 0.29927884615384615 0.6057692307692307 0.026442307692307692 0.054086538461538464
0 0.27524038461538464 0.6622596153846154 0.06370192307692307 0.1622596153846154
0 0.2692307692307692 0.6274038461538461 0.037259615384615384 0.09254807692307693
0 0.234375 0.6394230769230769 0.03245192307692308 0.0733173076923077
0 0.22716346153846154 0.5384615384615384 0.01201923076923077 0.021634615384615384
0 0.23918269230769232 0.5841346153846154 0.019230769230769232 0.08653846153846154
0 0.22716346153846154 0.5384615384615384 0.010817307692307692 0.020432692307692308
0 0.203125 0.5925480769230769 0.03485576923076923 0.054086538461538464
0 0.1814903846153846 0.5925480769230769 0.03365384615384615 0.08052884615384616
0 0.19831730769230768 0.5949519230769231 0.03365384615384615 0.17307692307692307
0 0.1971153846153846 0.5492788461538461 0.021634615384615384 0.038461538461538464
0 0.14543269230769232 0.5949519230769231 0.036057692307692304 0.0829326923076923
0 0.1502403846153846 0.5733173076923077 0.039663461538461536 0.0889423076923077
0 0.10096153846153846 0.5997596153846154 0.04567307692307692 0.10336538461538461
0 0.0673076923076923 0.6153846153846154 0.039663461538461536 0.11177884615384616
0 0.0673076923076923 0.5685096153846154 0.03245192307692308 0.046875
0 0.028846153846153848 0.6394230769230769 0.03365384615384615 0.078125
0 0.007211538461538462 0.6538461538461539 0.014423076923076924 0.09014423076923077
0 0.04447115384615385 0.6875 0.039663461538461536 0.08653846153846154
0 0.019230769230769232 0.6850961538461539 0.021634615384615384 0.0625
0 0.03245192307692308 0.5961538461538461 0.028846153846153848 0.07572115384615384
0 0.009615384615384616 0.5961538461538461 0.019230769230769232 0.07451923076923077
0 0.15504807692307693 0.6478365384615384 0.018028846153846152 0.03485576923076923
0 0.19831730769230768 0.5625 0.015625 0.03245192307692308