0 0.140625 0.6550480769230769 0.08653846153846154 0.27524038461538464
0 0.09735576923076923 0.6454326923076923 0.0673076923076923 0.27403846153846156
0 0.20072115384615385 0.6382211538461539 0.06009615384615385 0.22355769230769232
0 0.45072115384615385 0.7572115384615384 0.109375 0.21033653846153846
0 0.3954326923076923 0.6899038461538461 0.11177884615384616 0.22115384615384615
0 0.2704326923076923 0.7235576923076923 0.054086538461538464 0.109375
0 0.7548076923076923 0.703125 0.11778846153846154 0.2620192307692308
0 0.6670673076923077 0.6947115384615384 0.11298076923076923 0.18870192307692307
0 0.5985576923076923 0.6526442307692307 0.040865384615384616 0.07451923076923077
0 0.546875 0.6382211538461539 0.09134615384615384 0.1814903846153846
0 0.46153846153846156 0.6334134615384616 0.078125 0.19471153846153846
0 0.3605769230769231 0.6598557692307693 0.057692307692307696 0.21875
0 0.32572115384615385 0.6526442307692307 0.054086538461538464 0.23557692307692307
0 0.21754807692307693 0.6394230769230769 0.04447115384615385 0.21875
0 0.27163461538461536 0.5985576923076923 0.04927884615384615 0.12259615384615384
0 0.6129807692307693 0.6129807692307693 0.08052884615384616 0.15865384615384615
0 0.84375 0.6622596153846154 0.07692307692307693 0.28125
0 0.8858173076923077 0.6334134615384616 0.018028846153846152 0.09975961538461539
0 0.7163461538461539 0.6045673076923077 0.06850961538461539 0.17548076923076922
0 0.7680288461538461 0.6081730769230769 0.014423076923076924 0.04927884615384615
0 0.8088942307692307 0.5817307692307693 0.040865384615384616 0.06850961538461539
0 0.7824519230769231 0.5805288461538461 0.038461538461538464 0.10697115384615384
0 0.06370192307692307 0.5456730769230769 0.02403846153846154 0.057692307692307696
0 0.06490384615384616 0.5444711538461539 0.02403846153846154 0.05889423076923077
0 0.390625 0.5757211538461539 0.025240384615384616 0.052884615384615384
0 0.49158653846153844 0.5913461538461539 0.040865384615384616 0.12620192307692307
0 0.5288461538461539 0.6033653846153846 0.04927884615384615 0.1466346153846154
0 0.5817307692307693 0.5805288461538461 0.03245192307692308 0.051682692307692304
0 0.5793269230769231 0.5492788461538461 0.027644230769230768 0.06610576923076923
0 0.40384615384615385 0.5396634615384616 0.03125 0.09495192307692307
0 0.3918269230769231 0.7007211538461539 0.10817307692307693 0.23317307692307693