0 0.09375 0.484375 0.15264423076923078 0.6971153846153846
0 0.17908653846153846 0.4495192307692308 0.09134615384615384 0.6742788461538461
0 0.20552884615384615 0.5492788461538461 0.14423076923076922 0.6466346153846154
0 0.29447115384615385 0.5360576923076923 0.12139423076923077 0.6105769230769231
0 0.26802884615384615 0.20673076923076922 0.10216346153846154 0.26802884615384615
0 0.3473557692307692 0.43149038461538464 0.08653846153846154 0.7007211538461539
0 0.40625 0.18389423076923078 0.07692307692307693 0.18629807692307693
0 0.46274038461538464 0.49399038461538464 0.09014423076923077 0.6682692307692307
0 0.40625 0.5408653846153846 0.13581730769230768 0.5973557692307693
0 0.5360576923076923 0.5540865384615384 0.171875 0.6730769230769231
0 0.5264423076923077 0.16826923076923078 0.09495192307692307 0.22235576923076922
0 0.5829326923076923 0.4567307692307692 0.0829326923076923 0.6730769230769231
0 0.6430288461538461 0.42908653846153844 0.07932692307692307 0.7079326923076923
0 0.6454326923076923 0.5420673076923077 0.14302884615384615 0.6923076923076923
0 0.7584134615384616 0.5829326923076923 0.18509615384615385 0.7295673076923077
0 0.7163461538461539 0.17908653846153846 0.09495192307692307 0.18269230769230768
0 0.7992788461538461 0.5144230769230769 0.10817307692307693 0.7608173076923077
0 0.9026442307692307 0.5877403846153846 0.19471153846153846 0.7536057692307693