0 0.9711538461538461 0.890625 0.057692307692307696 0.21875
0 0.8245192307692307 0.9146634615384616 0.055288461538461536 0.17067307692307693
0 0.953125 0.9555288461538461 0.0625 0.0889423076923077
0 0.7475961538461539 0.9002403846153846 0.06971153846153846 0.19951923076923078
0 0.6694711538461539 0.9110576923076923 0.10216346153846154 0.17668269230769232
0 0.5588942307692307 0.8533653846153846 0.05048076923076923 0.18269230769230768
0 0.4951923076923077 0.7752403846153846 0.040865384615384616 0.06490384615384616
0 0.4483173076923077 0.8942307692307693 0.05889423076923077 0.21033653846153846
0 0.3894230769230769 0.8786057692307693 0.06370192307692307 0.24158653846153846
0 0.36899038461538464 0.8016826923076923 0.036057692307692304 0.14302884615384615
0 0.32572115384615385 0.7980769230769231 0.04447115384615385 0.09254807692307693
0 0.20072115384615385 0.8629807692307693 0.15985576923076922 0.27403846153846156
0 0.08774038461538461 0.6911057692307693 0.08052884615384616 0.109375
0 0.3125 0.8605769230769231 0.04807692307692308 0.19110576923076922
0 0.2776442307692308 0.7836538461538461 0.038461538461538464 0.06490384615384616
0 0.23197115384615385 0.7415865384615384 0.026442307692307692 0.036057692307692304
0 0.16466346153846154 0.7956730769230769 0.04447115384615385 0.13942307692307693
0 0.13822115384615385 0.7836538461538461 0.04447115384615385 0.14783653846153846
0 0.027644230769230768 0.8137019230769231 0.055288461538461536 0.3473557692307692
0 0.27524038461538464 0.8834134615384616 0.06971153846153846 0.23317307692307693