0 0.057692307692307696 0.5805288461538461 0.06370192307692307 0.19831730769230768
0 0.10576923076923077 0.6141826923076923 0.042067307692307696 0.22956730769230768
0 0.12980769230769232 0.6177884615384616 0.051682692307692304 0.24879807692307693
0 0.16826923076923078 0.6189903846153846 0.046875 0.23798076923076922
0 0.20552884615384615 0.6213942307692307 0.055288461538461536 0.23076923076923078
0 0.23197115384615385 0.6574519230769231 0.06971153846153846 0.23076923076923078
0 0.28725961538461536 0.6538461538461539 0.04927884615384615 0.22235576923076922
0 0.33774038461538464 0.6538461538461539 0.056490384615384616 0.22956730769230768
0 0.38341346153846156 0.65625 0.052884615384615384 0.21995192307692307
0 0.43509615384615385 0.65625 0.051682692307692304 0.2091346153846154
0 0.4879807692307692 0.6586538461538461 0.056490384615384616 0.21995192307692307
0 0.5384615384615384 0.6550480769230769 0.057692307692307696 0.22596153846153846
0 0.5877403846153846 0.6526442307692307 0.05048076923076923 0.21153846153846154
0 0.6346153846153846 0.6622596153846154 0.057692307692307696 0.2247596153846154
0 0.6862980769230769 0.6670673076923077 0.07211538461538461 0.23798076923076922
0 0.734375 0.6646634615384616 0.06370192307692307 0.23197115384615385
0 0.7752403846153846 0.6430288461538461 0.04807692307692308 0.2536057692307692
0 0.8016826923076923 0.6370192307692307 0.040865384615384616 0.25600961538461536
0 0.8329326923076923 0.6286057692307693 0.03365384615384615 0.2512019230769231
0 0.8629807692307693 0.6430288461538461 0.052884615384615384 0.25721153846153844
0 0.8822115384615384 0.6274038461538461 0.03485576923076923 0.25841346153846156
0 0.9158653846153846 0.6334134615384616 0.056490384615384616 0.27283653846153844
0 0.09735576923076923 0.5829326923076923 0.036057692307692304 0.20673076923076922
0 0.19230769230769232 0.5204326923076923 0.038461538461538464 0.09975961538461539
0 0.234375 0.5372596153846154 0.039663461538461536 0.10336538461538461
0 0.2704326923076923 0.5769230769230769 0.04567307692307692 0.19471153846153846
0 0.3016826923076923 0.5324519230769231 0.036057692307692304 0.09134615384615384
0 0.33052884615384615 0.5456730769230769 0.03485576923076923 0.13221153846153846
0 0.3545673076923077 0.5492788461538461 0.026442307692307692 0.09134615384615384
0 0.3858173076923077 0.5336538461538461 0.04567307692307692 0.12259615384615384
0 0.42427884615384615 0.5769230769230769 0.05048076923076923 0.23197115384615385
0 0.4639423076923077 0.5456730769230769 0.04447115384615385 0.13221153846153846
0 0.49158653846153844 0.5324519230769231 0.039663461538461536 0.12259615384615384
0 0.5300480769230769 0.5336538461538461 0.0625 0.14182692307692307
0 0.5637019230769231 0.5408653846153846 0.03245192307692308 0.11177884615384616
0 0.5961538461538461 0.5444711538461539 0.040865384615384616 0.1141826923076923
0 0.6298076923076923 0.5492788461538461 0.04447115384615385 0.1201923076923077
0 0.6646634615384616 0.546875 0.038461538461538464 0.11778846153846154
0 0.7055288461538461 0.5432692307692307 0.04927884615384615 0.12259615384615384
0 0.7403846153846154 0.5276442307692307 0.03365384615384615 0.0733173076923077
0 0.796875 0.49278846153846156 0.06129807692307692 0.13221153846153846
0 0.15745192307692307 0.47716346153846156 0.04807692307692308 0.13341346153846154
0 0.19471153846153846 0.4651442307692308 0.042067307692307696 0.10697115384615384
0 0.21754807692307693 0.47475961538461536 0.039663461538461536 0.10336538461538461
0 0.2548076923076923 0.4735576923076923 0.039663461538461536 0.11538461538461539
0 0.2848557692307692 0.4579326923076923 0.03365384615384615 0.078125
0 0.2956730769230769 0.47836538461538464 0.03245192307692308 0.10336538461538461
0 0.3173076923076923 0.4723557692307692 0.039663461538461536 0.10697115384615384
0 0.3449519230769231 0.4651442307692308 0.03485576923076923 0.08774038461538461
0 0.37740384615384615 0.484375 0.04807692307692308 0.12740384615384615
0 0.40024038461538464 0.4483173076923077 0.03485576923076923 0.06129807692307692
0 0.421875 0.4699519230769231 0.05048076923076923 0.10096153846153846
0 0.4483173076923077 0.44591346153846156 0.037259615384615384 0.0625
0 0.4651442307692308 0.47475961538461536 0.05048076923076923 0.10096153846153846
0 0.4951923076923077 0.4675480769230769 0.03485576923076923 0.10336538461538461
0 0.5204326923076923 0.46153846153846156 0.03485576923076923 0.0985576923076923
0 0.5528846153846154 0.46634615384615385 0.04567307692307692 0.1045673076923077
0 0.5817307692307693 0.47836538461538464 0.036057692307692304 0.12139423076923077
0 0.6105769230769231 0.48197115384615385 0.03245192307692308 0.1141826923076923
0 0.6165865384615384 0.4423076923076923 0.04326923076923077 0.06490384615384616
0 0.6442307692307693 0.4807692307692308 0.04326923076923077 0.1201923076923077
0 0.6598557692307693 0.4483173076923077 0.025240384615384616 0.054086538461538464
0 0.6802884615384616 0.4831730769230769 0.038461538461538464 0.11658653846153846
0 0.6971153846153846 0.4567307692307692 0.025240384615384616 0.0625
0 0.7175480769230769 0.4891826923076923 0.038461538461538464 0.09975961538461539
0 0.7271634615384616 0.4543269230769231 0.025240384615384616 0.05889423076923077
0 0.7475961538461539 0.4831730769230769 0.042067307692307696 0.0985576923076923
0 0.7608173076923077 0.484375 0.036057692307692304 0.09615384615384616
0 0.7872596153846154 0.5240384615384616 0.026442307692307692 0.06971153846153846
0 0.7524038461538461 0.5576923076923077 0.03125 0.08413461538461539