0 0.9891826923076923 0.5901442307692307 0.021634615384615384 0.12740384615384615
0 0.8713942307692307 0.5841346153846154 0.026442307692307692 0.09134615384615384
0 0.8713942307692307 0.5829326923076923 0.025240384615384616 0.08653846153846154
0 0.6862980769230769 0.5925480769230769 0.020432692307692308 0.08774038461538461
0 0.6057692307692307 0.6165865384615384 0.025240384615384616 0.10817307692307693
0 0.5877403846153846 0.5949519230769231 0.014423076923076924 0.052884615384615384
0 0.5637019230769231 0.6177884615384616 0.025240384615384616 0.10817307692307693
0 0.48197115384615385 0.6670673076923077 0.08533653846153846 0.4567307692307692
0 0.43509615384615385 0.5997596153846154 0.009615384615384616 0.040865384615384616
0 0.41225961538461536 0.6009615384615384 0.008413461538461538 0.03125
0 0.3894230769230769 0.6129807692307693 0.021634615384615384 0.0889423076923077
0 0.3557692307692308 0.6141826923076923 0.026442307692307692 0.0889423076923077
0 0.33533653846153844 0.6141826923076923 0.018028846153846152 0.07091346153846154
0 0.3269230769230769 0.6129807692307693 0.014423076923076924 0.06610576923076923
0 0.30528846153846156 0.6165865384615384 0.018028846153846152 0.0625
0 0.2920673076923077 0.6165865384615384 0.015625 0.06009615384615385
0 0.2608173076923077 0.6550480769230769 0.04326923076923077 0.11298076923076923
0 0.24278846153846154 0.6213942307692307 0.020432692307692308 0.0829326923076923
0 0.2247596153846154 0.625 0.019230769230769232 0.08052884615384616
0 0.20673076923076922 0.6310096153846154 0.03125 0.16466346153846154
0 0.15865384615384615 0.6790865384615384 0.11658653846153846 0.39903846153846156
0 0.12620192307692307 0.6646634615384616 0.056490384615384616 0.3786057692307692
0 0.09975961538461539 0.6141826923076923 0.01201923076923077 0.06850961538461539
0 0.08653846153846154 0.6201923076923077 0.026442307692307692 0.08413461538461539
0 0.04807692307692308 0.6225961538461539 0.021634615384615384 0.08173076923076923
0 0.015625 0.6237980769230769 0.026442307692307692 0.07692307692307693
0 0.004807692307692308 0.6165865384615384 0.009615384615384616 0.08413461538461539