0 0.0008333333333333334 0.0025 0.0016666666666666668 0.005
0 0.4691666666666667 0.42875 0.035 0.0575
0 0.5566666666666666 0.43125 0.03 0.0475
0 0.5158333333333334 0.435 0.035 0.06
0 0.6516666666666666 0.44375 0.03 0.0675
0 0.3491666666666667 0.4475 0.028333333333333332 0.065
0 0.31083333333333335 0.45125 0.051666666666666666 0.0875
0 0.3283333333333333 0.4525 0.03666666666666667 0.065
0 0.6883333333333334 0.45875 0.06 0.0775
0 0.28833333333333333 0.46625 0.07333333333333333 0.0925
0 0.7733333333333333 0.4825 0.06333333333333334 0.11
0 0.245 0.48375 0.09 0.1125
0 0.8066666666666666 0.5 0.08333333333333333 0.12
0 0.88 0.525 0.14333333333333334 0.19
0 0.15083333333333335 0.53375 0.135 0.1625
0 0.9633333333333334 0.575 0.07 0.185
0 0.02 0.575 0.04 0.205