0 0.8858173076923077 0.8870192307692307 0.0829326923076923 0.22596153846153846
0 0.8161057692307693 0.8774038461538461 0.06370192307692307 0.24519230769230768
0 0.7524038461538461 0.8846153846153846 0.06490384615384616 0.23076923076923078
0 0.6478365384615384 0.8774038461538461 0.06490384615384616 0.24519230769230768
0 0.6778846153846154 0.8533653846153846 0.04807692307692308 0.21995192307692307
0 0.6490384615384616 0.7668269230769231 0.06009615384615385 0.0985576923076923
0 0.6358173076923077 0.7560096153846154 0.028846153846153848 0.0625
0 0.6237980769230769 0.7536057692307693 0.02283653846153846 0.04927884615384615
0 0.59375 0.8329326923076923 0.04447115384615385 0.21033653846153846
0 0.5588942307692307 0.8245192307692307 0.040865384615384616 0.20793269230769232
0 0.5348557692307693 0.8269230769230769 0.03125 0.1971153846153846
0 0.515625 0.8245192307692307 0.038461538461538464 0.20432692307692307
0 0.5084134615384616 0.7475961538461539 0.026442307692307692 0.0673076923076923
0 0.4879807692307692 0.8377403846153846 0.04447115384615385 0.1971153846153846
0 0.44350961538461536 0.8257211538461539 0.051682692307692304 0.22235576923076922
0 0.46875 0.7487980769230769 0.025240384615384616 0.07692307692307693
0 0.4855769230769231 0.7548076923076923 0.026442307692307692 0.09254807692307693
0 0.40384615384615385 0.7896634615384616 0.038461538461538464 0.19591346153846154
0 0.4266826923076923 0.7451923076923077 0.016826923076923076 0.06009615384615385
0 0.3473557692307692 0.7824519230769231 0.028846153846153848 0.09134615384615384
0 0.34975961538461536 0.7487980769230769 0.019230769230769232 0.0733173076923077
0 0.36538461538461536 0.7439903846153846 0.02403846153846154 0.08173076923076923
0 0.1658653846153846 0.7403846153846154 0.026442307692307692 0.09375
0 0.17668269230769232 0.7079326923076923 0.018028846153846152 0.05048076923076923
0 0.20192307692307693 0.7067307692307693 0.02403846153846154 0.03125
0 0.21634615384615385 0.7019230769230769 0.016826923076923076 0.03245192307692308
0 0.22956730769230768 0.7067307692307693 0.019230769230769232 0.030048076923076924
0 0.10817307692307693 0.7019230769230769 0.019230769230769232 0.04927884615384615
0 0.1310096153846154 0.703125 0.010817307692307692 0.036057692307692304
0 0.12259615384615384 0.7019230769230769 0.013221153846153846 0.036057692307692304
0 0.06009615384615385 0.7271634615384616 0.025240384615384616 0.06490384615384616
0 0.28125 0.7103365384615384 0.025240384615384616 0.039663461538461536
0 0.15865384615384615 0.7271634615384616 0.015625 0.09735576923076923
0 0.19951923076923078 0.703125 0.02403846153846154 0.039663461538461536
0 0.49399038461538464 0.7524038461538461 0.015625 0.06370192307692307
0 0.030048076923076924 0.7415865384615384 0.014423076923076924 0.04927884615384615