0 0.006009615384615385 0.5456730769230769 0.01201923076923077 0.03245192307692308
0 0.008413461538461538 0.5384615384615384 0.016826923076923076 0.04927884615384615
0 0.16826923076923078 0.5264423076923077 0.01201923076923077 0.03245192307692308
0 0.18870192307692307 0.5372596153846154 0.014423076923076924 0.020432692307692308
0 0.19951923076923078 0.5336538461538461 0.014423076923076924 0.04447115384615385
0 0.2283653846153846 0.5420673076923077 0.013221153846153846 0.026442307692307692
0 0.23798076923076922 0.5348557692307693 0.009615384615384616 0.03485576923076923
0 0.27283653846153844 0.5372596153846154 0.01201923076923077 0.036057692307692304
0 0.28125 0.5348557692307693 0.014423076923076924 0.040865384615384616
0 0.29447115384615385 0.5408653846153846 0.009615384615384616 0.027644230769230768
0 0.3076923076923077 0.5408653846153846 0.015625 0.025240384615384616
0 0.36177884615384615 0.5276442307692307 0.009615384615384616 0.027644230769230768
0 0.37740384615384615 0.5372596153846154 0.010817307692307692 0.038461538461538464
0 0.38461538461538464 0.5348557692307693 0.008413461538461538 0.03245192307692308
0 0.3942307692307692 0.5324519230769231 0.009615384615384616 0.03365384615384615
0 0.4206730769230769 0.5336538461538461 0.01201923076923077 0.014423076923076924
0 0.45552884615384615 0.5324519230769231 0.009615384615384616 0.03245192307692308
0 0.46153846153846156 0.5288461538461539 0.009615384615384616 0.025240384615384616
0 0.5456730769230769 0.5372596153846154 0.008413461538461538 0.028846153846153848
0 0.5600961538461539 0.53125 0.008413461538461538 0.02283653846153846
0 0.5540865384615384 0.5336538461538461 0.009615384615384616 0.036057692307692304
0 0.5961538461538461 0.5372596153846154 0.01201923076923077 0.038461538461538464
0 0.6045673076923077 0.5372596153846154 0.010817307692307692 0.036057692307692304
0 0.6911057692307693 0.5372596153846154 0.01201923076923077 0.042067307692307696
0 0.7043269230769231 0.5360576923076923 0.010817307692307692 0.042067307692307696
0 0.7247596153846154 0.5372596153846154 0.008413461538461538 0.03485576923076923
0 0.7295673076923077 0.5384615384615384 0.008413461538461538 0.03485576923076923
0 0.7475961538461539 0.5432692307692307 0.014423076923076924 0.03125
0 0.7379807692307693 0.5420673076923077 0.014423076923076924 0.03125
0 0.7716346153846154 0.5444711538461539 0.015625 0.038461538461538464
0 0.7824519230769231 0.5372596153846154 0.014423076923076924 0.04567307692307692
0 0.8269230769230769 0.5456730769230769 0.016826923076923076 0.036057692307692304
0 0.8545673076923077 0.546875 0.020432692307692308 0.03485576923076923
0 0.8846153846153846 0.546875 0.016826923076923076 0.038461538461538464
0 0.8990384615384616 0.5504807692307693 0.020432692307692308 0.03365384615384615
0 0.9098557692307693 0.5348557692307693 0.014423076923076924 0.036057692307692304
0 0.9338942307692307 0.5516826923076923 0.020432692307692308 0.03485576923076923
0 0.9507211538461539 0.5444711538461539 0.014423076923076924 0.05048076923076923
0 0.96875 0.5492788461538461 0.016826923076923076 0.037259615384615384
0 0.9603365384615384 0.5528846153846154 0.018028846153846152 0.028846153846153848
0 0.9867788461538461 0.5432692307692307 0.018028846153846152 0.06009615384615385
0 0.04807692307692308 0.6490384615384616 0.09615384615384616 0.16947115384615385
0 0.0889423076923077 0.6526442307692307 0.10096153846153846 0.171875
0 0.17548076923076922 0.6394230769230769 0.09735576923076923 0.15384615384615385
0 0.3449519230769231 0.6117788461538461 0.0733173076923077 0.21995192307692307
0 0.43990384615384615 0.6550480769230769 0.07091346153846154 0.12139423076923077
0 0.5564903846153846 0.6502403846153846 0.06850961538461539 0.08533653846153846
0 0.6502403846153846 0.7079326923076923 0.0985576923076923 0.4651442307692308
0 0.7091346153846154 0.6177884615384616 0.030048076923076924 0.04567307692307692
0 0.8185096153846154 0.625 0.0625 0.11057692307692307
0 0.8401442307692307 0.6165865384615384 0.025240384615384616 0.07451923076923077
0 0.8810096153846154 0.6165865384615384 0.055288461538461536 0.09975961538461539
0 0.8822115384615384 0.6358173076923077 0.056490384615384616 0.14302884615384615
0 0.9326923076923077 0.6370192307692307 0.06370192307692307 0.13701923076923078
0 0.9807692307692307 0.6274038461538461 0.038461538461538464 0.09615384615384616
0 0.9855769230769231 0.6334134615384616 0.028846153846153848 0.07572115384615384