0 0.19110576923076922 0.6730769230769231 0.16105769230769232 0.46875
0 0.2764423076923077 0.6394230769230769 0.11899038461538461 0.5396634615384616
0 0.6646634615384616 0.7439903846153846 0.1658653846153846 0.3245192307692308
0 0.03365384615384615 0.6923076923076923 0.06129807692307692 0.19951923076923078
0 0.9014423076923077 0.6778846153846154 0.038461538461538464 0.13221153846153846
0 0.984375 0.6610576923076923 0.02403846153846154 0.09735576923076923
0 0.7824519230769231 0.6923076923076923 0.03365384615384615 0.15745192307692307
0 0.7403846153846154 0.6742788461538461 0.04807692307692308 0.06009615384615385
0 0.47115384615384615 0.6646634615384616 0.042067307692307696 0.07091346153846154
0 0.4254807692307692 0.6514423076923077 0.06490384615384616 0.09254807692307693
0 0.41586538461538464 0.6694711538461539 0.04807692307692308 0.056490384615384616
0 0.5336538461538461 0.7019230769230769 0.030048076923076924 0.09254807692307693
0 0.5673076923076923 0.6754807692307693 0.03365384615384615 0.1622596153846154
0 0.6045673076923077 0.6875 0.042067307692307696 0.13341346153846154
0 0.9326923076923077 0.6730769230769231 0.018028846153846152 0.03485576923076923
0 0.3918269230769231 0.6274038461538461 0.020432692307692308 0.07211538461538461
0 0.375 0.6742788461538461 0.02403846153846154 0.042067307692307696
0 0.35096153846153844 0.6262019230769231 0.018028846153846152 0.04807692307692308
0 0.2283653846153846 0.6550480769230769 0.026442307692307692 0.03485576923076923
0 0.1141826923076923 0.5733173076923077 0.04927884615384615 0.2127403846153846
0 0.6814903846153846 0.7463942307692307 0.12259615384615384 0.3269230769230769
0 0.8954326923076923 0.6189903846153846 0.014423076923076924 0.025240384615384616
0 0.8834134615384616 0.6646634615384616 0.02283653846153846 0.054086538461538464
0 0.9735576923076923 0.6213942307692307 0.016826923076923076 0.02403846153846154
0 0.016826923076923076 0.6430288461538461 0.015625 0.08173076923076923
0 0.8810096153846154 0.6526442307692307 0.021634615384615384 0.07932692307692307
0 0.3449519230769231 0.6430288461538461 0.016826923076923076 0.07211538461538461