0 0.021929824561403508 0.4685672514619883 0.017543859649122806 0.08625730994152046
0 0.043722587719298246 0.46747076023391815 0.04194078947368421 0.07748538011695906
0 0.07826206140350878 0.47496345029239767 0.038651315789473686 0.11074561403508772
0 0.11883223684210527 0.48391812865497075 0.05674342105263158 0.14327485380116958
0 0.15953947368421054 0.48135964912280704 0.041666666666666664 0.1440058479532164
0 0.21463815789473684 0.4583333333333333 0.04276315789473684 0.10599415204678363
0 0.26260964912280704 0.5104166666666666 0.04824561403508772 0.1472953216374269
0 0.32442434210526316 0.4682017543859649 0.04961622807017544 0.14912280701754385
0 0.36896929824561403 0.48501461988304095 0.03125 0.14692982456140352
0 0.4036458333333333 0.5345394736842105 0.06277412280701754 0.23135964912280702
0 0.4688870614035088 0.49451754385964913 0.04358552631578947 0.18055555555555555
0 0.5287828947368421 0.4581505847953216 0.03892543859649123 0.08735380116959064
0 0.5757949561403509 0.43512426900584794 0.04139254385964912 0.06980994152046784
0 0.6669407894736842 0.46984649122807015 0.03673245614035088 0.10124269005847954
0 0.6975054824561403 0.47094298245614036 0.05455043859649123 0.12244152046783625
0 0.8710252192982456 0.472953216374269 0.04906798245614035 0.11988304093567251
0 0.9510690789473685 0.4607090643274854 0.06332236842105263 0.1341374269005848
0 0.5509868421052632 0.5902777777777778 0.1425438596491228 0.22002923976608188
0 0.6085526315789473 0.6525950292397661 0.15405701754385964 0.2744883040935672
0 0.6239035087719298 0.6641081871345029 0.19298245614035087 0.2638888888888889
0 0.6147203947368421 0.7819809941520468 0.3829495614035088 0.43530701754385964
0 0.7675438596491229 0.5484283625730995 0.05866228070175439 0.10928362573099415
0 0.8277138157894737 0.6001461988304093 0.12637061403508773 0.1966374269005848
0 0.9029605263157895 0.6246345029239766 0.1787280701754386 0.24853801169590642
0 0.00025668955832563865 0.00027185180910365586 0.000036068790397045266 0.0001466797476146507
0 0.09786184210526316 0.6421783625730995 0.19572368421052633 0.2902046783625731
0 0.15117872807017543 0.6567982456140351 0.1493969298245614 0.24342105263157895
0 0.22683662280701755 0.6474780701754386 0.1455592105263158 0.3051900584795322
0 0.2826206140350877 0.6171418128654971 0.17160087719298245 0.22989766081871346
0 0.24191337719298245 0.47112573099415206 0.028782894736842105 0.10307017543859649
0 0.2993421052631579 0.4592470760233918 0.014802631578947368 0.05299707602339181
0 0.27809758771929827 0.45266812865497075 0.02549342105263158 0.07858187134502924
0 0.5642817982456141 0.4340277777777778 0.023848684210526317 0.04861111111111111
0 0.6154057017543859 0.4866593567251462 0.02850877192982456 0.07711988304093567
0 0.7712445175438597 0.4650950292397661 0.024396929824561403 0.089546783625731
0 0.7923519736842105 0.4650950292397661 0.03042763157894737 0.0939327485380117
0 0.8103070175438597 0.4643640350877193 0.015350877192982455 0.089546783625731
0 0.8203125 0.45632309941520466 0.013980263157894737 0.08223684210526316
0 0.8421052631578947 0.45760233918128657 0.015350877192982455 0.08771929824561403
0 0.8570449561403509 0.451937134502924 0.01836622807017544 0.06980994152046784
0 0.9013157894736842 0.45321637426900585 0.01864035087719298 0.059941520467836254
0 0.8899396929824561 0.4367690058479532 0.009046052631578948 0.029970760233918127
0 0.9698464912280702 0.4504751461988304 0.046052631578947366 0.14437134502923976
0 0.0002714176477377655 0.00017119316627338326 0.0000057108918128654764 0.000049026837317465215