0 0.44350961538461536 0.5096153846153846 0.014423076923076924 0.04447115384615385
0 0.41947115384615385 0.5204326923076923 0.016826923076923076 0.046875
0 0.4495192307692308 0.5456730769230769 0.01201923076923077 0.02403846153846154
0 0.43149038461538464 0.5492788461538461 0.014423076923076924 0.030048076923076924
0 0.4338942307692308 0.5588942307692307 0.014423076923076924 0.018028846153846152
0 0.46634615384615385 0.5661057692307693 0.014423076923076924 0.046875
0 0.4495192307692308 0.5721153846153846 0.01201923076923077 0.026442307692307692
0 0.39903846153846156 0.578125 0.02283653846153846 0.037259615384615384
0 0.3870192307692308 0.5961538461538461 0.026442307692307692 0.10096153846153846
0 0.42908653846153844 0.6225961538461539 0.02283653846153846 0.11298076923076923
0 0.39903846153846156 0.6310096153846154 0.026442307692307692 0.10817307692307693
0 0.3016826923076923 0.6322115384615384 0.02283653846153846 0.10697115384615384
0 0.4639423076923077 0.6454326923076923 0.025240384615384616 0.11298076923076923
0 0.5060096153846154 0.6526442307692307 0.037259615384615384 0.07451923076923077
0 0.4495192307692308 0.65625 0.036057692307692304 0.12139423076923077
0 0.5985576923076923 0.6766826923076923 0.030048076923076924 0.12259615384615384
0 0.53125 0.7211538461538461 0.03245192307692308 0.13221153846153846
0 0.5673076923076923 0.7235576923076923 0.03485576923076923 0.10817307692307693
0 0.7451923076923077 0.7271634615384616 0.025240384615384616 0.14423076923076922
0 0.71875 0.734375 0.03245192307692308 0.1466346153846154
0 0.49759615384615385 0.7403846153846154 0.03485576923076923 0.15625
0 0.46875 0.7536057692307693 0.03365384615384615 0.15865384615384615
0 0.5096153846153846 0.7632211538461539 0.030048076923076924 0.15625
0 0.43028846153846156 0.7668269230769231 0.04927884615384615 0.15384615384615385
0 0.2800480769230769 0.7872596153846154 0.04567307692307692 0.16947115384615385
0 0.5985576923076923 0.8653846153846154 0.05048076923076923 0.20793269230769232
0 0.5721153846153846 0.8665865384615384 0.03245192307692308 0.18629807692307693
0 0.6923076923076923 0.9014423076923077 0.036057692307692304 0.078125
0 0.8629807692307693 0.9014423076923077 0.03245192307692308 0.09134615384615384
0 0.6502403846153846 0.9050480769230769 0.05889423076923077 0.1201923076923077
0 0.4723557692307692 0.9182692307692307 0.0625 0.15985576923076922
0 0.8329326923076923 0.9206730769230769 0.038461538461538464 0.15625
0 0.8665865384615384 0.9387019230769231 0.038461538461538464 0.09735576923076923
0 0.7800480769230769 0.9579326923076923 0.055288461538461536 0.08052884615384616