0 0.12740384615384615 0.6286057692307693 0.18629807692307693 0.5612980769230769
0 0.25961538461538464 0.625 0.11057692307692307 0.3485576923076923
0 0.35697115384615385 0.6466346153846154 0.13822115384615385 0.421875
0 0.4639423076923077 0.6646634615384616 0.16947115384615385 0.4362980769230769
0 0.11658653846153846 0.5492788461538461 0.16826923076923078 0.4855769230769231
0 0.24879807692307693 0.42788461538461536 0.09495192307692307 0.27524038461538464
0 0.31490384615384615 0.42908653846153844 0.0985576923076923 0.25961538461538464
0 0.36778846153846156 0.4014423076923077 0.08173076923076923 0.2920673076923077
0 0.43990384615384615 0.3701923076923077 0.11538461538461539 0.4495192307692308
0 0.5108173076923077 0.4723557692307692 0.06971153846153846 0.47836538461538464
0 0.5697115384615384 0.5168269230769231 0.0733173076923077 0.46153846153846156
0 0.6334134615384616 0.5168269230769231 0.14302884615384615 0.46274038461538464
0 0.7524038461538461 0.5324519230769231 0.15985576923076922 0.5096153846153846
0 0.8425480769230769 0.5697115384615384 0.0985576923076923 0.4338942307692308
0 0.9338942307692307 0.5661057692307693 0.13221153846153846 0.4723557692307692
0 0.08653846153846154 0.3605769230769231 0.11778846153846154 0.41947115384615385
0 0.19230769230769232 0.2704326923076923 0.10216346153846154 0.26322115384615385
0 0.26322115384615385 0.2800480769230769 0.08052884615384616 0.23677884615384615
0 0.359375 0.24759615384615385 0.06610576923076923 0.18990384615384615
0 0.41225961538461536 0.25961538461538464 0.06490384615384616 0.21634615384615385
0 0.48197115384615385 0.2512019230769231 0.08774038461538461 0.23197115384615385
0 0.5612980769230769 0.25841346153846156 0.08653846153846154 0.23677884615384615
0 0.6298076923076923 0.27884615384615385 0.0985576923076923 0.21754807692307693
0 0.7127403846153846 0.44471153846153844 0.08774038461538461 0.48677884615384615
0 0.7740384615384616 0.390625 0.08774038461538461 0.5913461538461539
0 0.859375 0.31971153846153844 0.10216346153846154 0.22716346153846154
0 0.9447115384615384 0.31490384615384615 0.09735576923076923 0.19831730769230768
0 0.028846153846153848 0.2848557692307692 0.02403846153846154 0.0673076923076923
0 0.037259615384615384 0.1814903846153846 0.02403846153846154 0.08653846153846154
0 0.6478365384615384 0.14423076923076922 0.018028846153846152 0.05889423076923077
0 0.8317307692307693 0.1346153846153846 0.021634615384615384 0.06490384615384616
0 0.8557692307692307 0.18028846153846154 0.021634615384615384 0.07932692307692307
0 0.8677884615384616 0.18629807692307693 0.021634615384615384 0.042067307692307696
0 0.8137019230769231 0.17067307692307693 0.021634615384615384 0.06490384615384616
0 0.7896634615384616 0.15985576923076922 0.014423076923076924 0.036057692307692304
0 0.8894230769230769 0.18269230769230768 0.03125 0.056490384615384616
0 0.9459134615384616 0.18870192307692307 0.027644230769230768 0.039663461538461536
0 0.9302884615384616 0.1935096153846154 0.02403846153846154 0.05889423076923077
0 0.9194711538461539 0.15384615384615385 0.013221153846153846 0.052884615384615384
0 0.009615384615384616 0.2848557692307692 0.018028846153846152 0.06610576923076923
0 0.03245192307692308 0.25841346153846156 0.025240384615384616 0.04326923076923077
0 0.234375 0.15985576923076922 0.018028846153846152 0.06129807692307692
0 0.41346153846153844 0.14903846153846154 0.008413461538461538 0.019230769230769232
0 0.42908653846153844 0.15985576923076922 0.018028846153846152 0.06370192307692307
0 0.8894230769230769 0.16466346153846154 0.015625 0.05048076923076923
0 0.9134615384615384 0.18509615384615385 0.026442307692307692 0.04927884615384615
0 0.9122596153846154 0.15264423076923078 0.010817307692307692 0.015625
0 0.7992788461538461 0.17067307692307693 0.015625 0.040865384615384616
0 0.31009615384615385 0.2824519230769231 0.056490384615384616 0.23798076923076922
0 0.6502403846153846 0.15745192307692307 0.06129807692307692 0.16706730769230768
0 0.7319711538461539 0.18028846153846154 0.08774038461538461 0.1622596153846154
0 0.7992788461538461 0.1310096153846154 0.02283653846153846 0.06129807692307692
0 0.9915865384615384 0.32091346153846156 0.015625 0.06370192307692307