0 0.44921875 0.4244791666666667 0.087890625 0.15104166666666666
0 0.3701171875 0.4348958333333333 0.10546875 0.18229166666666666
0 0.85498046875 0.6002604166666666 0.1142578125 0.5390625
0 0.939453125 0.6041666666666666 0.119140625 0.5833333333333334
0 0.708984375 0.6048177083333334 0.1015625 0.4830729166666667
0 0.58740234375 0.6067708333333334 0.0869140625 0.4765625
0 0.5185546875 0.607421875 0.091796875 0.5065104166666666
0 0.2348046875 0.6108203125 0.095703125 0.5182291666666666
0 0.3037109375 0.6126302083333334 0.078125 0.5013020833333334
0 0.64453125 0.619140625 0.09375 0.4622395833333333
0 0.77978515625 0.6204427083333334 0.0986328125 0.4908854166666667
0 0.15087890625 0.6328125 0.0966796875 0.4973958333333333
0 0.05859375 0.634765625 0.099609375 0.5299479166666666