0 0.5997596153846154 0.6682692307692307 0.35216346153846156 0.6346153846153846
0 0.8461538461538461 0.42908653846153844 0.052884615384615384 0.10817307692307693
0 0.03365384615384615 0.4230769230769231 0.0673076923076923 0.07211538461538461
0 0.1310096153846154 0.43028846153846156 0.054086538461538464 0.10336538461538461
0 0.2980769230769231 0.43028846153846156 0.03245192307692308 0.07211538461538461
0 0.36177884615384615 0.421875 0.056490384615384616 0.09615384615384616
0 0.390625 0.4375 0.026442307692307692 0.056490384615384616
0 0.3701923076923077 0.41346153846153844 0.057692307692307696 0.10216346153846154
0 0.3858173076923077 0.37259615384615385 0.018028846153846152 0.013221153846153846
0 0.4026442307692308 0.3918269230769231 0.021634615384615384 0.04326923076923077
0 0.4206730769230769 0.4098557692307692 0.037259615384615384 0.09615384615384616
0 0.46274038461538464 0.4254807692307692 0.07091346153846154 0.0985576923076923
0 0.47716346153846156 0.38100961538461536 0.03245192307692308 0.040865384615384616
0 0.4951923076923077 0.41947115384615385 0.03485576923076923 0.09014423076923077
0 0.5216346153846154 0.41947115384615385 0.04567307692307692 0.09975961538461539
0 0.5528846153846154 0.4170673076923077 0.04447115384615385 0.08774038461538461
0 0.5721153846153846 0.4098557692307692 0.02403846153846154 0.06850961538461539
0 0.5961538461538461 0.3942307692307692 0.037259615384615384 0.05889423076923077