0 0.92018779342723 0.28125 0.011737089201877934 0.03333333333333333
0 0.06279342723004695 0.28854166666666664 0.012910798122065728 0.06458333333333334
0 0.9776995305164319 0.30625 0.014084507042253521 0.06666666666666667
0 0.511150234741784 0.31145833333333334 0.015258215962441314 0.06458333333333334
0 0.02699530516431925 0.3125 0.01643192488262911 0.07916666666666666
0 0.04812206572769953 0.31354166666666666 0.01643192488262911 0.06875
0 0.09624413145539906 0.31354166666666666 0.014084507042253521 0.06041666666666667
0 0.5446009389671361 0.3145833333333333 0.011737089201877934 0.06666666666666667
0 0.5545774647887324 0.315625 0.015258215962441314 0.04791666666666667
0 0.046948356807511735 0.31979166666666664 0.01643192488262911 0.06875
0 0.5956572769953051 0.31979166666666664 0.015258215962441314 0.06458333333333334
0 0.9518779342723005 0.321875 0.023474178403755867 0.06458333333333334
0 0.19072769953051644 0.32395833333333335 0.012910798122065728 0.05625
0 0.2007042253521127 0.325 0.01643192488262911 0.0625
0 0.5669014084507042 0.32708333333333334 0.014084507042253521 0.075
0 0.7805164319248826 0.32916666666666666 0.018779342723004695 0.07083333333333333
0 0.43427230046948356 0.3302083333333333 0.014084507042253521 0.07708333333333334
0 0.8568075117370892 0.3333333333333333 0.018779342723004695 0.0625
0 0.698943661971831 0.33645833333333336 0.012910798122065728 0.04375
0 0.0886150234741784 0.3385416666666667 0.022300469483568074 0.08125
0 0.7077464788732394 0.340625 0.011737089201877934 0.06458333333333334
0 0.13086854460093897 0.34270833333333334 0.015258215962441314 0.05625
0 0.22124413145539906 0.34270833333333334 0.015258215962441314 0.06458333333333334
0 0.232981220657277 0.34791666666666665 0.01995305164319249 0.075
0 0.8233568075117371 0.35 0.02464788732394366 0.07916666666666666
0 0.7464788732394366 0.35104166666666664 0.01643192488262911 0.06458333333333334
0 0.015258215962441314 0.35208333333333336 0.01643192488262911 0.04583333333333333
0 0.05868544600938967 0.353125 0.018779342723004695 0.07708333333333334
0 0.8022300469483568 0.353125 0.012910798122065728 0.04375
0 0.03286384976525822 0.3541666666666667 0.02112676056338028 0.07916666666666666
0 0.07511737089201878 0.3541666666666667 0.02112676056338028 0.08333333333333333
0 0.4448356807511737 0.35625 0.01643192488262911 0.075
0 0.715962441314554 0.35625 0.018779342723004695 0.075
0 0.49295774647887325 0.3572916666666667 0.018779342723004695 0.06875
0 0.6801643192488263 0.3572916666666667 0.015258215962441314 0.08125
0 0.7599765258215962 0.36041666666666666 0.017605633802816902 0.04583333333333333
0 0.3057511737089202 0.3645833333333333 0.015258215962441314 0.07083333333333333
0 0.4612676056338028 0.3645833333333333 0.01643192488262911 0.08333333333333333
0 0.10152582159624413 0.3645833333333333 0.017605633802816902 0.075
0 0.5181924882629108 0.365625 0.017605633802816902 0.06458333333333334
0 0.5352112676056338 0.36770833333333336 0.01643192488262911 0.07291666666666667
0 0.4782863849765258 0.36875 0.01995305164319249 0.06666666666666667
0 0.17370892018779344 0.37083333333333335 0.018779342723004695 0.07916666666666666
0 0.812206572769953 0.371875 0.014084507042253521 0.07708333333333334
0 0.42488262910798125 0.375 0.014084507042253521 0.0375
0 0.5721830985915493 0.37604166666666666 0.017605633802816902 0.08125
0 0.14612676056338028 0.378125 0.015258215962441314 0.08541666666666667
0 0.6960093896713615 0.378125 0.014084507042253521 0.07291666666666667
0 0.909037558685446 0.38125 0.022300469483568074 0.0875
0 0.28169014084507044 0.38333333333333336 0.01643192488262911 0.07916666666666666
0 0.2681924882629108 0.38958333333333334 0.017605633802816902 0.09166666666666666
0 0.1942488262910798 0.3927083333333333 0.017605633802816902 0.07708333333333334
0 0.8755868544600939 0.39479166666666665 0.023474178403755867 0.03958333333333333
0 0.1596244131455399 0.4 0.023474178403755867 0.07916666666666666
0 0.5240610328638498 0.40625 0.017605633802816902 0.07916666666666666
0 0.215962441314554 0.40729166666666666 0.02112676056338028 0.06458333333333334
0 0.70481220657277 0.4083333333333333 0.017605633802816902 0.08333333333333333
0 0.7822769953051644 0.4083333333333333 0.01995305164319249 0.08333333333333333
0 0.3268779342723005 0.409375 0.015258215962441314 0.08125
0 0.3444835680751174 0.41041666666666665 0.02464788732394366 0.0875
0 0.5434272300469484 0.41041666666666665 0.018779342723004695 0.09166666666666666
0 0.02523474178403756 0.4114583333333333 0.022300469483568074 0.08125
0 0.6883802816901409 0.4114583333333333 0.017605633802816902 0.08541666666666667
0 0.7276995305164319 0.4114583333333333 0.009389671361502348 0.06458333333333334
0 0.9284037558685446 0.4114583333333333 0.02112676056338028 0.08541666666666667
0 0.9419014084507042 0.41458333333333336 0.017605633802816902 0.08333333333333333
0 0.5563380281690141 0.4166666666666667 0.01643192488262911 0.09583333333333334
0 0.8908450704225352 0.4166666666666667 0.014084507042253521 0.0875
0 0.7247652582159625 0.4197916666666667 0.015258215962441314 0.08125
0 0.761150234741784 0.4197916666666667 0.02464788732394366 0.09791666666666667
0 0.29577464788732394 0.4239583333333333 0.018779342723004695 0.08541666666666667
0 0.4859154929577465 0.4239583333333333 0.02112676056338028 0.08958333333333333
0 0.47124413145539906 0.425 0.017605633802816902 0.09166666666666666
0 0.7453051643192489 0.42916666666666664 0.02112676056338028 0.09166666666666666
0 0.38673708920187794 0.43125 0.01995305164319249 0.0875
0 0.4102112676056338 0.43125 0.022300469483568074 0.09583333333333334
0 0.5980046948356808 0.43125 0.02464788732394366 0.08333333333333333
0 0.3086854460093897 0.4322916666666667 0.025821596244131457 0.06875
0 0.6273474178403756 0.4322916666666667 0.01995305164319249 0.08958333333333333
0 0.8415492957746479 0.4395833333333333 0.025821596244131457 0.10416666666666667
0 0.20246478873239437 0.44375 0.02699530516431925 0.0875
0 0.823943661971831 0.44375 0.02112676056338028 0.08333333333333333
0 0.43309859154929575 0.44479166666666664 0.025821596244131457 0.11458333333333333
0 0.7887323943661971 0.446875 0.025821596244131457 0.09791666666666667
0 0.22065727699530516 0.45 0.025821596244131457 0.06666666666666667
0 0.1807511737089202 0.4510416666666667 0.025821596244131457 0.09375
0 0.3685446009389671 0.45625 0.023474178403755867 0.1
0 0.6402582159624414 0.45729166666666665 0.01995305164319249 0.08958333333333333
0 0.7106807511737089 0.4583333333333333 0.017605633802816902 0.04583333333333333
0 0.7312206572769953 0.459375 0.018779342723004695 0.05625
0 0.5334507042253521 0.46875 0.03403755868544601 0.10833333333333334
0 0.8656103286384976 0.471875 0.02464788732394366 0.09375
0 0.6948356807511737 0.47604166666666664 0.02112676056338028 0.08541666666666667
0 0.9143192488262911 0.48125 0.023474178403755867 0.10416666666666667
0 0.3045774647887324 0.4947916666666667 0.02699530516431925 0.10625
0 0.3257042253521127 0.49895833333333334 0.02699530516431925 0.11458333333333333
0 0.4753521126760563 0.5010416666666667 0.03755868544600939 0.11458333333333333
0 0.9724178403755869 0.5052083333333334 0.03169014084507042 0.08958333333333333
0 0.22887323943661972 0.5125 0.02112676056338028 0.10833333333333334
0 0.7171361502347418 0.5125 0.025821596244131457 0.10833333333333334
0 0.7987089201877934 0.5145833333333333 0.02464788732394366 0.1
0 0.7036384976525821 0.515625 0.02464788732394366 0.11458333333333333
0 0.954225352112676 0.515625 0.02112676056338028 0.04375
0 0.8151408450704225 0.5177083333333333 0.01995305164319249 0.10625
0 0.11561032863849766 0.521875 0.017605633802816902 0.04791666666666667
0 0.8761737089201878 0.5239583333333333 0.015258215962441314 0.11041666666666666
0 0.38967136150234744 0.525 0.023474178403755867 0.10416666666666667
0 0.21948356807511737 0.5270833333333333 0.028169014084507043 0.10833333333333334
0 0.43896713615023475 0.540625 0.03755868544600939 0.11458333333333333
0 0.35093896713615025 0.5416666666666666 0.028169014084507043 0.08333333333333333
0 0.8615023474178404 0.5427083333333333 0.03755868544600939 0.11875
0 0.3380281690140845 0.54375 0.018779342723004695 0.08333333333333333
0 0.2863849765258216 0.5479166666666667 0.018779342723004695 0.058333333333333334
0 0.09741784037558686 0.5510416666666667 0.028169014084507043 0.10208333333333333
0 0.7206572769953051 0.5614583333333333 0.03755868544600939 0.11875
0 0.15786384976525822 0.5635416666666667 0.029342723004694836 0.11458333333333333
0 0.37265258215962443 0.5645833333333333 0.02464788732394366 0.08333333333333333
0 0.3996478873239437 0.565625 0.03403755868544601 0.10625
0 0.9407276995305164 0.5666666666666667 0.022300469483568074 0.12916666666666668
0 0.5011737089201878 0.56875 0.025821596244131457 0.10416666666666667
0 0.25234741784037557 0.5708333333333333 0.028169014084507043 0.13333333333333333
0 0.9231220657276995 0.578125 0.02699530516431925 0.11041666666666666
0 0.1396713615023474 0.5791666666666667 0.02112676056338028 0.0625
0 0.22593896713615025 0.5791666666666667 0.02464788732394366 0.13333333333333333
0 0.8902582159624414 0.58125 0.03403755868544601 0.10833333333333334
0 0.34917840375586856 0.5875 0.022300469483568074 0.0625
0 0.07746478873239436 0.590625 0.023474178403755867 0.10625
0 0.2875586854460094 0.603125 0.03286384976525822 0.12708333333333333
0 0.5815727699530516 0.60625 0.03169014084507042 0.125
0 0.08450704225352113 0.609375 0.028169014084507043 0.06458333333333334
0 0.30927230046948356 0.6166666666666667 0.03169014084507042 0.10833333333333334
0 0.05046948356807512 0.6302083333333334 0.03286384976525822 0.14375
0 0.01936619718309859 0.6427083333333333 0.03873239436619718 0.16458333333333333
0 0.1960093896713615 0.6458333333333334 0.025821596244131457 0.12916666666666668
0 0.3421361502347418 0.6510416666666666 0.03169014084507042 0.13958333333333334
0 0.482981220657277 0.6510416666666666 0.022300469483568074 0.13541666666666666
0 0.12793427230046947 0.6583333333333333 0.03755868544600939 0.125
0 0.18779342723004694 0.6583333333333333 0.035211267605633804 0.14583333333333334
0 0.3286384976525822 0.6645833333333333 0.023474178403755867 0.07916666666666666
0 0.43779342723004694 0.6666666666666666 0.023474178403755867 0.12916666666666668
0 0.3873239436619718 0.6770833333333334 0.028169014084507043 0.13333333333333333
0 0.5017605633802817 0.6770833333333334 0.04107981220657277 0.16666666666666666
0 0.42077464788732394 0.678125 0.029342723004694836 0.13958333333333334
0 0.4630281690140845 0.6833333333333333 0.03403755868544601 0.1375
0 0.10093896713615023 0.690625 0.035211267605633804 0.15625
0 0.3914319248826291 0.6947916666666667 0.01995305164319249 0.06041666666666667
0 0.23708920187793428 0.6958333333333333 0.023474178403755867 0.1375
0 0.22241784037558684 0.6989583333333333 0.03403755868544601 0.14791666666666667
0 0.16901408450704225 0.7 0.04460093896713615 0.13333333333333333
0 0.30633802816901406 0.7010416666666667 0.03051643192488263 0.11875
0 0.36384976525821594 0.7104166666666667 0.028169014084507043 0.1625
0 0.38673708920187794 0.7177083333333333 0.02699530516431925 0.06875
0 0.4131455399061033 0.7177083333333333 0.035211267605633804 0.14791666666666667
0 0.4612676056338028 0.7208333333333333 0.04225352112676056 0.15
0 0.10093896713615023 0.7322916666666667 0.035211267605633804 0.14791666666666667
0 0.30633802816901406 0.7375 0.03286384976525822 0.11666666666666667
0 0.33568075117370894 0.7510416666666667 0.035211267605633804 0.15208333333333332
0 0.1396713615023474 0.7833333333333333 0.0539906103286385 0.2
0 0.29401408450704225 0.7875 0.04107981220657277 0.175
0 0.38497652582159625 0.7885416666666667 0.028169014084507043 0.13125
0 0.4665492957746479 0.8104166666666667 0.03169014084507042 0.125
0 0.16784037558685447 0.8125 0.03755868544600939 0.16666666666666666
0 0.5205399061032864 0.815625 0.029342723004694836 0.16458333333333333
0 0.4289906103286385 0.8197916666666667 0.036384976525821594 0.12708333333333333
0 0.32335680751173707 0.8447916666666667 0.03873239436619718 0.12291666666666666
0 0.2852112676056338 0.8552083333333333 0.04225352112676056 0.16458333333333333
0 0.2529342723004695 0.8583333333333333 0.04812206572769953 0.17916666666666667
0 0.3937793427230047 0.8604166666666667 0.03169014084507042 0.12916666666666668
0 0.20892018779342722 0.8625 0.046948356807511735 0.19583333333333333
0 0.16607981220657278 0.8635416666666667 0.04107981220657277 0.18125
0 0.42194835680751175 0.8729166666666667 0.03169014084507042 0.09583333333333334
0 0.4636150234741784 0.8885416666666667 0.03990610328638498 0.15625
0 0.10504694835680752 0.8947916666666667 0.04342723004694836 0.17291666666666666
0 0.36502347417840375 0.9072916666666667 0.035211267605633804 0.16041666666666668
0 0.4953051643192488 0.909375 0.04225352112676056 0.17708333333333334
0 0.1977699530516432 0.915625 0.036384976525821594 0.16458333333333333
0 0.4507042253521127 0.921875 0.04225352112676056 0.15208333333333332
0 0.36208920187793425 0.9260416666666667 0.04342723004694836 0.14375
0 0.3192488262910798 0.9291666666666667 0.03990610328638498 0.1375
0 0.2306338028169014 0.9375 0.045774647887323945 0.10416666666666667
0 0.08098591549295775 0.953125 0.04225352112676056 0.08958333333333333
0 0.585093896713615 0.9541666666666667 0.04342723004694836 0.0875
0 0.3268779342723005 0.9666666666666667 0.04107981220657277 0.0625
0 0.24178403755868544 0.9770833333333333 0.035211267605633804 0.041666666666666664