0 0.039663461538461536 0.5949519230769231 0.078125 0.8100961538461539
0 0.009615384615384616 0.34975961538461536 0.019230769230769232 0.11778846153846154
0 0.06850961538461539 0.3629807692307692 0.036057692307692304 0.11778846153846154
0 0.052884615384615384 0.4375 0.03485576923076923 0.1045673076923077
0 0.038461538461538464 0.5288461538461539 0.036057692307692304 0.12980769230769232
0 0.07211538461538461 0.6382211538461539 0.04567307692307692 0.09014423076923077
0 0.05048076923076923 0.6995192307692307 0.038461538461538464 0.14302884615384615
0 0.07451923076923077 0.71875 0.046875 0.1045673076923077
0 0.09134615384615384 0.4519230769230769 0.040865384615384616 0.11177884615384616
0 0.09375 0.5384615384615384 0.020432692307692308 0.046875
0 0.13942307692307693 0.625 0.055288461538461536 0.12139423076923077
0 0.14903846153846154 0.3076923076923077 0.03245192307692308 0.14783653846153846
0 0.19951923076923078 0.4014423076923077 0.030048076923076924 0.0733173076923077
0 0.17908653846153846 0.5024038461538461 0.040865384615384616 0.09375
0 0.1778846153846154 0.6550480769230769 0.042067307692307696 0.13581730769230768
0 0.28125 0.3798076923076923 0.038461538461538464 0.19951923076923078
0 0.2668269230769231 0.6069711538461539 0.10576923076923077 0.27283653846153844
0 0.265625 0.45072115384615385 0.03245192307692308 0.08052884615384616
0 0.2956730769230769 0.4338942307692308 0.036057692307692304 0.11057692307692307
0 0.3233173076923077 0.44591346153846156 0.042067307692307696 0.10336538461538461
0 0.3629807692307692 0.44711538461538464 0.036057692307692304 0.11899038461538461
0 0.3473557692307692 0.5661057692307693 0.04447115384615385 0.13341346153846154
0 0.3389423076923077 0.6911057692307693 0.04447115384615385 0.14783653846153846
0 0.3798076923076923 0.7139423076923077 0.046875 0.10576923076923077
0 0.41346153846153844 0.7103365384615384 0.040865384615384616 0.10336538461538461
0 0.41947115384615385 0.6129807692307693 0.036057692307692304 0.06009615384615385
0 0.4543269230769231 0.6394230769230769 0.042067307692307696 0.10216346153846154
0 0.39783653846153844 0.4206730769230769 0.039663461538461536 0.08052884615384616
0 0.42908653846153844 0.453125 0.04326923076923077 0.14302884615384615
0 0.4230769230769231 0.30408653846153844 0.040865384615384616 0.16346153846153846
0 0.47475961538461536 0.4230769230769231 0.039663461538461536 0.09134615384615384
0 0.5757211538461539 0.35216346153846156 0.027644230769230768 0.08052884615384616
0 0.5805288461538461 0.3786057692307692 0.02403846153846154 0.07572115384615384
0 0.6021634615384616 0.3449519230769231 0.03365384615384615 0.07451923076923077
0 0.6009615384615384 0.37740384615384615 0.03485576923076923 0.052884615384615384
0 0.5709134615384616 0.4326923076923077 0.028846153846153848 0.09615384615384616
0 0.6971153846153846 0.36658653846153844 0.03125 0.10576923076923077
0 0.5769230769230769 0.5324519230769231 0.028846153846153848 0.12379807692307693
0 0.609375 0.5060096153846154 0.046875 0.14543269230769232
0 0.6478365384615384 0.49038461538461536 0.04567307692307692 0.11658653846153846
0 0.6165865384615384 0.5192307692307693 0.03485576923076923 0.08653846153846154
0 0.7019230769230769 0.5036057692307693 0.056490384615384616 0.1310096153846154
0 0.6165865384615384 0.5805288461538461 0.04326923076923077 0.09735576923076923
0 0.6213942307692307 0.6550480769230769 0.036057692307692304 0.15625
0 0.6514423076923077 0.5769230769230769 0.037259615384615384 0.11177884615384616
0 0.6995192307692307 0.6598557692307693 0.040865384615384616 0.15144230769230768
0 0.6262019230769231 0.703125 0.04447115384615385 0.11658653846153846
0 0.6622596153846154 0.7091346153846154 0.04326923076923077 0.10096153846153846
0 0.7223557692307693 0.6129807692307693 0.03485576923076923 0.11778846153846154
0 0.7451923076923077 0.6478365384615384 0.042067307692307696 0.08653846153846154
0 0.7487980769230769 0.703125 0.046875 0.109375
0 0.8100961538461539 0.5625 0.042067307692307696 0.14302884615384615
0 0.8413461538461539 0.5697115384615384 0.039663461538461536 0.15745192307692307
0 0.8557692307692307 0.34615384615384615 0.04447115384615385 0.10336538461538461
0 0.9338942307692307 0.40024038461538464 0.037259615384615384 0.1346153846153846
0 0.9495192307692307 0.44350961538461536 0.055288461538461536 0.125
0 0.9591346153846154 0.546875 0.04447115384615385 0.21634615384615385
0 0.9627403846153846 0.7139423076923077 0.04807692307692308 0.08774038461538461
0 0.33774038461538464 0.90625 0.04807692307692308 0.18629807692307693
0 0.453125 0.9038461538461539 0.10576923076923077 0.19230769230769232
0 0.5036057692307693 0.5709134615384616 0.23677884615384615 0.8581730769230769