0 0.24519230769230768 0.9735576923076923 0.040865384615384616 0.051682692307692304
0 0.32572115384615385 0.9675480769230769 0.039663461538461536 0.06490384615384616
0 0.5817307692307693 0.9555288461538461 0.038461538461538464 0.0889423076923077
0 0.08052884615384616 0.9543269230769231 0.040865384615384616 0.09134615384615384
0 0.1045673076923077 0.8942307692307693 0.04326923076923077 0.17307692307692307
0 0.19591346153846154 0.9158653846153846 0.036057692307692304 0.16826923076923078
0 0.23076923076923078 0.9375 0.04567307692307692 0.1045673076923077
0 0.31850961538461536 0.9302884615384616 0.038461538461538464 0.13942307692307693
0 0.36177884615384615 0.9266826923076923 0.042067307692307696 0.14543269230769232
0 0.39903846153846156 0.9459134615384616 0.04326923076923077 0.10817307692307693
0 0.421875 0.8725961538461539 0.03125 0.09615384615384616
0 0.4495192307692308 0.9230769230769231 0.040865384615384616 0.15384615384615385
0 0.4951923076923077 0.9098557692307693 0.040865384615384616 0.17908653846153846
0 0.4639423076923077 0.8882211538461539 0.039663461538461536 0.15625
0 0.36538461538461536 0.9074519230769231 0.03485576923076923 0.15985576923076922
0 0.3942307692307692 0.8605769230769231 0.03125 0.12860576923076922
0 0.42908653846153844 0.8197115384615384 0.036057692307692304 0.12740384615384615
0 0.46634615384615385 0.8100961538461539 0.03125 0.125
0 0.5204326923076923 0.8161057692307693 0.028846153846153848 0.16466346153846154
0 0.38461538461538464 0.7884615384615384 0.027644230769230768 0.1310096153846154
0 0.3233173076923077 0.8449519230769231 0.038461538461538464 0.12259615384615384
0 0.2848557692307692 0.8557692307692307 0.042067307692307696 0.16466346153846154
0 0.25240384615384615 0.8581730769230769 0.04807692307692308 0.17908653846153846
0 0.2091346153846154 0.8629807692307693 0.046875 0.19591346153846154
0 0.1658653846153846 0.8629807692307693 0.040865384615384616 0.1814903846153846
0 0.16826923076923078 0.8125 0.037259615384615384 0.16706730769230768
0 0.13942307692307693 0.7836538461538461 0.054086538461538464 0.19951923076923078
0 0.10096153846153846 0.7319711538461539 0.03485576923076923 0.14783653846153846
0 0.16947115384615385 0.6995192307692307 0.04447115384615385 0.13341346153846154
0 0.22235576923076922 0.6995192307692307 0.03365384615384615 0.14783653846153846
0 0.23677884615384615 0.6959134615384616 0.02403846153846154 0.13701923076923078
0 0.29447115384615385 0.7872596153846154 0.040865384615384616 0.17548076923076922
0 0.30649038461538464 0.7379807692307693 0.03245192307692308 0.11658653846153846
0 0.33533653846153844 0.7512019230769231 0.03485576923076923 0.15264423076923078
0 0.3870192307692308 0.7175480769230769 0.026442307692307692 0.06850961538461539
0 0.3918269230769231 0.6947115384615384 0.020432692307692308 0.06009615384615385
0 0.41346153846153844 0.7175480769230769 0.03485576923076923 0.14783653846153846
0 0.46153846153846156 0.7211538461538461 0.042067307692307696 0.1502403846153846
0 0.46274038461538464 0.6838942307692307 0.03365384615384615 0.13701923076923078
0 0.5012019230769231 0.6766826923076923 0.040865384615384616 0.16706730769230768
0 0.4831730769230769 0.6514423076923077 0.02283653846153846 0.13581730769230768
0 0.4375 0.6670673076923077 0.02403846153846154 0.12860576923076922
0 0.4206730769230769 0.6778846153846154 0.028846153846153848 0.13942307692307693
0 0.3870192307692308 0.6766826923076923 0.027644230769230768 0.13341346153846154
0 0.3641826923076923 0.7103365384615384 0.027644230769230768 0.1622596153846154
0 0.328125 0.6646634615384616 0.02403846153846154 0.07932692307692307
0 0.3088942307692308 0.6165865384615384 0.03125 0.10817307692307693
0 0.3425480769230769 0.6514423076923077 0.03125 0.13942307692307693
0 0.34975961538461536 0.5877403846153846 0.02283653846153846 0.0625
0 0.5012019230769231 0.5685096153846154 0.025240384615384616 0.1045673076923077
0 0.4387019230769231 0.5408653846153846 0.037259615384615384 0.1141826923076923
0 0.40024038461538464 0.5661057692307693 0.03365384615384615 0.10576923076923077
0 0.37259615384615385 0.5649038461538461 0.025240384615384616 0.0829326923076923
0 0.35096153846153844 0.5420673076923077 0.027644230769230768 0.0829326923076923
0 0.33774038461538464 0.5432692307692307 0.019230769230769232 0.0829326923076923
0 0.47475961538461536 0.5012019230769231 0.037259615384615384 0.1141826923076923
0 0.32572115384615385 0.4987980769230769 0.026442307692307692 0.1141826923076923
0 0.30408653846153844 0.4951923076923077 0.026442307692307692 0.10576923076923077
0 0.28725961538461536 0.6033653846153846 0.03245192307692308 0.12740384615384615
0 0.2860576923076923 0.5480769230769231 0.019230769230769232 0.05889423076923077
0 0.25240384615384615 0.5709134615384616 0.027644230769230768 0.13341346153846154
0 0.1875 0.6586538461538461 0.03485576923076923 0.14543269230769232
0 0.19591346153846154 0.6454326923076923 0.025240384615384616 0.12860576923076922
0 0.12740384615384615 0.6586538461538461 0.037259615384615384 0.125
0 0.10096153846153846 0.6911057692307693 0.03485576923076923 0.15625
0 0.08413461538461539 0.609375 0.027644230769230768 0.06490384615384616
0 0.07692307692307693 0.5901442307692307 0.02403846153846154 0.10576923076923077
0 0.05048076923076923 0.6298076923076923 0.03245192307692308 0.14423076923076922
0 0.019230769230769232 0.6430288461538461 0.038461538461538464 0.16466346153846154
0 0.09735576923076923 0.5504807692307693 0.027644230769230768 0.10216346153846154
0 0.11538461538461539 0.5216346153846154 0.018028846153846152 0.04807692307692308
0 0.15745192307692307 0.5637019230769231 0.028846153846153848 0.1141826923076923
0 0.13942307692307693 0.5793269230769231 0.021634615384615384 0.0625
0 0.22596153846153846 0.5793269230769231 0.025240384615384616 0.13341346153846154
0 0.21995192307692307 0.5276442307692307 0.027644230769230768 0.10817307692307693
0 0.2283653846153846 0.5120192307692307 0.021634615384615384 0.10817307692307693
0 0.18028846153846154 0.45072115384615385 0.025240384615384616 0.09375
0 0.20192307692307693 0.44350961538461536 0.026442307692307692 0.08774038461538461
0 0.22115384615384615 0.4495192307692308 0.025240384615384616 0.06610576923076923
0 0.21634615384615385 0.4074519230769231 0.021634615384615384 0.06490384615384616
0 0.19471153846153846 0.39302884615384615 0.018028846153846152 0.07692307692307693
0 0.15985576923076922 0.40024038461538464 0.02403846153846154 0.07932692307692307
0 0.17427884615384615 0.3713942307692308 0.019230769230769232 0.07932692307692307
0 0.1466346153846154 0.3786057692307692 0.015625 0.08533653846153846
0 0.10096153846153846 0.3641826923076923 0.018028846153846152 0.07451923076923077
0 0.1310096153846154 0.3425480769230769 0.015625 0.056490384615384616
0 0.0889423076923077 0.3389423076923077 0.02283653846153846 0.08173076923076923
0 0.07451923076923077 0.3545673076923077 0.021634615384615384 0.0829326923076923
0 0.05889423076923077 0.35336538461538464 0.019230769230769232 0.07692307692307693
0 0.03245192307692308 0.3545673076923077 0.021634615384615384 0.07932692307692307
0 0.015625 0.35216346153846156 0.016826923076923076 0.04567307692307692
0 0.025240384615384616 0.4110576923076923 0.02283653846153846 0.08173076923076923
0 0.026442307692307692 0.3125 0.016826923076923076 0.07932692307692307
0 0.046875 0.31971153846153844 0.016826923076923076 0.06850961538461539
0 0.04807692307692308 0.3137019230769231 0.016826923076923076 0.06850961538461539
0 0.0625 0.28846153846153844 0.013221153846153846 0.06490384615384616
0 0.09615384615384616 0.3137019230769231 0.014423076923076924 0.06009615384615385
0 0.26802884615384615 0.3894230769230769 0.018028846153846152 0.09134615384615384
0 0.28125 0.38341346153846156 0.016826923076923076 0.07932692307692307
0 0.23317307692307693 0.3473557692307692 0.020432692307692308 0.07451923076923077
0 0.22115384615384615 0.3425480769230769 0.015625 0.06490384615384616
0 0.19110576923076922 0.3245192307692308 0.013221153846153846 0.056490384615384616
0 0.20072115384615385 0.3245192307692308 0.016826923076923076 0.0625
0 0.3269230769230769 0.4098557692307692 0.015625 0.08173076923076923
0 0.30528846153846156 0.3641826923076923 0.015625 0.07091346153846154
0 0.2956730769230769 0.42427884615384615 0.019230769230769232 0.08533653846153846
0 0.3449519230769231 0.4098557692307692 0.025240384615384616 0.08774038461538461
0 0.36899038461538464 0.4567307692307692 0.02403846153846154 0.09975961538461539
0 0.3870192307692308 0.43149038461538464 0.020432692307692308 0.08774038461538461
0 0.4098557692307692 0.43149038461538464 0.02283653846153846 0.09615384615384616
0 0.4326923076923077 0.44471153846153844 0.025240384615384616 0.1141826923076923
0 0.4254807692307692 0.375 0.014423076923076924 0.037259615384615384
0 0.47115384615384615 0.4254807692307692 0.018028846153846152 0.09134615384615384
0 0.4855769230769231 0.42427884615384615 0.021634615384615384 0.09014423076923077
0 0.5336538461538461 0.46875 0.03365384615384615 0.10817307692307693
0 0.5564903846153846 0.4170673076923077 0.016826923076923076 0.09615384615384616
0 0.5432692307692307 0.4098557692307692 0.019230769230769232 0.09134615384615384
0 0.5240384615384616 0.40625 0.018028846153846152 0.07932692307692307
0 0.5985576923076923 0.43149038461538464 0.025240384615384616 0.0829326923076923
0 0.6274038461538461 0.4326923076923077 0.020432692307692308 0.09014423076923077
0 0.640625 0.4567307692307692 0.020432692307692308 0.09014423076923077
0 0.5721153846153846 0.3762019230769231 0.018028846153846152 0.08173076923076923
0 0.49278846153846156 0.35697115384615385 0.019230769230769232 0.06850961538461539
0 0.47836538461538464 0.36899038461538464 0.020432692307692308 0.06610576923076923
0 0.46153846153846156 0.3641826923076923 0.016826923076923076 0.0829326923076923
0 0.44471153846153844 0.3557692307692308 0.016826923076923076 0.07451923076923077
0 0.4338942307692308 0.33052884615384615 0.014423076923076924 0.07692307692307693
0 0.5817307692307693 0.6057692307692307 0.03125 0.125
0 0.5180288461538461 0.36538461538461536 0.018028846153846152 0.06490384615384616
0 0.5348557692307693 0.36778846153846156 0.016826923076923076 0.0733173076923077
0 0.7211538461538461 0.5612980769230769 0.037259615384615384 0.11899038461538461
0 0.7175480769230769 0.5120192307692307 0.025240384615384616 0.10817307692307693
0 0.703125 0.515625 0.025240384615384616 0.1141826923076923
0 0.6947115384615384 0.47596153846153844 0.021634615384615384 0.08533653846153846
0 0.7103365384615384 0.4579326923076923 0.018028846153846152 0.04567307692307692
0 0.7307692307692307 0.45913461538461536 0.019230769230769232 0.056490384615384616
0 0.7992788461538461 0.5144230769230769 0.025240384615384616 0.09975961538461539
0 0.8149038461538461 0.5180288461538461 0.020432692307692308 0.10576923076923077
0 0.9723557692307693 0.5048076923076923 0.03125 0.09014423076923077
0 0.9543269230769231 0.515625 0.021634615384615384 0.04326923076923077
0 0.9411057692307693 0.5661057692307693 0.02283653846153846 0.12860576923076922
0 0.9230769230769231 0.578125 0.026442307692307692 0.11057692307692307
0 0.890625 0.5817307692307693 0.03365384615384615 0.10817307692307693
0 0.8617788461538461 0.5432692307692307 0.037259615384615384 0.11899038461538461
0 0.8762019230769231 0.5240384615384616 0.015625 0.11057692307692307
0 0.8653846153846154 0.4723557692307692 0.025240384615384616 0.09375
0 0.9146634615384616 0.4807692307692308 0.02403846153846154 0.1045673076923077
0 0.9423076923076923 0.41466346153846156 0.018028846153846152 0.0829326923076923
0 0.9278846153846154 0.4110576923076923 0.021634615384615384 0.08533653846153846
0 0.9086538461538461 0.38100961538461536 0.02283653846153846 0.08774038461538461
0 0.875 0.3942307692307692 0.02403846153846154 0.039663461538461536
0 0.890625 0.4170673076923077 0.014423076923076924 0.08774038461538461
0 0.9519230769230769 0.32211538461538464 0.02403846153846154 0.06490384615384616
0 0.9771634615384616 0.30649038461538464 0.014423076923076924 0.06610576923076923
0 0.9206730769230769 0.28125 0.01201923076923077 0.03365384615384615
0 0.8569711538461539 0.3329326923076923 0.019230769230769232 0.0625
0 0.8413461538461539 0.43990384615384615 0.025240384615384616 0.1045673076923077
0 0.8245192307692307 0.44350961538461536 0.021634615384615384 0.0829326923076923
0 0.7884615384615384 0.44711538461538464 0.025240384615384616 0.09735576923076923
0 0.8233173076923077 0.34975961538461536 0.025240384615384616 0.07932692307692307
0 0.7824519230769231 0.40865384615384615 0.020432692307692308 0.0829326923076923
0 0.8125 0.3713942307692308 0.014423076923076924 0.07692307692307693
0 0.8016826923076923 0.35336538461538464 0.013221153846153846 0.04326923076923077
0 0.7800480769230769 0.3293269230769231 0.019230769230769232 0.07091346153846154
0 0.7608173076923077 0.41947115384615385 0.025240384615384616 0.09735576923076923
0 0.7451923076923077 0.42908653846153844 0.021634615384615384 0.09134615384615384
0 0.7043269230769231 0.40865384615384615 0.018028846153846152 0.0829326923076923
0 0.6887019230769231 0.4110576923076923 0.018028846153846152 0.08533653846153846
0 0.7596153846153846 0.3605769230769231 0.018028846153846152 0.04567307692307692
0 0.7463942307692307 0.35096153846153844 0.016826923076923076 0.06490384615384616
0 0.7163461538461539 0.3557692307692308 0.019230769230769232 0.07451923076923077
0 0.7247596153846154 0.41947115384615385 0.015625 0.08173076923076923
0 0.6995192307692307 0.33653846153846156 0.013221153846153846 0.04326923076923077
0 0.6959134615384616 0.3786057692307692 0.014423076923076924 0.0733173076923077
0 0.7079326923076923 0.3401442307692308 0.01201923076923077 0.06490384615384616
0 0.6802884615384616 0.35697115384615385 0.015625 0.08173076923076923
0 0.5961538461538461 0.31971153846153844 0.015625 0.06490384615384616
0 0.5540865384615384 0.3161057692307692 0.015625 0.04807692307692308
0 0.5673076923076923 0.3269230769230769 0.014423076923076924 0.07451923076923077
0 0.5444711538461539 0.31490384615384615 0.01201923076923077 0.06610576923076923
0 0.5108173076923077 0.3112980769230769 0.015625 0.06490384615384616
0 0.30649038461538464 0.7007211538461539 0.030048076923076924 0.11899038461538461
0 0.3088942307692308 0.4326923076923077 0.025240384615384616 0.06850961538461539
0 0.7271634615384616 0.4110576923076923 0.009615384615384616 0.06490384615384616
0 0.3894230769230769 0.5252403846153846 0.02403846153846154 0.1045673076923077