0 0.5384615384615384 0.5853365384615384 0.22235576923076922 0.828125
0 0.8533653846153846 0.703125 0.2932692307692308 0.59375
0 0.21394230769230768 0.7271634615384616 0.21634615384615385 0.5456730769230769
0 0.15144230769230768 0.7956730769230769 0.09254807692307693 0.40865384615384615
0 0.05048076923076923 0.8569711538461539 0.05889423076923077 0.06850961538461539
0 0.04567307692307692 0.8389423076923077 0.06971153846153846 0.09735576923076923
0 0.39783653846153844 0.828125 0.0673076923076923 0.07211538461538461
0 0.28725961538461536 0.8461538461538461 0.030048076923076924 0.040865384615384616
0 0.6850961538461539 0.7524038461538461 0.06971153846153846 0.2091346153846154
0 0.49759615384615385 0.8389423076923077 0.018028846153846152 0.03485576923076923
0 0.5985576923076923 0.7139423076923077 0.042067307692307696 0.11177884615384616
0 0.6358173076923077 0.7175480769230769 0.028846153846153848 0.10817307692307693
0 0.9747596153846154 0.8185096153846154 0.05048076923076923 0.24278846153846154
0 0.6201923076923077 0.7223557692307693 0.02403846153846154 0.09254807692307693