0 0.19831730769230768 0.8329326923076923 0.22115384615384615 0.2536057692307692
0 0.03485576923076923 0.8509615384615384 0.06971153846153846 0.296875
0 0.33052884615384615 0.7956730769230769 0.08533653846153846 0.1778846153846154
0 0.38341346153846156 0.7872596153846154 0.039663461538461536 0.09735576923076923
0 0.43028846153846156 0.7704326923076923 0.03125 0.06971153846153846
0 0.4411057692307692 0.7716346153846154 0.013221153846153846 0.06490384615384616
0 0.4891826923076923 0.7740384615384616 0.03485576923076923 0.0625
0 0.5817307692307693 0.7596153846153846 0.03245192307692308 0.046875
0 0.5540865384615384 0.7560096153846154 0.02283653846153846 0.040865384615384616
0 0.5300480769230769 0.7536057692307693 0.016826923076923076 0.03485576923076923
0 0.515625 0.7560096153846154 0.016826923076923076 0.04326923076923077
0 0.4735576923076923 0.7572115384615384 0.020432692307692308 0.039663461538461536
0 0.1971153846153846 0.734375 0.16706730769230768 0.140625
0 0.10817307692307693 0.7487980769230769 0.015625 0.02283653846153846