0 0.039663461538461536 0.609375 0.078125 0.21754807692307693
0 0.06129807692307692 0.6622596153846154 0.020432692307692308 0.12139423076923077
0 0.10096153846153846 0.6574519230769231 0.030048076923076924 0.1346153846153846
0 0.12620192307692307 0.6538461538461539 0.039663461538461536 0.1466346153846154
0 0.15985576923076922 0.6586538461538461 0.028846153846153848 0.13822115384615385
0 0.25 0.5841346153846154 0.09735576923076923 0.30649038461538464
0 0.27283653846153844 0.6754807692307693 0.018028846153846152 0.11057692307692307
0 0.4795673076923077 0.6370192307692307 0.04927884615384615 0.19591346153846154
0 0.5120192307692307 0.6165865384615384 0.09014423076923077 0.23677884615384615
0 0.5817307692307693 0.6069711538461539 0.09735576923076923 0.2536057692307692
0 0.6334134615384616 0.6358173076923077 0.07451923076923077 0.19951923076923078
0 0.6802884615384616 0.6466346153846154 0.06490384615384616 0.19110576923076922
0 0.7247596153846154 0.6370192307692307 0.055288461538461536 0.21153846153846154
0 0.8137019230769231 0.6899038461538461 0.02403846153846154 0.10817307692307693
0 0.8245192307692307 0.6838942307692307 0.008413461538461538 0.0829326923076923
0 0.8377403846153846 0.6502403846153846 0.038461538461538464 0.1141826923076923
0 0.8665865384615384 0.6586538461538461 0.05048076923076923 0.16346153846153846
0 0.8701923076923077 0.6502403846153846 0.05889423076923077 0.19230769230769232
0 0.8918269230769231 0.6730769230769231 0.02283653846153846 0.0985576923076923
0 0.9254807692307693 0.6574519230769231 0.051682692307692304 0.17908653846153846