0 0.5360576923076923 0.49038461538461536 0.17067307692307693 0.6418269230769231
0 0.7271634615384616 0.4879807692307692 0.1466346153846154 0.6370192307692307
0 0.6262019230769231 0.75 0.12379807692307693 0.3004807692307692
0 0.10096153846153846 0.5216346153846154 0.054086538461538464 0.15264423076923078
0 0.6778846153846154 0.8293269230769231 0.021634615384615384 0.04567307692307692
0 0.7115384615384616 0.8545673076923077 0.056490384615384616 0.125
0 0.7512019230769231 0.8149038461538461 0.03125 0.057692307692307696
0 0.8894230769230769 0.8942307692307693 0.22115384615384615 0.20673076923076922
0 0.8173076923076923 0.8401442307692307 0.014423076923076924 0.04927884615384615
0 0.9435096153846154 0.8810096153846154 0.04567307692307692 0.15745192307692307
0 0.9879807692307693 0.8629807692307693 0.02283653846153846 0.12860576923076922
0 0.9903846153846154 0.6959134615384616 0.018028846153846152 0.11057692307692307
0 0.9387019230769231 0.6682692307692307 0.026442307692307692 0.07091346153846154
0 0.026442307692307692 0.6021634615384616 0.030048076923076924 0.09975961538461539
0 0.7692307692307693 0.8557692307692307 0.020432692307692308 0.08173076923076923