0 0.03485576923076923 0.5516826923076923 0.03365384615384615 0.06971153846153846
0 0.015625 0.5492788461538461 0.020432692307692308 0.07091346153846154
0 0.010817307692307692 0.5264423076923077 0.013221153846153846 0.040865384615384616
0 0.020432692307692308 0.5108173076923077 0.007211538461538462 0.007211538461538462
0 0.07091346153846154 0.5384615384615384 0.028846153846153848 0.056490384615384616
0 0.056490384615384616 0.5336538461538461 0.020432692307692308 0.054086538461538464
0 0.03485576923076923 0.5300480769230769 0.025240384615384616 0.04927884615384615
0 0.09134615384615384 0.5372596153846154 0.027644230769230768 0.055288461538461536
0 0.10096153846153846 0.5120192307692307 0.013221153846153846 0.015625
0 0.1346153846153846 0.5108173076923077 0.02403846153846154 0.019230769230769232
0 0.12860576923076922 0.5637019230769231 0.04447115384615385 0.10576923076923077
0 0.21514423076923078 0.5360576923076923 0.02403846153846154 0.055288461538461536
0 0.18990384615384615 0.5108173076923077 0.010817307692307692 0.013221153846153846
0 0.19951923076923078 0.5180288461538461 0.016826923076923076 0.028846153846153848
0 0.2512019230769231 0.5384615384615384 0.028846153846153848 0.05889423076923077
0 0.2512019230769231 0.5096153846153846 0.025240384615384616 0.018028846153846152
0 0.23918269230769232 0.5216346153846154 0.019230769230769232 0.04567307692307692
0 0.25961538461538464 0.5228365384615384 0.015625 0.042067307692307696
0 0.30288461538461536 0.5144230769230769 0.007211538461538462 0.016826923076923076
0 0.3088942307692308 0.5264423076923077 0.014423076923076924 0.042067307692307696
0 0.31971153846153844 0.5252403846153846 0.009615384615384616 0.037259615384615384
0 0.3942307692307692 0.515625 0.016826923076923076 0.036057692307692304
0 0.4230769230769231 0.5588942307692307 0.0673076923076923 0.14302884615384615
0 0.47596153846153844 0.5252403846153846 0.030048076923076924 0.06370192307692307
0 0.46153846153846156 0.5204326923076923 0.02283653846153846 0.056490384615384616
0 0.5480769230769231 0.6682692307692307 0.20072115384615385 0.4026442307692308
0 0.5997596153846154 0.5384615384615384 0.07692307692307693 0.11658653846153846
0 0.6670673076923077 0.578125 0.11658653846153846 0.234375
0 0.71875 0.5733173076923077 0.055288461538461536 0.16706730769230768
0 0.8040865384615384 0.6189903846153846 0.17427884615384615 0.3389423076923077
0 0.859375 0.4891826923076923 0.04807692307692308 0.054086538461538464
0 0.9110576923076923 0.6213942307692307 0.14543269230769232 0.3173076923076923
0 0.9723557692307693 0.5637019230769231 0.055288461538461536 0.17067307692307693
0 0.9927884615384616 0.49158653846153844 0.013221153846153846 0.027644230769230768
0 0.49399038461538464 0.5240384615384616 0.038461538461538464 0.06009615384615385
0 0.4891826923076923 0.5012019230769231 0.018028846153846152 0.016826923076923076