0 0.1814903846153846 0.6706730769230769 0.27163461538461536 0.6586538461538461
0 0.14302884615384615 0.6526442307692307 0.07211538461538461 0.4639423076923077
0 0.2824519230769231 0.6526442307692307 0.06129807692307692 0.3581730769230769
0 0.07211538461538461 0.4651442307692308 0.014423076923076924 0.036057692307692304
0 0.30408653846153844 0.4795673076923077 0.026442307692307692 0.051682692307692304
0 0.4014423076923077 0.5276442307692307 0.020432692307692308 0.02403846153846154
0 0.4483173076923077 0.5276442307692307 0.040865384615384616 0.037259615384615384
0 0.45552884615384615 0.5228365384615384 0.028846153846153848 0.036057692307692304
0 0.4050480769230769 0.46274038461538464 0.009615384615384616 0.021634615384615384
0 0.4074519230769231 0.46033653846153844 0.007211538461538462 0.020432692307692308
0 0.4230769230769231 0.4567307692307692 0.008413461538461538 0.02403846153846154
0 0.43509615384615385 0.46033653846153844 0.007211538461538462 0.020432692307692308
0 0.5 0.46634615384615385 0.008413461538461538 0.016826923076923076
0 0.6682692307692307 0.47836538461538464 0.009615384615384616 0.020432692307692308
0 0.6502403846153846 0.7355769230769231 0.15264423076923078 0.5288461538461539
0 0.734375 0.7223557692307693 0.12379807692307693 0.5552884615384616
0 0.8882211538461539 0.6838942307692307 0.22355769230769232 0.6322115384615384