0 0.037259615384615384 0.9915865384615384 0.015625 0.013221153846153846
0 0.052884615384615384 0.9939903846153846 0.013221153846153846 0.008413461538461538
0 0.0625 0.9855769230769231 0.016826923076923076 0.026442307692307692
0 0.1310096153846154 0.9807692307692307 0.013221153846153846 0.03485576923076923
0 0.004807692307692308 0.9266826923076923 0.009615384615384616 0.040865384615384616
0 0.03485576923076923 0.90625 0.013221153846153846 0.05048076923076923
0 0.04927884615384615 0.9326923076923077 0.015625 0.054086538461538464
0 0.06370192307692307 0.9459134615384616 0.01201923076923077 0.054086538461538464
0 0.07211538461538461 0.9519230769230769 0.013221153846153846 0.046875
0 0.08173076923076923 0.953125 0.013221153846153846 0.055288461538461536
0 0.09495192307692307 0.9447115384615384 0.016826923076923076 0.06009615384615385
0 0.109375 0.9242788461538461 0.014423076923076924 0.04807692307692308
0 0.06490384615384616 0.9254807692307693 0.013221153846153846 0.04567307692307692
0 0.06370192307692307 0.90625 0.010817307692307692 0.038461538461538464
0 0.08413461538461539 0.8882211538461539 0.015625 0.052884615384615384
0 0.0625 0.8762019230769231 0.013221153846153846 0.052884615384615384
0 0.07211538461538461 0.8762019230769231 0.013221153846153846 0.054086538461538464
0 0.06009615384615385 0.8473557692307693 0.008413461538461538 0.026442307692307692
0 0.06971153846153846 0.8557692307692307 0.013221153846153846 0.05048076923076923
0 0.08173076923076923 0.8533653846153846 0.009615384615384616 0.04567307692307692
0 0.09375 0.8473557692307693 0.01201923076923077 0.020432692307692308
0 0.10817307692307693 0.8473557692307693 0.018028846153846152 0.03365384615384615
0 0.19110576923076922 0.953125 0.015625 0.06370192307692307
0 0.21153846153846154 0.9711538461538461 0.015625 0.038461538461538464
0 0.21153846153846154 0.953125 0.01201923076923077 0.051682692307692304
0 0.20192307692307693 0.9086538461538461 0.015625 0.054086538461538464
0 0.2127403846153846 0.9170673076923077 0.010817307692307692 0.03365384615384615
0 0.21995192307692307 0.921875 0.013221153846153846 0.051682692307692304
0 0.2247596153846154 0.7992788461538461 0.010817307692307692 0.03125
0 0.15985576923076922 0.7872596153846154 0.01201923076923077 0.018028846153846152
0 0.16826923076923078 0.7908653846153846 0.013221153846153846 0.027644230769230768
0 0.17548076923076922 0.7956730769230769 0.013221153846153846 0.026442307692307692
0 0.16947115384615385 0.7512019230769231 0.013221153846153846 0.038461538461538464
0 0.17908653846153846 0.7463942307692307 0.013221153846153846 0.039663461538461536
0 0.20072115384615385 0.7620192307692307 0.01201923076923077 0.05048076923076923
0 0.20552884615384615 0.7644230769230769 0.013221153846153846 0.05048076923076923
0 0.25 0.7055288461538461 0.018028846153846152 0.04567307692307692
0 0.006009615384615385 0.8233173076923077 0.01201923076923077 0.05048076923076923
0 0.057692307692307696 0.8076923076923077 0.016826923076923076 0.051682692307692304
0 0.06850961538461539 0.8052884615384616 0.013221153846153846 0.04447115384615385
0 0.021634615384615384 0.7956730769230769 0.008413461538461538 0.03245192307692308
0 0.037259615384615384 0.7836538461538461 0.01201923076923077 0.05048076923076923
0 0.04447115384615385 0.7896634615384616 0.009615384615384616 0.046875
0 0.06370192307692307 0.7764423076923077 0.013221153846153846 0.03245192307692308
0 0.07572115384615384 0.7836538461538461 0.01201923076923077 0.04807692307692308
0 0.08653846153846154 0.7776442307692307 0.010817307692307692 0.05048076923076923
0 0.09615384615384616 0.7788461538461539 0.01201923076923077 0.054086538461538464
0 0.11177884615384616 0.7788461538461539 0.013221153846153846 0.04807692307692308
0 0.06971153846153846 0.7740384615384616 0.010817307692307692 0.040865384615384616
0 0.08413461538461539 0.7620192307692307 0.008413461538461538 0.03365384615384615
0 0.056490384615384616 0.7764423076923077 0.009615384615384616 0.038461538461538464
0 0.04326923076923077 0.7596153846153846 0.013221153846153846 0.039663461538461536
0 0.06610576923076923 0.7524038461538461 0.009615384615384616 0.03245192307692308
0 0.021634615384615384 0.7451923076923077 0.01201923076923077 0.051682692307692304
0 0.018028846153846152 0.7223557692307693 0.009615384615384616 0.04567307692307692
0 0.027644230769230768 0.734375 0.009615384615384616 0.046875
0 0.030048076923076924 0.71875 0.013221153846153846 0.037259615384615384
0 0.038461538461538464 0.7451923076923077 0.008413461538461538 0.05048076923076923
0 0.04807692307692308 0.7439903846153846 0.010817307692307692 0.040865384615384616
0 0.0733173076923077 0.7283653846153846 0.010817307692307692 0.04447115384615385
0 0.08173076923076923 0.7283653846153846 0.013221153846153846 0.055288461538461536
0 0.09254807692307693 0.7367788461538461 0.01201923076923077 0.040865384615384616
0 0.11538461538461539 0.7247596153846154 0.013221153846153846 0.04807692307692308
0 0.12620192307692307 0.7223557692307693 0.014423076923076924 0.052884615384615384
0 0.052884615384615384 0.6935096153846154 0.013221153846153846 0.042067307692307696
0 0.06490384615384616 0.6935096153846154 0.015625 0.042067307692307696
0 0.08173076923076923 0.6899038461538461 0.010817307692307692 0.039663461538461536
0 0.08774038461538461 0.6971153846153846 0.009615384615384616 0.040865384615384616
0 0.09615384615384616 0.703125 0.014423076923076924 0.03365384615384615
0 0.109375 0.6899038461538461 0.013221153846153846 0.04807692307692308
0 0.1310096153846154 0.703125 0.013221153846153846 0.04807692307692308
0 0.13942307692307693 0.703125 0.013221153846153846 0.05048076923076923
0 0.09254807692307693 0.6646634615384616 0.01201923076923077 0.026442307692307692
0 0.11298076923076923 0.6586538461538461 0.013221153846153846 0.03365384615384615
0 0.1201923076923077 0.65625 0.01201923076923077 0.04807692307692308
0 0.12860576923076922 0.6658653846153846 0.013221153846153846 0.038461538461538464
0 0.11778846153846154 0.6742788461538461 0.013221153846153846 0.04567307692307692
0 0.13341346153846154 0.6454326923076923 0.01201923076923077 0.038461538461538464
0 0.15384615384615385 0.6586538461538461 0.01201923076923077 0.05048076923076923
0 0.1622596153846154 0.6598557692307693 0.013221153846153846 0.04447115384615385
0 0.16826923076923078 0.6466346153846154 0.013221153846153846 0.040865384615384616
0 0.18028846153846154 0.6442307692307693 0.014423076923076924 0.046875
0 0.19110576923076922 0.6478365384615384 0.013221153846153846 0.042067307692307696
0 0.10576923076923077 0.6225961538461539 0.013221153846153846 0.04567307692307692
0 0.12740384615384615 0.6189903846153846 0.009615384615384616 0.040865384615384616
0 0.1466346153846154 0.6394230769230769 0.01201923076923077 0.042067307692307696
0 0.15264423076923078 0.6237980769230769 0.010817307692307692 0.028846153846153848
0 0.16466346153846154 0.6153846153846154 0.008413461538461538 0.013221153846153846
0 0.17427884615384615 0.6237980769230769 0.01201923076923077 0.040865384615384616
0 0.18389423076923078 0.6165865384615384 0.009615384615384616 0.03365384615384615
0 0.21514423076923078 0.6225961538461539 0.01201923076923077 0.03365384615384615
0 0.22235576923076922 0.6225961538461539 0.01201923076923077 0.040865384615384616
0 0.16466346153846154 0.609375 0.010817307692307692 0.037259615384615384
0 0.07091346153846154 0.5901442307692307 0.013221153846153846 0.04567307692307692
0 0.07692307692307693 0.5877403846153846 0.013221153846153846 0.04567307692307692
0 0.1045673076923077 0.5877403846153846 0.010817307692307692 0.038461538461538464
0 0.1201923076923077 0.5973557692307693 0.010817307692307692 0.042067307692307696
0 0.12860576923076922 0.5985576923076923 0.01201923076923077 0.03245192307692308
0 0.12740384615384615 0.5757211538461539 0.013221153846153846 0.025240384615384616
0 0.14543269230769232 0.5829326923076923 0.010817307692307692 0.040865384615384616
0 0.15504807692307693 0.5829326923076923 0.009615384615384616 0.039663461538461536
0 0.1622596153846154 0.5805288461538461 0.007211538461538462 0.03245192307692308
0 0.16706730769230768 0.5841346153846154 0.008413461538461538 0.03125
0 0.171875 0.5817307692307693 0.008413461538461538 0.037259615384615384
0 0.17668269230769232 0.5793269230769231 0.008413461538461538 0.03245192307692308
0 0.18269230769230768 0.578125 0.008413461538461538 0.03365384615384615
0 0.18990384615384615 0.5853365384615384 0.010817307692307692 0.04447115384615385
0 0.19831730769230768 0.5841346153846154 0.008413461538461538 0.042067307692307696
0 0.20432692307692307 0.5829326923076923 0.008413461538461538 0.038461538461538464
0 0.21153846153846154 0.5901442307692307 0.009615384615384616 0.03485576923076923
0 0.22355769230769232 0.5877403846153846 0.013221153846153846 0.039663461538461536
0 0.1201923076923077 0.5588942307692307 0.010817307692307692 0.040865384615384616
0 0.1622596153846154 0.5552884615384616 0.009615384615384616 0.03125
0 0.16706730769230768 0.5504807692307693 0.009615384615384616 0.03365384615384615
0 0.19591346153846154 0.5673076923076923 0.01201923076923077 0.03125
0 0.21754807692307693 0.5564903846153846 0.01201923076923077 0.021634615384615384
0 0.2283653846153846 0.5625 0.019230769230769232 0.042067307692307696
0 0.2283653846153846 0.5516826923076923 0.01201923076923077 0.037259615384615384
0 0.13822115384615385 0.5336538461538461 0.01201923076923077 0.04807692307692308
0 0.1466346153846154 0.5216346153846154 0.010817307692307692 0.04567307692307692
0 0.15985576923076922 0.5240384615384616 0.01201923076923077 0.04807692307692308
0 0.17067307692307693 0.5288461538461539 0.013221153846153846 0.04807692307692308
0 0.18269230769230768 0.5240384615384616 0.014423076923076924 0.040865384615384616
0 0.20192307692307693 0.5420673076923077 0.01201923076923077 0.042067307692307696
0 0.21514423076923078 0.5324519230769231 0.010817307692307692 0.040865384615384616
0 0.22115384615384615 0.5384615384615384 0.01201923076923077 0.039663461538461536
0 0.23076923076923078 0.53125 0.01201923076923077 0.03485576923076923
0 0.2439903846153846 0.5276442307692307 0.01201923076923077 0.042067307692307696
0 0.21514423076923078 0.5240384615384616 0.008413461538461538 0.03485576923076923
0 0.2247596153846154 0.5132211538461539 0.008413461538461538 0.038461538461538464
0 0.24639423076923078 0.5024038461538461 0.01201923076923077 0.040865384615384616
0 0.17067307692307693 0.4963942307692308 0.008413461538461538 0.019230769230769232
0 0.17548076923076922 0.5036057692307693 0.009615384615384616 0.027644230769230768
0 0.17307692307692307 0.4891826923076923 0.008413461538461538 0.019230769230769232
0 0.18629807692307693 0.4951923076923077 0.008413461538461538 0.018028846153846152
0 0.21153846153846154 0.5048076923076923 0.010817307692307692 0.03125
0 0.234375 0.5072115384615384 0.01201923076923077 0.040865384615384616
0 0.2692307692307692 0.4951923076923077 0.008413461538461538 0.03485576923076923
0 0.18509615384615385 0.47836538461538464 0.01201923076923077 0.03245192307692308
0 0.19471153846153846 0.48197115384615385 0.009615384615384616 0.039663461538461536
0 0.21754807692307693 0.484375 0.010817307692307692 0.03485576923076923
0 0.22596153846153846 0.4807692307692308 0.01201923076923077 0.038461538461538464
0 0.23918269230769232 0.4807692307692308 0.010817307692307692 0.040865384615384616
0 0.24639423076923078 0.47596153846153844 0.010817307692307692 0.019230769230769232
0 0.23918269230769232 0.47115384615384615 0.008413461538461538 0.039663461538461536
0 0.17307692307692307 0.47115384615384615 0.008413461538461538 0.03245192307692308
0 0.18028846153846154 0.46634615384615385 0.009615384615384616 0.038461538461538464
0 0.18509615384615385 0.47836538461538464 0.01201923076923077 0.03365384615384615
0 0.19591346153846154 0.46153846153846156 0.008413461538461538 0.039663461538461536
0 0.18629807692307693 0.4639423076923077 0.008413461538461538 0.03365384615384615
0 0.20793269230769232 0.46153846153846156 0.009615384615384616 0.038461538461538464
0 0.20432692307692307 0.4579326923076923 0.008413461538461538 0.039663461538461536
0 0.21995192307692307 0.46153846153846156 0.014423076923076924 0.039663461538461536
0 0.23317307692307693 0.45552884615384615 0.009615384615384616 0.038461538461538464
0 0.24158653846153846 0.45552884615384615 0.008413461538461538 0.03125
0 0.24759615384615385 0.4483173076923077 0.01201923076923077 0.03245192307692308
0 0.25600961538461536 0.4579326923076923 0.007211538461538462 0.027644230769230768
0 0.2608173076923077 0.4543269230769231 0.007211538461538462 0.03245192307692308
0 0.2668269230769231 0.4543269230769231 0.010817307692307692 0.040865384615384616
0 0.2247596153846154 0.43149038461538464 0.010817307692307692 0.039663461538461536
0 0.1778846153846154 0.41947115384615385 0.008413461538461538 0.03485576923076923
0 0.18028846153846154 0.41346153846153844 0.008413461538461538 0.038461538461538464
0 0.18870192307692307 0.4170673076923077 0.008413461538461538 0.03245192307692308
0 0.25 0.4074519230769231 0.009615384615384616 0.040865384615384616
0 0.265625 0.4026442307692308 0.008413461538461538 0.025240384615384616
0 0.18509615384615385 0.3762019230769231 0.01201923076923077 0.039663461538461536
0 0.2247596153846154 0.3870192307692308 0.008413461538461538 0.03125
0 0.2403846153846154 0.3786057692307692 0.009615384615384616 0.019230769230769232
0 0.21754807692307693 0.3858173076923077 0.008413461538461538 0.03365384615384615
0 0.21153846153846154 0.36778846153846156 0.008413461538461538 0.037259615384615384
0 0.23076923076923078 0.3701923076923077 0.01201923076923077 0.040865384615384616
0 0.23798076923076922 0.3701923076923077 0.008413461538461538 0.038461538461538464
0 0.2512019230769231 0.33774038461538464 0.008413461538461538 0.03245192307692308
0 0.20793269230769232 0.33774038461538464 0.008413461538461538 0.03485576923076923
0 0.21514423076923078 0.33774038461538464 0.008413461538461538 0.03125
0 0.22235576923076922 0.33774038461538464 0.008413461538461538 0.03365384615384615
0 0.35096153846153844 0.26802884615384615 0.008413461538461538 0.03125
0 0.359375 0.2704326923076923 0.008413461538461538 0.03365384615384615
0 0.3713942307692308 0.2668269230769231 0.01201923076923077 0.037259615384615384
0 0.38221153846153844 0.2608173076923077 0.01201923076923077 0.038461538461538464
0 0.6646634615384616 0.9651442307692307 0.013221153846153846 0.054086538461538464
0 0.9591346153846154 0.9170673076923077 0.010817307692307692 0.051682692307692304
0 0.9723557692307693 0.9435096153846154 0.010817307692307692 0.04807692307692308
0 0.8774038461538461 0.5637019230769231 0.013221153846153846 0.042067307692307696
0 0.8774038461538461 0.5408653846153846 0.01201923076923077 0.025240384615384616
0 0.6706730769230769 0.21634615384615385 0.008413461538461538 0.018028846153846152
0 0.4987980769230769 0.17668269230769232 0.007211538461538462 0.027644230769230768
0 0.5036057692307693 0.17908653846153846 0.009615384615384616 0.03125
0 0.6899038461538461 0.13581730769230768 0.009615384615384616 0.021634615384615384
0 0.96875 0.2704326923076923 0.008413461538461538 0.028846153846153848
0 0.9663461538461539 0.25841346153846156 0.008413461538461538 0.028846153846153848
0 0.9723557692307693 0.25721153846153844 0.008413461538461538 0.03245192307692308
0 0.9783653846153846 0.25721153846153844 0.008413461538461538 0.028846153846153848
0 0.9831730769230769 0.25721153846153844 0.008413461538461538 0.03125
0 0.9891826923076923 0.24879807692307693 0.008413461538461538 0.018028846153846152
0 0.9783653846153846 0.2127403846153846 0.008413461538461538 0.028846153846153848
0 0.9711538461538461 0.21514423076923078 0.008413461538461538 0.027644230769230768
0 0.9483173076923077 0.25961538461538464 0.008413461538461538 0.027644230769230768
0 0.10697115384615384 0.5661057692307693 0.019230769230769232 0.052884615384615384