0 0.22355769230769232 0.8341346153846154 0.20192307692307693 0.3317307692307692
0 0.33413461538461536 0.8713942307692307 0.07692307692307693 0.25721153846153844
0 0.6370192307692307 0.7800480769230769 0.4326923076923077 0.43990384615384615
0 0.9675480769230769 0.8401442307692307 0.06490384615384616 0.12980769230769232
0 0.8978365384615384 0.828125 0.1045673076923077 0.1466346153846154
0 0.7620192307692307 0.8137019230769231 0.07451923076923077 0.14543269230769232
0 0.8401442307692307 0.7704326923076923 0.09975961538461539 0.12379807692307693
0 0.9302884615384616 0.75 0.06009615384615385 0.11298076923076923
0 0.9555288461538461 0.765625 0.0889423076923077 0.13701923076923078
0 0.8209134615384616 0.7355769230769231 0.11778846153846154 0.11057692307692307
0 0.7860576923076923 0.6754807692307693 0.0673076923076923 0.06971153846153846
0 0.8245192307692307 0.3137019230769231 0.09495192307692307 0.07451923076923077
0 0.9170673076923077 0.3581730769230769 0.08052884615384616 0.10697115384615384
0 0.9759615384615384 0.6947115384615384 0.04807692307692308 0.09975961538461539
0 0.37740384615384615 0.46875 0.6995192307692307 0.9134615384615384
0 0.45552884615384615 0.5480769230769231 0.8052884615384616 0.9038461538461539