0 0.8762019230769231 0.6490384615384616 0.171875 0.7019230769230769
0 0.7367788461538461 0.6730769230769231 0.140625 0.6526442307692307
0 0.7980769230769231 0.6334134615384616 0.0985576923076923 0.7247596153846154
0 0.7283653846153846 0.37259615384615385 0.11057692307692307 0.2620192307692308
0 0.6514423076923077 0.6814903846153846 0.12379807692307693 0.6370192307692307
0 0.5504807692307693 0.6550480769230769 0.13581730769230768 0.6887019230769231
0 0.6189903846153846 0.43028846153846156 0.06370192307692307 0.3004807692307692
0 0.42788461538461536 0.65625 0.1346153846153846 0.6875
0 0.2800480769230769 0.6274038461538461 0.18990384615384615 0.7451923076923077
0 0.08653846153846154 0.6201923076923077 0.14423076923076922 0.7596153846153846
0 0.21634615384615385 0.6045673076923077 0.13341346153846154 0.7896634615384616
0 0.36658653846153844 0.38461538461538464 0.0829326923076923 0.2548076923076923
0 0.5012019230769231 0.42788461538461536 0.0733173076923077 0.2776442307692308