0 0.7738219895287958 0.15934065934065933 0.050261780104712044 0.08948194662480377
0 0.4157068062827225 0.16718995290423863 0.04397905759162304 0.17739403453689168
0 0.9518324607329843 0.16718995290423863 0.039790575916230364 0.0989010989010989
0 0.9596858638743455 0.17189952904238617 0.030366492146596858 0.07692307692307693
0 0.9361256544502617 0.17660910518053374 0.025130890052356022 0.11145996860282574
0 0.5958115183246073 0.18838304552590268 0.039790575916230364 0.18838304552590268
0 0.8392670157068063 0.2205651491365777 0.040837696335078534 0.1554160125588697
0 0.9717277486910995 0.2205651491365777 0.033507853403141365 0.11459968602825746
0 0.8115183246073299 0.22919937205651492 0.039790575916230364 0.10989010989010989
0 0.8476439790575916 0.23469387755102042 0.040837696335078534 0.1554160125588697
0 0.900523560209424 0.25039246467817894 0.027225130890052355 0.10832025117739404
0 0.8617801047120419 0.25274725274725274 0.031413612565445025 0.12872841444270017
0 0.9769633507853404 0.25510204081632654 0.031413612565445025 0.14599686028257458
0 0.8570680628272251 0.34222919937205654 0.03664921465968586 0.0847723704866562
0 0.2036649214659686 0.3469387755102041 0.0387434554973822 0.19152276295133439
0 0.37643979057591626 0.3500784929356358 0.03664921465968586 0.19152276295133439
0 0.868586387434555 0.3642072213500785 0.04712041884816754 0.11930926216640503
0 0.6193717277486911 0.3869701726844584 0.05340314136125655 0.18995290423861852
0 0.8780104712041885 0.391679748822606 0.0387434554973822 0.10518053375196232
0 0.8905759162303665 0.41051805337519626 0.05130890052356021 0.0989010989010989
0 0.9078534031413612 0.4301412872841444 0.041884816753926704 0.09105180533751962
0 0.3193717277486911 0.4521193092621664 0.04607329842931937 0.18524332810047095
0 0.9183246073298429 0.46075353218210363 0.048167539267015703 0.10204081632653061
0 0.1324607329842932 0.4811616954474097 0.03664921465968586 0.13657770800627944
0 0.537696335078534 0.48194662480376765 0.04293193717277487 0.1978021978021978
0 0.9345549738219895 0.5031397174254317 0.05759162303664921 0.11145996860282574
0 0.7439790575916231 0.5117739403453689 0.04712041884816754 0.19152276295133439
0 0.8717277486910995 0.05259026687598116 0.02198952879581152 0.061224489795918366
0 0.9554973821989529 0.5259026687598116 0.05340314136125655 0.10989010989010989
0 0.17853403141361257 0.05337519623233909 0.03455497382198953 0.10675039246467818
0 0.36387434554973824 0.061224489795918366 0.0387434554973822 0.12244897959183673
0 0.724607329842932 0.06279434850863422 0.03769633507853403 0.09105180533751962
0 0.2994764397905759 0.6436420722135008 0.060732984293193716 0.20722135007849293
0 0.4942408376963351 0.6860282574568289 0.06282722513089005 0.21350078492935637
0 0.5303664921465968 0.06985871271585557 0.0387434554973822 0.13971742543171115
0 0.9272251308900523 0.07221350078492936 0.02617801047120419 0.1130298273155416
0 0.7518324607329843 0.07456828885400314 0.02931937172774869 0.03610675039246468
0 0.9057591623036649 0.07535321821036106 0.020942408376963352 0.10361067503924647
0 0.04031413612565445 0.08006279434850863 0.049214659685863874 0.16012558869701726
0 0.38481675392670156 0.8453689167974883 0.05549738219895288 0.22135007849293564
0 0.6141361256544503 0.8516483516483516 0.05759162303664921 0.22762951334379905
0 0.19947643979057592 0.08634222919937205 0.04502617801047121 0.1726844583987441
0 0.8947643979057591 0.09183673469387756 0.030366492146596858 0.11459968602825746
0 0.38586387434554975 0.09654631083202511 0.04293193717277487 0.17111459968602827
0 0.9476439790575916 0.10125588697017268 0.025130890052356022 0.054945054945054944
0 0.887434554973822 0.10282574568288853 0.019895287958115182 0.0706436420722135
0 0.7476439790575916 0.11459968602825746 0.050261780104712044 0.09105180533751962
0 0.5575916230366492 0.11616954474097331 0.04502617801047121 0.17896389324960754
0 0.05863874345549738 0.12009419152276295 0.04607329842931937 0.17739403453689168
0 0.8465968586387435 0.12401883830455258 0.030366492146596858 0.07535321821036106
0 0.22146596858638742 0.12480376766091052 0.0387434554973822 0.17111459968602827
0 0.8738219895287959 0.13500784929356358 0.030366492146596858 0.12244897959183673
0 0.8172774869109948 0.13657770800627944 0.030366492146596858 0.09105180533751962
0 0.9172774869109948 0.14678178963893249 0.031413612565445025 0.10204081632653061