0 0.9194711538461539 0.578125 0.16105769230769232 0.3389423076923077
0 0.7740384615384616 0.5396634615384616 0.11778846153846154 0.39302884615384615
0 0.6502403846153846 0.49399038461538464 0.11298076923076923 0.48677884615384615
0 0.4675480769230769 0.47716346153846156 0.11057692307692307 0.46274038461538464
0 0.5769230769230769 0.4170673076923077 0.125 0.5060096153846154
0 0.3942307692307692 0.44711538461538464 0.12740384615384615 0.49399038461538464
0 0.27403846153846156 0.4795673076923077 0.12139423076923077 0.421875
0 0.15745192307692307 0.38822115384615385 0.13341346153846154 0.4879807692307692
0 0.2512019230769231 0.2920673076923077 0.09975961538461539 0.23677884615384615
0 0.07572115384615384 0.5036057692307693 0.14903846153846154 0.39783653846153844
0 0.36538461538461536 0.37259615384615385 0.11778846153846154 0.5564903846153846
0 0.375 0.11899038461538461 0.07692307692307693 0.23798076923076922
0 0.48677884615384615 0.2536057692307692 0.11177884615384616 0.3894230769230769
0 0.5504807692307693 0.125 0.06490384615384616 0.25
0 0.6935096153846154 0.34615384615384615 0.12139423076923077 0.5216346153846154
0 0.8293269230769231 0.35697115384615385 0.10216346153846154 0.3737980769230769
0 0.9579326923076923 0.3233173076923077 0.08413461538461539 0.4098557692307692
0 0.9098557692307693 0.2283653846153846 0.13581730769230768 0.4567307692307692
0 0.8569711538461539 0.09495192307692307 0.06129807692307692 0.18870192307692307
0 0.8137019230769231 0.17427884615384615 0.07451923076923077 0.3485576923076923
0 0.7247596153846154 0.21514423076923078 0.07091346153846154 0.42908653846153844
0 0.65625 0.13581730769230768 0.09495192307692307 0.15144230769230768
0 0.6442307692307693 0.13942307692307693 0.07572115384615384 0.2548076923076923
0 0.5216346153846154 0.04807692307692308 0.046875 0.09254807692307693