0 0.9110576923076923 0.578125 0.13581730769230768 0.43149038461538464
0 0.9579326923076923 0.5336538461538461 0.0829326923076923 0.36658653846153844
0 0.9711538461538461 0.49759615384615385 0.057692307692307696 0.4098557692307692
0 0.8185096153846154 0.6382211538461539 0.15264423076923078 0.4963942307692308
0 0.8040865384615384 0.4110576923076923 0.078125 0.13942307692307693
0 0.6177884615384616 0.6622596153846154 0.1310096153846154 0.49399038461538464
0 0.5865384615384616 0.5721153846153846 0.09975961538461539 0.4699519230769231
0 0.6442307692307693 0.3954326923076923 0.015625 0.055288461538461536
0 0.6947115384615384 0.40625 0.020432692307692308 0.0829326923076923
0 0.7151442307692307 0.40384615384615385 0.020432692307692308 0.08052884615384616
0 0.734375 0.390625 0.018028846153846152 0.05048076923076923
0 0.7439903846153846 0.38461538461538464 0.020432692307692308 0.05048076923076923
0 0.7475961538461539 0.3737980769230769 0.014423076923076924 0.06971153846153846
0 0.7572115384615384 0.375 0.016826923076923076 0.05048076923076923
0 0.7764423076923077 0.3786057692307692 0.02403846153846154 0.039663461538461536
0 0.5528846153846154 0.4423076923076923 0.05048076923076923 0.23317307692307693
0 0.5036057692307693 0.5144230769230769 0.06850961538461539 0.2824519230769231
0 0.34134615384615385 0.6706730769230769 0.21033653846153846 0.48197115384615385
0 0.2644230769230769 0.6574519230769231 0.10336538461538461 0.4987980769230769
0 0.4362980769230769 0.6514423076923077 0.1346153846153846 0.515625
0 0.4375 0.42908653846153844 0.0625 0.1658653846153846
0 0.1502403846153846 0.5769230769230769 0.12740384615384615 0.4026442307692308
0 0.21875 0.5336538461538461 0.078125 0.36899038461538464
0 0.29927884615384615 0.4074519230769231 0.051682692307692304 0.10817307692307693
0 0.33653846153846156 0.40384615384615385 0.025240384615384616 0.054086538461538464
0 0.32091346153846156 0.39783653846153844 0.02403846153846154 0.054086538461538464
0 0.1875 0.5240384615384616 0.0673076923076923 0.31971153846153844
0 0.02403846153846154 0.5 0.04326923076923077 0.20072115384615385
0 0.039663461538461536 0.49038461538461536 0.02403846153846154 0.14543269230769232
0 0.07091346153846154 0.4951923076923077 0.046875 0.15745192307692307
0 0.09014423076923077 0.5 0.06129807692307692 0.23557692307692307
0 0.10697115384615384 0.4110576923076923 0.027644230769230768 0.06129807692307692
0 0.3581730769230769 0.43028846153846156 0.046875 0.09014423076923077