0 0.8137019230769231 0.7884615384615384 0.08774038461538461 0.41947115384615385
0 0.5769230769230769 0.734375 0.1310096153846154 0.5264423076923077
0 0.46274038461538464 0.7980769230769231 0.16706730769230768 0.39783653846153844
0 0.2512019230769231 0.7956730769230769 0.12860576923076922 0.4050480769230769
0 0.30288461538461536 0.7692307692307693 0.09495192307692307 0.37740384615384615
0 0.1045673076923077 0.6838942307692307 0.11538461538461539 0.2668269230769231
0 0.036057692307692304 0.7956730769230769 0.056490384615384616 0.3954326923076923
0 0.12620192307692307 0.7019230769230769 0.03485576923076923 0.18509615384615385
0 0.38461538461538464 0.7451923076923077 0.0625 0.2620192307692308
0 0.5072115384615384 0.7295673076923077 0.037259615384615384 0.296875
0 0.46274038461538464 0.7560096153846154 0.09254807692307693 0.4026442307692308
0 0.6634615384615384 0.7800480769230769 0.11298076923076923 0.328125
0 0.6153846153846154 0.7391826923076923 0.03245192307692308 0.2644230769230769
0 0.6610576923076923 0.7427884615384616 0.05048076923076923 0.2764423076923077
0 0.8713942307692307 0.6983173076923077 0.036057692307692304 0.15865384615384615
0 0.9759615384615384 0.7439903846153846 0.04326923076923077 0.2644230769230769
0 0.9567307692307693 0.7451923076923077 0.052884615384615384 0.25721153846153844
0 0.9314903846153846 0.6959134615384616 0.036057692307692304 0.16826923076923078
0 0.953125 0.6814903846153846 0.037259615384615384 0.12620192307692307
0 0.34615384615384615 0.6887019230769231 0.02403846153846154 0.12139423076923077
0 0.36538461538461536 0.6875 0.025240384615384616 0.1141826923076923
0 0.4098557692307692 0.6694711538461539 0.02403846153846154 0.08413461538461539
0 0.2247596153846154 0.6346153846153846 0.019230769230769232 0.056490384615384616
0 0.7019230769230769 0.6814903846153846 0.030048076923076924 0.11658653846153846
0 0.7259615384615384 0.6802884615384616 0.026442307692307692 0.11899038461538461
0 0.7487980769230769 0.6838942307692307 0.030048076923076924 0.11298076923076923
0 0.7740384615384616 0.6814903846153846 0.025240384615384616 0.11658653846153846
0 0.7884615384615384 0.6802884615384616 0.016826923076923076 0.11057692307692307
0 0.5252403846153846 0.7716346153846154 0.056490384615384616 0.34375