0 0.009615384615384616 0.41947115384615385 0.019230769230769232 0.08774038461538461
0 0.020432692307692308 0.3737980769230769 0.021634615384615384 0.04326923076923077
0 0.02283653846153846 0.39903846153846156 0.02283653846153846 0.04927884615384615
0 0.03245192307692308 0.45072115384615385 0.026442307692307692 0.09254807692307693
0 0.042067307692307696 0.40384615384615385 0.019230769230769232 0.054086538461538464
0 0.046875 0.3762019230769231 0.01201923076923077 0.04927884615384615
0 0.055288461538461536 0.38341346153846156 0.019230769230769232 0.06850961538461539
0 0.109375 0.41346153846153844 0.019230769230769232 0.078125
0 0.14182692307692307 0.4074519230769231 0.030048076923076924 0.06009615384615385
0 0.24639423076923078 0.6875 0.17668269230769232 0.625
0 0.22115384615384615 0.421875 0.019230769230769232 0.0829326923076923
0 0.23197115384615385 0.4170673076923077 0.016826923076923076 0.06009615384615385
0 0.2548076923076923 0.39903846153846156 0.025240384615384616 0.04567307692307692
0 0.2764423076923077 0.41225961538461536 0.019230769230769232 0.054086538461538464
0 0.2920673076923077 0.41947115384615385 0.019230769230769232 0.0625
0 0.28725961538461536 0.38221153846153844 0.021634615384615384 0.06610576923076923
0 0.018028846153846152 0.5288461538461539 0.036057692307692304 0.14423076923076922
0 0.04807692307692308 0.5288461538461539 0.027644230769230768 0.140625
0 0.07091346153846154 0.5408653846153846 0.02283653846153846 0.12740384615384615
0 0.07091346153846154 0.5384615384615384 0.03245192307692308 0.13341346153846154
0 0.10216346153846154 0.5456730769230769 0.03365384615384615 0.11778846153846154
0 0.1502403846153846 0.65625 0.234375 0.6875
0 0.3161057692307692 0.6634615384615384 0.12620192307692307 0.6730769230769231
0 0.3786057692307692 0.5853365384615384 0.07451923076923077 0.6358173076923077
0 0.4206730769230769 0.6766826923076923 0.10576923076923077 0.6466346153846154
0 0.5240384615384616 0.5733173076923077 0.14903846153846154 0.8533653846153846
0 0.4483173076923077 0.3581730769230769 0.09014423076923077 0.2247596153846154
0 0.5396634615384616 0.28125 0.09254807692307693 0.27403846153846156
0 0.6370192307692307 0.3004807692307692 0.09735576923076923 0.28725961538461536
0 0.6550480769230769 0.5925480769230769 0.17668269230769232 0.8149038461538461
0 0.7139423076923077 0.6213942307692307 0.08413461538461539 0.6177884615384616
0 0.8149038461538461 0.6514423076923077 0.20552884615384615 0.6959134615384616
0 0.8257211538461539 0.5889423076923077 0.08413461538461539 0.6875
0 0.9302884615384616 0.43990384615384615 0.025240384615384616 0.08533653846153846
0 0.9723557692307693 0.4206730769230769 0.036057692307692304 0.12620192307692307
0 0.9423076923076923 0.5528846153846154 0.03245192307692308 0.14423076923076922
0 0.9615384615384616 0.5456730769230769 0.03245192307692308 0.15985576923076922
0 0.9879807692307693 0.546875 0.02403846153846154 0.16105769230769232
0 0.9555288461538461 0.45913461538461536 0.03245192307692308 0.051682692307692304