0 0.18269230769230768 0.484375 0.2403846153846154 0.8701923076923077
0 0.20072115384615385 0.5096153846153846 0.22956730769230768 0.8209134615384616
0 0.34975961538461536 0.265625 0.14182692307692307 0.3737980769230769
0 0.4735576923076923 0.49158653846153844 0.14423076923076922 0.8185096153846154
0 0.6045673076923077 0.2776442307692308 0.14903846153846154 0.40625
0 0.7463942307692307 0.2776442307692308 0.15144230769230768 0.375
0 0.8125 0.49158653846153844 0.28125 0.8473557692307693
0 0.2439903846153846 0.6370192307692307 0.15865384615384615 0.6081730769230769
0 0.37259615384615385 0.6189903846153846 0.14543269230769232 0.6201923076923077
0 0.4951923076923077 0.6310096153846154 0.1778846153846154 0.609375
0 0.6322115384615384 0.6225961538461539 0.15865384615384615 0.6177884615384616
0 0.7764423076923077 0.6322115384615384 0.16346153846153846 0.6105769230769231