0 0.7653846153846153 0.13859832635983263 0.027692307692307693 0.05753138075313807
0 0.8153846153846154 0.14173640167364016 0.026153846153846153 0.0596234309623431
0 0.8442307692307692 0.14225941422594143 0.03307692307692308 0.056485355648535567
0 0.7903846153846154 0.14644351464435146 0.025384615384615384 0.056485355648535567
0 0.8988461538461539 0.14958158995815898 0.03923076923076923 0.07740585774058577
0 0.2561538461538462 0.15847280334728034 0.02 0.08054393305439331
0 0.2680769230769231 0.1600418410041841 0.01769230769230769 0.07740585774058577
0 0.3030769230769231 0.16265690376569036 0.02923076923076923 0.08054393305439331
0 0.9376923076923077 0.16631799163179917 0.03230769230769231 0.0899581589958159
0 0.9676923076923077 0.17259414225941422 0.03076923076923077 0.12133891213389121
0 0.08730769230769231 0.24633891213389122 0.03307692307692308 0.09309623430962342
0 0.028076923076923076 0.25732217573221755 0.04692307692307692 0.15271966527196654
0 0.13 0.30387029288702927 0.07538461538461538 0.21443514644351463
0 0.34423076923076923 0.3106694560669456 0.11 0.18200836820083682
0 0.155 0.3117154811715481 0.057692307692307696 0.28451882845188287
0 0.19807692307692307 0.32792887029288703 0.04384615384615385 0.25418410041841005
0 0.9338461538461539 0.35251046025104604 0.11076923076923077 0.27615062761506276
0 0.11923076923076924 0.3760460251046025 0.09384615384615384 0.36715481171548114
0 0.2896153846153846 0.3854602510460251 0.0823076923076923 0.38598326359832635
0 0.40923076923076923 0.3854602510460251 0.08 0.36715481171548114
0 0.22653846153846155 0.4273012552301255 0.11307692307692307 0.4215481171548117
0 0.027307692307692307 0.43357740585774057 0.054615384615384614 0.3253138075313807
0 0.4453846153846154 0.4450836820083682 0.08153846153846153 0.3692468619246862
0 0.10076923076923076 0.4560669456066946 0.09538461538461539 0.3702928870292887
0 0.3526923076923077 0.47855648535564854 0.09769230769230769 0.4215481171548117
0 0.5007692307692307 0.5 0.1076923076923077 0.4581589958158996
0 0.5926923076923077 0.5303347280334728 0.12076923076923077 0.47280334728033474
0 0.7792307692307693 0.573744769874477 0.09384615384615384 0.4215481171548117
0 0.6730769230769231 0.5889121338912134 0.1523076923076923 0.5460251046025104
0 0.36730769230769234 0.6056485355648535 0.11307692307692307 0.5125523012552301
0 0.8961538461538462 0.7086820083682008 0.20615384615384616 0.4320083682008368