0 0.6995192307692307 0.3112980769230769 0.028846153846153848 0.051682692307692304
0 0.010817307692307692 0.33413461538461536 0.013221153846153846 0.057692307692307696
0 0.6646634615384616 0.3473557692307692 0.03485576923076923 0.08533653846153846
0 0.037259615384615384 0.3485576923076923 0.03245192307692308 0.052884615384615384
0 0.020432692307692308 0.36658653846153844 0.020432692307692308 0.08533653846153846
0 0.007211538461538462 0.36899038461538464 0.013221153846153846 0.07932692307692307
0 0.9795673076923077 0.3737980769230769 0.038461538461538464 0.19110576923076922
0 0.9158653846153846 0.37259615384615385 0.03485576923076923 0.12740384615384615
0 0.8774038461538461 0.375 0.03125 0.1658653846153846
0 0.9435096153846154 0.375 0.027644230769230768 0.1201923076923077
0 0.859375 0.38100961538461536 0.040865384615384616 0.15264423076923078
0 0.8425480769230769 0.38461538461538464 0.02403846153846154 0.15144230769230768
0 0.7992788461538461 0.38822115384615385 0.025240384615384616 0.17548076923076922
0 0.8185096153846154 0.390625 0.052884615384615384 0.1935096153846154
0 0.5432692307692307 0.4050480769230769 0.03365384615384615 0.21995192307692307
0 0.5336538461538461 0.4050480769230769 0.039663461538461536 0.22115384615384615
0 0.7524038461538461 0.4074519230769231 0.036057692307692304 0.17307692307692307
0 0.5709134615384616 0.41586538461538464 0.042067307692307696 0.21754807692307693
0 0.7524038461538461 0.41586538461538464 0.039663461538461536 0.19110576923076922
0 0.4951923076923077 0.41947115384615385 0.06490384615384616 0.3016826923076923
0 0.6310096153846154 0.42427884615384615 0.03365384615384615 0.2536057692307692
0 0.703125 0.43149038461538464 0.06129807692307692 0.2644230769230769
0 0.7704326923076923 0.4326923076923077 0.06009615384615385 0.24158653846153846
0 0.6802884615384616 0.4338942307692308 0.03485576923076923 0.21754807692307693
0 0.22355769230769232 0.4375 0.09134615384615384 0.12860576923076922
0 0.6117788461538461 0.4423076923076923 0.07091346153846154 0.27163461538461536
0 0.6538461538461539 0.4423076923076923 0.028846153846153848 0.171875
0 0.43028846153846156 0.45072115384615385 0.12740384615384615 0.328125
0 0.18269230769230768 0.4855769230769231 0.17668269230769232 0.49158653846153844