0 0.5721153846153846 0.7451923076923077 0.08653846153846154 0.3485576923076923
0 0.7632211538461539 0.9002403846153846 0.07211538461538461 0.19951923076923078
0 0.6899038461538461 0.8100961538461539 0.03365384615384615 0.09375
0 0.6682692307692307 0.78125 0.020432692307692308 0.06009615384615385
0 0.6550480769230769 0.8185096153846154 0.026442307692307692 0.09615384615384616
0 0.625 0.8233173076923077 0.038461538461538464 0.10336538461538461
0 0.5348557692307693 0.84375 0.03365384615384615 0.11538461538461539
0 0.4963942307692308 0.84375 0.05048076923076923 0.1346153846153846
0 0.4735576923076923 0.8810096153846154 0.028846153846153848 0.07211538461538461
0 0.43990384615384615 0.8401442307692307 0.042067307692307696 0.11538461538461539
0 0.3798076923076923 0.8317307692307693 0.040865384615384616 0.12620192307692307
0 0.3954326923076923 0.9026442307692307 0.054086538461538464 0.07091346153846154
0 0.3425480769230769 0.9110576923076923 0.026442307692307692 0.0733173076923077
0 0.34975961538461536 0.8473557692307693 0.03485576923076923 0.12139423076923077
0 0.31490384615384615 0.9230769230769231 0.05048076923076923 0.08052884615384616
0 0.28365384615384615 0.8473557692307693 0.039663461538461536 0.13942307692307693
0 0.24158653846153846 0.8725961538461539 0.057692307692307696 0.1045673076923077
0 0.24158653846153846 0.9423076923076923 0.036057692307692304 0.07091346153846154
0 0.16947115384615385 0.9519230769230769 0.04567307692307692 0.08413461538461539
0 0.11658653846153846 0.9507211538461539 0.051682692307692304 0.0985576923076923
0 0.09014423076923077 0.8689903846153846 0.036057692307692304 0.08173076923076923
0 0.020432692307692308 0.9435096153846154 0.040865384615384616 0.11298076923076923