0 0.7872596153846154 0.7163461538461539 0.11057692307692307 0.27884615384615385
0 0.8197115384615384 0.7019230769230769 0.055288461538461536 0.19831730769230768
0 0.7079326923076923 0.7091346153846154 0.042067307692307696 0.17548076923076922
0 0.6334134615384616 0.7127403846153846 0.04447115384615385 0.16826923076923078
0 0.5625 0.6826923076923077 0.10216346153846154 0.3737980769230769
0 0.5709134615384616 0.6983173076923077 0.0733173076923077 0.24879807692307693
0 0.5072115384615384 0.7055288461538461 0.06129807692307692 0.25240384615384615
0 0.4543269230769231 0.6274038461538461 0.0673076923076923 0.4098557692307692
0 0.4182692307692308 0.7043269230769231 0.09375 0.3401442307692308
0 0.3293269230769231 0.6983173076923077 0.06971153846153846 0.2776442307692308
0 0.3629807692307692 0.6959134615384616 0.046875 0.27403846153846156
0 0.9771634615384616 0.7415865384615384 0.04567307692307692 0.13581730769230768
0 0.9387019230769231 0.7043269230769231 0.037259615384615384 0.11298076923076923
0 0.9038461538461539 0.6646634615384616 0.027644230769230768 0.07692307692307693
0 0.9206730769230769 0.6802884615384616 0.028846153846153848 0.10576923076923077
0 0.9699519230769231 0.6706730769230769 0.04927884615384615 0.07091346153846154
0 0.9230769230769231 0.6286057692307693 0.025240384615384616 0.04807692307692308
0 0.9447115384615384 0.6382211538461539 0.026442307692307692 0.06129807692307692
0 0.9723557692307693 0.6262019230769231 0.03125 0.052884615384615384
0 0.9879807692307693 0.6394230769230769 0.02403846153846154 0.09134615384615384
0 0.9375 0.6045673076923077 0.020432692307692308 0.051682692307692304
0 0.9579326923076923 0.5997596153846154 0.026442307692307692 0.05889423076923077
0 0.984375 0.6021634615384616 0.02283653846153846 0.06009615384615385
0 0.96875 0.5769230769230769 0.020432692307692308 0.051682692307692304
0 0.9903846153846154 0.5612980769230769 0.018028846153846152 0.036057692307692304