0 0.2439903846153846 0.28725961538461536 0.15985576923076922 0.31971153846153844
0 0.3713942307692308 0.2704326923076923 0.13221153846153846 0.3329326923076923
0 0.5276442307692307 0.4254807692307692 0.24759615384615385 0.6610576923076923
0 0.5913461538461539 0.41225961538461536 0.14543269230769232 0.6322115384615384
0 0.6634615384615384 0.38100961538461536 0.28365384615384615 0.5540865384615384
0 0.12379807692307693 0.5877403846153846 0.17668269230769232 0.5396634615384616
0 0.2644230769230769 0.5745192307692307 0.14182692307692307 0.5372596153846154
0 0.3713942307692308 0.578125 0.14182692307692307 0.5360576923076923
0 0.4963942307692308 0.5805288461538461 0.13581730769230768 0.5372596153846154
0 0.6153846153846154 0.5877403846153846 0.11538461538461539 0.5180288461538461
0 0.7283653846153846 0.5600961538461539 0.34615384615384615 0.5673076923076923
0 0.8557692307692307 0.5757211538461539 0.18269230769230768 0.5408653846153846