0 0.5817307692307693 0.3233173076923077 0.06129807692307692 0.2620192307692308
0 0.15504807692307693 0.3473557692307692 0.040865384615384616 0.07451923076923077
0 0.7091346153846154 0.3581730769230769 0.07451923076923077 0.12139423076923077
0 0.796875 0.3581730769230769 0.10817307692307693 0.1814903846153846
0 0.22355769230769232 0.36778846153846156 0.04567307692307692 0.07211538461538461
0 0.2860576923076923 0.3737980769230769 0.0829326923076923 0.14182692307692307
0 0.5036057692307693 0.38221153846153844 0.0625 0.19831730769230768
0 0.5721153846153846 0.38461538461538464 0.07451923076923077 0.14182692307692307
0 0.4206730769230769 0.3858173076923077 0.0625 0.12620192307692307
0 0.35697115384615385 0.3894230769230769 0.0625 0.1045673076923077
0 0.6622596153846154 0.3954326923076923 0.06971153846153846 0.13701923076923078
0 0.7848557692307693 0.43149038461538464 0.0985576923076923 0.1310096153846154
0 0.30649038461538464 0.43149038461538464 0.09375 0.1045673076923077
0 0.8713942307692307 0.43149038461538464 0.09014423076923077 0.1045673076923077
0 0.6225961538461539 0.4362980769230769 0.0985576923076923 0.1045673076923077
0 0.39903846153846156 0.44350961538461536 0.08173076923076923 0.10096153846153846
0 0.546875 0.44711538461538464 0.0889423076923077 0.09014423076923077
0 0.20192307692307693 0.44711538461538464 0.04326923076923077 0.109375
0 0.7127403846153846 0.4495192307692308 0.10336538461538461 0.11899038461538461
0 0.46274038461538464 0.45072115384615385 0.0829326923076923 0.09495192307692307
0 0.07572115384615384 0.5192307692307693 0.0985576923076923 0.3762019230769231
0 0.9471153846153846 0.5300480769230769 0.1045673076923077 0.35096153846153844
0 0.14903846153846154 0.5456730769230769 0.09254807692307693 0.3293269230769231