0 0.7283653846153846 0.6105769230769231 0.5420673076923077 0.7788461538461539
0 0.5817307692307693 0.6009615384615384 0.35216346153846156 0.7980769230769231
0 0.25721153846153844 0.5228365384615384 0.2403846153846154 0.7223557692307693
0 0.06129807692307692 0.46875 0.1201923076923077 0.6538461538461539
0 0.13581730769230768 0.4735576923076923 0.12620192307692307 0.49399038461538464
0 0.9759615384615384 0.29447115384615385 0.04807692307692308 0.16105769230769232
0 0.8990384615384616 0.296875 0.11298076923076923 0.16706730769230768
0 0.7800480769230769 0.2980769230769231 0.07211538461538461 0.15745192307692307
0 0.8377403846153846 0.29927884615384615 0.052884615384615384 0.16105769230769232
0 0.8245192307692307 0.27283653846153844 0.055288461538461536 0.21153846153846154
0 0.5288461538461539 0.3076923076923077 0.08533653846153846 0.171875
0 0.578125 0.27163461538461536 0.040865384615384616 0.10817307692307693
0 0.47596153846153844 0.3088942307692308 0.0625 0.171875
0 0.4110576923076923 0.3125 0.09735576923076923 0.16826923076923078
0 0.38221153846153844 0.3581730769230769 0.06490384615384616 0.08052884615384616
0 0.3425480769230769 0.31490384615384615 0.09014423076923077 0.16105769230769232
0 0.3317307692307692 0.2860576923076923 0.07572115384615384 0.1141826923076923
0 0.22235576923076922 0.32211538461538464 0.04567307692307692 0.1466346153846154
0 0.19831730769230768 0.32211538461538464 0.036057692307692304 0.14182692307692307
0 0.5132211538461539 0.29927884615384615 0.07692307692307693 0.15384615384615385