0 0.06850961538461539 0.5144230769230769 0.037259615384615384 0.09375
0 0.18509615384615385 0.5108173076923077 0.040865384615384616 0.06490384615384616
0 0.2403846153846154 0.5012019230769231 0.021634615384615384 0.040865384615384616
0 0.22355769230769232 0.5612980769230769 0.052884615384615384 0.11778846153846154
0 0.24639423076923078 0.5276442307692307 0.03245192307692308 0.06129807692307692
0 0.04927884615384615 0.53125 0.05048076923076923 0.08413461538461539
0 0.04326923076923077 0.5348557692307693 0.036057692307692304 0.09375
0 0.06370192307692307 0.7704326923076923 0.12740384615384615 0.4206730769230769
0 0.3004807692307692 0.5769230769230769 0.057692307692307696 0.15144230769230768
0 0.38341346153846156 0.5612980769230769 0.036057692307692304 0.10096153846153846
0 0.41947115384615385 0.5841346153846154 0.06009615384615385 0.12860576923076922
0 0.4795673076923077 0.5144230769230769 0.025240384615384616 0.040865384615384616
0 0.45552884615384615 0.5829326923076923 0.05048076923076923 0.11538461538461539
0 0.49038461538461536 0.5649038461538461 0.03125 0.09375
0 0.5564903846153846 0.5685096153846154 0.06009615384615385 0.09735576923076923
0 0.6262019230769231 0.6141826923076923 0.10697115384615384 0.1658653846153846
0 0.7211538461538461 0.6274038461538461 0.09014423076923077 0.15865384615384615
0 0.7992788461538461 0.6262019230769231 0.08533653846153846 0.1201923076923077
0 0.8858173076923077 0.6177884615384616 0.08413461538461539 0.14423076923076922
0 0.9567307692307693 0.8052884615384616 0.08653846153846154 0.38822115384615385
0 0.16105769230769232 0.6826923076923077 0.11057692307692307 0.27884615384615385
0 0.29447115384615385 0.6742788461538461 0.09375 0.2536057692307692
0 0.3449519230769231 0.6574519230769231 0.0889423076923077 0.24278846153846154
0 0.46634615384615385 0.6670673076923077 0.09254807692307693 0.2127403846153846
0 0.7944711538461539 0.6947115384615384 0.12620192307692307 0.21514423076923078
0 0.27524038461538464 0.7920673076923077 0.1814903846153846 0.4110576923076923
0 0.39663461538461536 0.8161057692307693 0.18269230769230768 0.36778846153846156
0 0.38341346153846156 0.5600961538461539 0.03125 0.09134615384615384
0 0.10817307692307693 0.546875 0.054086538461538464 0.10336538461538461
0 0.13581730769230768 0.5396634615384616 0.051682692307692304 0.08774038461538461