0 0.7512019230769231 0.27524038461538464 0.04447115384615385 0.07572115384615384
0 0.71875 0.2824519230769231 0.030048076923076924 0.06971153846153846
0 0.7908653846153846 0.2824519230769231 0.03365384615384615 0.07451923076923077
0 0.6778846153846154 0.2956730769230769 0.05048076923076923 0.08052884615384616
0 0.6081730769230769 0.3016826923076923 0.03125 0.052884615384615384
0 0.7091346153846154 0.30649038461538464 0.04326923076923077 0.06370192307692307
0 0.5829326923076923 0.3112980769230769 0.040865384615384616 0.07572115384615384
0 0.8774038461538461 0.3112980769230769 0.04927884615384615 0.08052884615384616
0 0.7776442307692307 0.3161057692307692 0.028846153846153848 0.06971153846153846
0 0.7355769230769231 0.32091346153846156 0.04326923076923077 0.0889423076923077
0 0.7944711538461539 0.3245192307692308 0.030048076923076924 0.056490384615384616
0 0.6382211538461539 0.33052884615384615 0.03125 0.06610576923076923
0 0.5576923076923077 0.33413461538461536 0.040865384615384616 0.07572115384615384
0 0.6610576923076923 0.3389423076923077 0.03365384615384615 0.06610576923076923
0 0.7091346153846154 0.3425480769230769 0.04807692307692308 0.08052884615384616
0 0.6081730769230769 0.3473557692307692 0.04927884615384615 0.10336538461538461
0 0.7632211538461539 0.359375 0.054086538461538464 0.1141826923076923
0 0.5276442307692307 0.36177884615384615 0.03365384615384615 0.0673076923076923
0 0.6790865384615384 0.36177884615384615 0.04807692307692308 0.08413461538461539
0 0.47716346153846156 0.3629807692307692 0.039663461538461536 0.06129807692307692
0 0.6394230769230769 0.36899038461538464 0.04927884615384615 0.07451923076923077
0 0.9302884615384616 0.36899038461538464 0.0733173076923077 0.1971153846153846
0 0.5757211538461539 0.3713942307692308 0.021634615384615384 0.07451923076923077
0 0.7860576923076923 0.38100961538461536 0.04807692307692308 0.13341346153846154
0 0.7043269230769231 0.38341346153846156 0.04807692307692308 0.09495192307692307
0 0.5096153846153846 0.3858173076923077 0.040865384615384616 0.10336538461538461
0 0.5949519230769231 0.3858173076923077 0.040865384615384616 0.078125
0 0.671875 0.390625 0.04447115384615385 0.05048076923076923
0 0.5408653846153846 0.3942307692307692 0.03485576923076923 0.0829326923076923
0 0.45913461538461536 0.39903846153846156 0.04807692307692308 0.10336538461538461
0 0.6346153846153846 0.39903846153846156 0.039663461538461536 0.0829326923076923
0 0.7415865384615384 0.4014423076923077 0.052884615384615384 0.09254807692307693
0 0.5625 0.4026442307692308 0.057692307692307696 0.078125
0 0.42788461538461536 0.4098557692307692 0.0625 0.08413461538461539
0 0.4795673076923077 0.41466346153846156 0.04807692307692308 0.0889423076923077
0 0.6814903846153846 0.41586538461538464 0.040865384615384616 0.07451923076923077
0 0.8725961538461539 0.42788461538461536 0.04807692307692308 0.09495192307692307
0 0.6021634615384616 0.4387019230769231 0.04927884615384615 0.09495192307692307
0 0.6598557692307693 0.4423076923076923 0.040865384615384616 0.08413461538461539
0 0.5444711538461539 0.4495192307692308 0.040865384615384616 0.10336538461538461
0 0.7331730769230769 0.45072115384615385 0.057692307692307696 0.13942307692307693
0 0.38461538461538464 0.4519230769230769 0.06850961538461539 0.10576923076923077
0 0.43509615384615385 0.47475961538461536 0.06370192307692307 0.125
0 0.5096153846153846 0.4807692307692308 0.054086538461538464 0.14543269230769232
0 0.1346153846153846 0.49278846153846156 0.09375 0.10096153846153846
0 0.5733173076923077 0.4951923076923077 0.0625 0.12740384615384615
0 0.7920673076923077 0.49759615384615385 0.054086538461538464 0.27283653846153844
0 0.2764423076923077 0.4987980769230769 0.054086538461538464 0.109375
0 0.03365384615384615 0.5024038461538461 0.0673076923076923 0.1201923076923077
0 0.6899038461538461 0.5036057692307693 0.06850961538461539 0.15625
0 0.6274038461538461 0.5072115384615384 0.08413461538461539 0.15264423076923078
0 0.5336538461538461 0.515625 0.04567307692307692 0.1141826923076923
0 0.4026442307692308 0.5228365384615384 0.054086538461538464 0.15384615384615385
0 0.47115384615384615 0.5228365384615384 0.078125 0.14182692307692307
0 0.33052884615384615 0.53125 0.054086538461538464 0.21394230769230768
0 0.36899038461538464 0.546875 0.06850961538461539 0.15865384615384615
0 0.7572115384615384 0.5709134615384616 0.07572115384615384 0.27524038461538464
0 0.5709134615384616 0.5745192307692307 0.0829326923076923 0.125
0 0.30528846153846156 0.6021634615384616 0.06971153846153846 0.24519230769230768
0 0.6538461538461539 0.6033653846153846 0.07932692307692307 0.14543269230769232
0 0.234375 0.609375 0.0889423076923077 0.24519230769230768
0 0.7091346153846154 0.6141826923076923 0.055288461538461536 0.17548076923076922
0 0.08052884615384616 0.6334134615384616 0.08413461538461539 0.3112980769230769
0 0.15264423076923078 0.6394230769230769 0.09375 0.328125
0 0.03485576923076923 0.6694711538461539 0.06971153846153846 0.3317307692307692
0 0.46274038461538464 0.6742788461538461 0.078125 0.3088942307692308
0 0.5108173076923077 0.6766826923076923 0.07932692307692307 0.23197115384615385
0 0.5829326923076923 0.7211538461538461 0.09254807692307693 0.33774038461538464
0 0.6490384615384616 0.7704326923076923 0.0889423076923077 0.35336538461538464
0 0.4098557692307692 0.8149038461538461 0.0985576923076923 0.36538461538461536
0 0.3233173076923077 0.8269230769230769 0.1141826923076923 0.3425480769230769
0 0.21634615384615385 0.8341346153846154 0.11899038461538461 0.31971153846153844
0 0.49038461538461536 0.8497596153846154 0.09254807692307693 0.2956730769230769