0 0.7019230769230769 0.609375 0.3088942307692308 0.5276442307692307
0 0.9170673076923077 0.4182692307692308 0.08052884615384616 0.2548076923076923
0 0.828125 0.37740384615384615 0.07451923076923077 0.13581730769230768
0 0.7560096153846154 0.3112980769230769 0.05889423076923077 0.2247596153846154
0 0.6057692307692307 0.4495192307692308 0.15985576923076922 0.28966346153846156
0 0.5024038461538461 0.41466346153846156 0.14903846153846154 0.27884615384615385
0 0.5985576923076923 0.26802884615384615 0.03245192307692308 0.07572115384615384
0 0.5709134615384616 0.265625 0.025240384615384616 0.06850961538461539
0 0.5540865384615384 0.2512019230769231 0.019230769230769232 0.04807692307692308
0 0.5264423076923077 0.25240384615384615 0.03485576923076923 0.1045673076923077
0 0.4699519230769231 0.27884615384615385 0.052884615384615384 0.16105769230769232
0 0.44711538461538464 0.27884615384615385 0.04447115384615385 0.1502403846153846
0 0.3942307692307692 0.2668269230769231 0.026442307692307692 0.13581730769230768
0 0.3798076923076923 0.22115384615384615 0.016826923076923076 0.030048076923076924
0 0.3605769230769231 0.29447115384615385 0.04567307692307692 0.21514423076923078
0 0.33052884615384615 0.4362980769230769 0.19110576923076922 0.3389423076923077
0 0.19591346153846154 0.5216346153846154 0.2692307692307692 0.43990384615384615
0 0.22956730769230768 0.3485576923076923 0.09615384615384616 0.18269230769230768
0 0.2127403846153846 0.2692307692307692 0.03365384615384615 0.11538461538461539
0 0.17307692307692307 0.2980769230769231 0.052884615384615384 0.19471153846153846
0 0.1201923076923077 0.25841346153846156 0.038461538461538464 0.12860576923076922
0 0.10096153846153846 0.2668269230769231 0.02403846153846154 0.12860576923076922
0 0.07572115384615384 0.27403846153846156 0.026442307692307692 0.06971153846153846
0 0.042067307692307696 0.2956730769230769 0.04447115384615385 0.21153846153846154