0 0.05048076923076923 0.5504807692307693 0.10096153846153846 0.29447115384615385
0 0.14182692307692307 0.5420673076923077 0.13581730769230768 0.3449519230769231
0 0.14182692307692307 0.5372596153846154 0.10576923076923077 0.31850961538461536
0 0.2860576923076923 0.5300480769230769 0.08533653846153846 0.24278846153846154
0 0.33533653846153844 0.5288461538461539 0.07692307692307693 0.27163461538461536
0 0.3485576923076923 0.5432692307692307 0.052884615384615384 0.30649038461538464
0 0.4014423076923077 0.5204326923076923 0.21033653846153846 0.5865384615384616
0 0.5252403846153846 0.5564903846153846 0.09615384615384616 0.28725961538461536
0 0.5877403846153846 0.5396634615384616 0.07692307692307693 0.2764423076923077
0 0.6622596153846154 0.5600961538461539 0.09615384615384616 0.2932692307692308
0 0.7259615384615384 0.5444711538461539 0.04807692307692308 0.21634615384615385
0 0.7644230769230769 0.5528846153846154 0.09375 0.2932692307692308
0 0.8173076923076923 0.5432692307692307 0.10216346153846154 0.34375
0 0.8942307692307693 0.5552884615384616 0.13701923076923078 0.3713942307692308
0 0.9651442307692307 0.5492788461538461 0.06971153846153846 0.31850961538461536