0 0.1502403846153846 0.5336538461538461 0.1346153846153846 0.1622596153846154
0 0.5420673076923077 0.7211538461538461 0.7764423076923077 0.5576923076923077
0 0.24519230769230768 0.4831730769230769 0.09014423076923077 0.11298076923076923
0 0.28846153846153844 0.46634615384615385 0.0733173076923077 0.09254807692307693
0 0.3112980769230769 0.45072115384615385 0.051682692307692304 0.08774038461538461
0 0.328125 0.4519230769230769 0.037259615384615384 0.06490384615384616
0 0.34975961538461536 0.44711538461538464 0.028846153846153848 0.06490384615384616
0 0.46875 0.42908653846153844 0.03485576923076923 0.057692307692307696
0 0.515625 0.43509615384615385 0.03485576923076923 0.06009615384615385
0 0.5564903846153846 0.43149038461538464 0.030048076923076924 0.04807692307692308
0 0.9627403846153846 0.5697115384615384 0.07451923076923077 0.18509615384615385
0 0.8798076923076923 0.5252403846153846 0.14302884615384615 0.18990384615384615
0 0.8064903846153846 0.5 0.0829326923076923 0.1201923076923077
0 0.7728365384615384 0.48197115384615385 0.06370192307692307 0.11057692307692307
0 0.6887019230769231 0.45913461538461536 0.06009615384615385 0.07692307692307693
0 0.6514423076923077 0.44350961538461536 0.030048076923076924 0.0673076923076923