0 0.026442307692307692 0.5276442307692307 0.016826923076923076 0.09134615384615384
0 0.1346153846153846 0.5324519230769231 0.018028846153846152 0.0889423076923077
0 0.14543269230769232 0.5360576923076923 0.02403846153846154 0.08653846153846154
0 0.16346153846153846 0.5372596153846154 0.02403846153846154 0.08173076923076923
0 0.18629807692307693 0.5396634615384616 0.014423076923076924 0.09975961538461539
0 0.19471153846153846 0.5372596153846154 0.019230769230769232 0.1045673076923077
0 0.2127403846153846 0.5661057692307693 0.05889423076923077 0.20432692307692307
0 0.5048076923076923 0.5348557692307693 0.007211538461538462 0.020432692307692308
0 0.5096153846153846 0.5372596153846154 0.009615384615384616 0.030048076923076924
0 0.5300480769230769 0.5384615384615384 0.007211538461538462 0.03245192307692308
0 0.90625 0.5228365384615384 0.015625 0.051682692307692304
0 0.8990384615384616 0.5697115384615384 0.026442307692307692 0.07451923076923077
0 0.9134615384615384 0.5733173076923077 0.03125 0.06370192307692307
0 0.921875 0.546875 0.010817307692307692 0.019230769230769232
0 0.052884615384615384 0.5997596153846154 0.1045673076923077 0.40024038461538464
0 0.28846153846153844 0.6213942307692307 0.07692307692307693 0.39783653846153844
0 0.3449519230769231 0.6586538461538461 0.1201923076923077 0.6021634615384616
0 0.40024038461538464 0.5913461538461539 0.0673076923076923 0.3076923076923077
0 0.47596153846153844 0.6033653846153846 0.10216346153846154 0.3317307692307692
0 0.46634615384615385 0.6310096153846154 0.10576923076923077 0.41947115384615385
0 0.6009615384615384 0.6430288461538461 0.0673076923076923 0.3918269230769231
0 0.5925480769230769 0.6298076923076923 0.09615384615384616 0.43990384615384615
0 0.7103365384615384 0.6009615384615384 0.06850961538461539 0.328125
0 0.7800480769230769 0.6502403846153846 0.09975961538461539 0.44711538461538464