0 0.07211538461538461 0.7860576923076923 0.14423076923076922 0.22716346153846154
0 0.09014423076923077 0.7512019230769231 0.140625 0.19831730769230768
0 0.22355769230769232 0.7620192307692307 0.13581730769230768 0.22956730769230768
0 0.07692307692307693 0.6538461538461539 0.056490384615384616 0.140625
0 0.11538461538461539 0.6490384615384616 0.04326923076923077 0.14543269230769232
0 0.15384615384615385 0.6466346153846154 0.04447115384615385 0.15384615384615385
0 0.19591346153846154 0.6454326923076923 0.028846153846153848 0.13341346153846154
0 0.23076923076923078 0.6201923076923077 0.028846153846153848 0.0673076923076923
0 0.2127403846153846 0.609375 0.020432692307692308 0.056490384615384616
0 0.25 0.609375 0.018028846153846152 0.0673076923076923
0 0.2644230769230769 0.6322115384615384 0.02283653846153846 0.09615384615384616
0 0.2776442307692308 0.6274038461538461 0.018028846153846152 0.10216346153846154
0 0.2956730769230769 0.6177884615384616 0.027644230769230768 0.07091346153846154
0 0.3076923076923077 0.6574519230769231 0.04567307692307692 0.056490384615384616
0 0.3233173076923077 0.6334134615384616 0.020432692307692308 0.027644230769230768
0 0.32572115384615385 0.6069711538461539 0.028846153846153848 0.052884615384615384
0 0.3581730769230769 0.6081730769230769 0.03125 0.06850961538461539
0 0.3389423076923077 0.7091346153846154 0.052884615384615384 0.15745192307692307
0 0.36899038461538464 0.640625 0.04447115384615385 0.04927884615384615
0 0.43509615384615385 0.7055288461538461 0.06490384615384616 0.12379807692307693
0 0.4182692307692308 0.6045673076923077 0.028846153846153848 0.08533653846153846
0 0.453125 0.6141826923076923 0.025240384615384616 0.08413461538461539
0 0.4831730769230769 0.6322115384615384 0.03365384615384615 0.11658653846153846
0 0.4699519230769231 0.6935096153846154 0.040865384615384616 0.10576923076923077
0 0.5168269230769231 0.6141826923076923 0.020432692307692308 0.09495192307692307
0 0.5733173076923077 0.6911057692307693 0.09134615384615384 0.2764423076923077
0 0.6105769230769231 0.609375 0.020432692307692308 0.08413461538461539
0 0.6346153846153846 0.6165865384615384 0.021634615384615384 0.0829326923076923
0 0.6274038461538461 0.6117788461538461 0.016826923076923076 0.07932692307692307
0 0.6502403846153846 0.6105769230769231 0.018028846153846152 0.08533653846153846
0 0.6658653846153846 0.6165865384615384 0.02403846153846154 0.0985576923076923
0 0.6862980769230769 0.6225961538461539 0.028846153846153848 0.08653846153846154
0 0.7487980769230769 0.6694711538461539 0.06129807692307692 0.23918269230769232
0 0.8197115384615384 0.6814903846153846 0.06490384615384616 0.22235576923076922
0 0.8978365384615384 0.6394230769230769 0.04807692307692308 0.15745192307692307
0 0.9735576923076923 0.671875 0.052884615384615384 0.20793269230769232
0 0.8485576923076923 0.6165865384615384 0.028846153846153848 0.125