0 0.35096153846153844 0.7439903846153846 0.17668269230769232 0.5120192307692307
0 0.42427884615384615 0.5 0.17908653846153846 0.6598557692307693
0 0.7235576923076923 0.59375 0.1141826923076923 0.8125
0 0.9471153846153846 0.9158653846153846 0.0625 0.16826923076923078
0 0.40024038461538464 0.4543269230769231 0.057692307692307696 0.15985576923076922
0 0.109375 0.13341346153846154 0.026442307692307692 0.07211538461538461
0 0.14182692307692307 0.15144230769230768 0.025240384615384616 0.057692307692307696
0 0.038461538461538464 0.10576923076923077 0.026442307692307692 0.08052884615384616
0 0.014423076923076924 0.10096153846153846 0.020432692307692308 0.0625
0 0.05889423076923077 0.11298076923076923 0.020432692307692308 0.06610576923076923
0 0.21995192307692307 0.20192307692307693 0.02403846153846154 0.08774038461538461
0 0.2800480769230769 0.2439903846153846 0.02403846153846154 0.09975961538461539
0 0.29927884615384615 0.26802884615384615 0.030048076923076924 0.1045673076923077
0 0.32211538461538464 0.2704326923076923 0.020432692307692308 0.09014423076923077
0 0.35336538461538464 0.2800480769230769 0.02283653846153846 0.08774038461538461
0 0.3762019230769231 0.2764423076923077 0.019230769230769232 0.078125
0 0.3918269230769231 0.29927884615384615 0.02283653846153846 0.078125
0 0.41466346153846156 0.30288461538461536 0.026442307692307692 0.09375
0 0.5324519230769231 0.38341346153846156 0.030048076923076924 0.07211538461538461
0 0.5240384615384616 0.38341346153846156 0.02403846153846154 0.11658653846153846
0 0.5673076923076923 0.3894230769230769 0.021634615384615384 0.07572115384615384
0 0.5564903846153846 0.390625 0.019230769230769232 0.08173076923076923
0 0.578125 0.38341346153846156 0.016826923076923076 0.06610576923076923
0 0.59375 0.4026442307692308 0.027644230769230768 0.0985576923076923
0 0.9362980769230769 0.796875 0.030048076923076924 0.09014423076923077
0 0.9567307692307693 0.8004807692307693 0.025240384615384616 0.06971153846153846
0 0.9807692307692307 0.8269230769230769 0.027644230769230768 0.07451923076923077
0 0.9903846153846154 0.8161057692307693 0.018028846153846152 0.08052884615384616
0 0.8197115384615384 0.7415865384615384 0.03245192307692308 0.08653846153846154
0 0.7956730769230769 0.7475961538461539 0.026442307692307692 0.07451923076923077
0 0.7740384615384616 0.734375 0.02283653846153846 0.08413461538461539
0 0.6923076923076923 0.6899038461538461 0.030048076923076924 0.08774038461538461
0 0.6514423076923077 0.65625 0.03485576923076923 0.10817307692307693
0 0.0673076923076923 0.29086538461538464 0.046875 0.10216346153846154
0 0.028846153846153848 0.2824519230769231 0.025240384615384616 0.07211538461538461
0 0.014423076923076924 0.3317307692307692 0.028846153846153848 0.1045673076923077
0 0.010817307692307692 0.23677884615384615 0.021634615384615384 0.09375
0 0.006009615384615385 0.2920673076923077 0.01201923076923077 0.09254807692307693
0 0.02283653846153846 0.25240384615384615 0.025240384615384616 0.07572115384615384
0 0.17668269230769232 0.29447115384615385 0.030048076923076924 0.13221153846153846
0 0.12860576923076922 0.23557692307692307 0.030048076923076924 0.09014423076923077
0 0.12980769230769232 0.3076923076923077 0.027644230769230768 0.10817307692307693
0 0.24519230769230768 0.21514423076923078 0.018028846153846152 0.06610576923076923
0 0.25841346153846156 0.23557692307692307 0.015625 0.06370192307692307
0 0.15985576923076922 0.17307692307692307 0.015625 0.0625
0 0.1814903846153846 0.16947115384615385 0.021634615384615384 0.051682692307692304
0 0.19951923076923078 0.18870192307692307 0.015625 0.054086538461538464
0 0.20673076923076922 0.21153846153846154 0.02403846153846154 0.07211538461538461
0 0.5060096153846154 0.3545673076923077 0.016826923076923076 0.07211538461538461
0 0.33774038461538464 0.28125 0.019230769230769232 0.054086538461538464
0 0.018028846153846152 0.08653846153846154 0.02403846153846154 0.04567307692307692
0 0.007211538461538462 0.14302884615384615 0.014423076923076924 0.07932692307692307
0 0.004807692307692308 0.09615384615384616 0.009615384615384616 0.028846153846153848
0 0.9771634615384616 0.5540865384615384 0.030048076923076924 0.06850961538461539
0 0.9771634615384616 0.5805288461538461 0.021634615384615384 0.06850961538461539
0 0.8064903846153846 0.6454326923076923 0.02403846153846154 0.09014423076923077
0 0.09134615384615384 0.38461538461538464 0.03485576923076923 0.08173076923076923
0 0.34375 0.5324519230769231 0.025240384615384616 0.09615384615384616
0 0.0733173076923077 0.11057692307692307 0.008413461538461538 0.020432692307692308
0 0.020432692307692308 0.13341346153846154 0.020432692307692308 0.056490384615384616
0 0.04326923076923077 0.14543269230769232 0.020432692307692308 0.05048076923076923
0 0.5973557692307693 0.43149038461538464 0.026442307692307692 0.10817307692307693
0 0.6189903846153846 0.3858173076923077 0.018028846153846152 0.03245192307692308
0 0.7932692307692307 0.4735576923076923 0.014423076923076924 0.042067307692307696
0 0.7860576923076923 0.5024038461538461 0.018028846153846152 0.08052884615384616
0 0.7079326923076923 0.4891826923076923 0.025240384615384616 0.12980769230769232
0 0.6730769230769231 0.44350961538461536 0.018028846153846152 0.051682692307692304
0 0.6586538461538461 0.4543269230769231 0.016826923076923076 0.06009615384615385