0 0.39302884615384615 0.4639423076923077 0.04567307692307692 0.13942307692307693
0 0.01201923076923077 0.47836538461538464 0.02403846153846154 0.05889423076923077
0 0.06129807692307692 0.4795673076923077 0.06850961538461539 0.0985576923076923
0 0.7752403846153846 0.48197115384615385 0.040865384615384616 0.13942307692307693
0 0.6971153846153846 0.5144230769230769 0.09375 0.23677884615384615
0 0.3858173076923077 0.5384615384615384 0.03245192307692308 0.054086538461538464
0 0.30408653846153844 0.5408653846153846 0.037259615384615384 0.0733173076923077
0 0.19831730769230768 0.5456730769230769 0.051682692307692304 0.10216346153846154
0 0.6454326923076923 0.5456730769230769 0.037259615384615384 0.08173076923076923
0 0.41466346153846156 0.5492788461538461 0.039663461538461536 0.078125
0 0.16706730769230768 0.5516826923076923 0.037259615384615384 0.09014423076923077
0 0.5841346153846154 0.5540865384615384 0.039663461538461536 0.09375
0 0.02403846153846154 0.5612980769230769 0.04807692307692308 0.0985576923076923
0 0.3293269230769231 0.5625 0.056490384615384616 0.11057692307692307
0 0.53125 0.5625 0.07211538461538461 0.11057692307692307
0 0.984375 0.5733173076923077 0.030048076923076924 0.13701923076923078
0 0.10697115384615384 0.5721153846153846 0.04326923076923077 0.07572115384615384
0 0.9146634615384616 0.5721153846153846 0.06370192307692307 0.15625
0 0.2932692307692308 0.5817307692307693 0.08413461538461539 0.14543269230769232
0 0.6189903846153846 0.5817307692307693 0.09134615384615384 0.15384615384615385
0 0.4254807692307692 0.5841346153846154 0.0673076923076923 0.12379807692307693
0 0.14423076923076922 0.6117788461538461 0.10817307692307693 0.18509615384615385
0 0.07692307692307693 0.6189903846153846 0.07451923076923077 0.16826923076923078
0 0.8774038461538461 0.625 0.07211538461538461 0.15745192307692307
0 0.8341346153846154 0.6334134615384616 0.11298076923076923 0.171875
0 0.9459134615384616 0.6526442307692307 0.10697115384615384 0.22235576923076922
0 0.18629807692307693 0.6742788461538461 0.1201923076923077 0.23677884615384615
0 0.7896634615384616 0.6754807692307693 0.12139423076923077 0.2644230769230769
0 0.5757211538461539 0.6875 0.15144230769230768 0.31009615384615385
0 0.4951923076923077 0.7259615384615384 0.1778846153846154 0.3894230769230769
0 0.4387019230769231 0.7355769230769231 0.2980769230769231 0.3713942307692308
0 0.30649038461538464 0.7475961538461539 0.234375 0.3581730769230769
0 0.7127403846153846 0.7680288461538461 0.20552884615384615 0.36899038461538464
0 0.125 0.7896634615384616 0.25 0.41586538461538464
0 0.46033653846153844 0.8425480769230769 0.2608173076923077 0.3125