0 0.15745192307692307 0.6105769230769231 0.13341346153846154 0.5516826923076923
0 0.10697115384615384 0.6550480769230769 0.04447115384615385 0.2127403846153846
0 0.44471153846153844 0.5829326923076923 0.10096153846153846 0.5024038461538461
0 0.3088942307692308 0.6069711538461539 0.07091346153846154 0.3425480769230769
0 0.26322115384615385 0.6081730769230769 0.042067307692307696 0.265625
0 0.23557692307692307 0.6201923076923077 0.037259615384615384 0.20072115384615385
0 0.21875 0.6274038461538461 0.019230769230769232 0.12860576923076922
0 0.33653846153846156 0.6189903846153846 0.036057692307692304 0.18389423076923078
0 0.38822115384615385 0.6129807692307693 0.04927884615384615 0.22956730769230768
0 0.6442307692307693 0.5600961538461539 0.10216346153846154 0.47836538461538464
0 0.5276442307692307 0.5865384615384616 0.05048076923076923 0.25240384615384615
0 0.4831730769230769 0.6346153846153846 0.04807692307692308 0.23798076923076922
0 0.5841346153846154 0.609375 0.037259615384615384 0.1658653846153846
0 0.8918269230769231 0.5504807692307693 0.11899038461538461 0.44471153846153844
0 0.7584134615384616 0.5733173076923077 0.0733173076923077 0.30528846153846156
0 0.7055288461538461 0.59375 0.04927884615384615 0.22596153846153846
0 0.9399038461538461 0.6033653846153846 0.06850961538461539 0.234375
0 0.8473557692307693 0.5985576923076923 0.06009615384615385 0.2403846153846154
0 0.7872596153846154 0.6177884615384616 0.05048076923076923 0.1778846153846154
0 0.9699519230769231 0.6117788461538461 0.03485576923076923 0.14783653846153846
0 0.984375 0.5516826923076923 0.018028846153846152 0.037259615384615384
0 0.8173076923076923 0.5985576923076923 0.02283653846153846 0.10336538461538461
0 0.7223557692307693 0.6165865384615384 0.028846153846153848 0.11298076923076923
0 0.6802884615384616 0.5889423076923077 0.019230769230769232 0.04326923076923077
0 0.5564903846153846 0.6177884615384616 0.026442307692307692 0.0985576923076923
0 0.5432692307692307 0.6225961538461539 0.016826923076923076 0.07932692307692307
0 0.5120192307692307 0.6069711538461539 0.028846153846153848 0.17548076923076922
0 0.49278846153846156 0.6201923076923077 0.020432692307692308 0.11177884615384616