0 0.8317307692307693 0.5540865384615384 0.057692307692307696 0.5084134615384616
0 0.8112980769230769 0.5552884615384616 0.06370192307692307 0.5444711538461539
0 0.7776442307692307 0.6033653846153846 0.07932692307692307 0.640625
0 0.75 0.6105769230769231 0.11538461538461539 0.7536057692307693
0 0.7608173076923077 0.26322115384615385 0.046875 0.078125
0 0.7908653846153846 0.5829326923076923 0.06370192307692307 0.6129807692307693
0 0.9567307692307693 0.5084134615384616 0.0733173076923077 0.3713942307692308
0 0.9699519230769231 0.3473557692307692 0.057692307692307696 0.12139423076923077
0 0.9038461538461539 0.4543269230769231 0.06009615384615385 0.3269230769230769
0 0.9002403846153846 0.43028846153846156 0.06370192307692307 0.2824519230769231
0 0.8605769230769231 0.34375 0.046875 0.11778846153846154
0 0.6862980769230769 0.5961538461538461 0.09254807692307693 0.8064903846153846
0 0.6802884615384616 0.5913461538461539 0.07211538461538461 0.8173076923076923
0 0.6394230769230769 0.5829326923076923 0.1346153846153846 0.8341346153846154
0 0.5709134615384616 0.6177884615384616 0.1310096153846154 0.7644230769230769
0 0.5084134615384616 0.5384615384615384 0.11057692307692307 0.921875
0 0.46634615384615385 0.5420673076923077 0.17427884615384615 0.9158653846153846
0 0.38221153846153844 0.5192307692307693 0.25721153846153844 0.9615384615384616
0 0.20192307692307693 0.5757211538461539 0.2848557692307692 0.8485576923076923