0 0.13581730769230768 0.30649038461538464 0.06129807692307692 0.234375
0 0.056490384615384616 0.3425480769230769 0.04807692307692308 0.15865384615384615
0 0.109375 0.5072115384615384 0.11298076923076923 0.30408653846153844
0 0.2980769230769231 0.5288461538461539 0.11778846153846154 0.35216346153846156
0 0.2800480769230769 0.39903846153846156 0.08653846153846154 0.15384615384615385
0 0.4074519230769231 0.46274038461538464 0.08533653846153846 0.3545673076923077
0 0.3894230769230769 0.31009615384615385 0.039663461538461536 0.1971153846153846
0 0.4230769230769231 0.30288461538461536 0.03365384615384615 0.09375
0 0.46033653846153844 0.453125 0.08774038461538461 0.28725961538461536
0 0.5252403846153846 0.43028846153846156 0.078125 0.22716346153846154
0 0.5673076923076923 0.5817307692307693 0.12740384615384615 0.39903846153846156
0 0.5997596153846154 0.33653846153846156 0.030048076923076924 0.18629807692307693
0 0.640625 0.33052884615384615 0.04447115384615385 0.21514423076923078
0 0.6754807692307693 0.33533653846153844 0.039663461538461536 0.20552884615384615
0 0.625 0.43509615384615385 0.06009615384615385 0.171875
0 0.6838942307692307 0.5276442307692307 0.11538461538461539 0.3112980769230769
0 0.6995192307692307 0.36538461538461536 0.05048076923076923 0.14543269230769232
0 0.7536057692307693 0.46153846153846156 0.06129807692307692 0.27163461538461536
0 0.7836538461538461 0.3557692307692308 0.05048076923076923 0.14182692307692307