0 0.11538461538461539 0.44471153846153844 0.1045673076923077 0.484375
0 0.1814903846153846 0.39663461538461536 0.06370192307692307 0.14302884615384615
0 0.2704326923076923 0.4050480769230769 0.12259615384615384 0.15384615384615385
0 0.34134615384615385 0.36899038461538464 0.07572115384615384 0.12259615384615384
0 0.4014423076923077 0.41346153846153844 0.09375 0.23677884615384615
0 0.5240384615384616 0.3629807692307692 0.08052884615384616 0.12139423076923077
0 0.6274038461538461 0.359375 0.08413461538461539 0.1141826923076923
0 0.2620192307692308 0.7271634615384616 0.4675480769230769 0.5456730769230769
0 0.4230769230769231 0.5985576923076923 0.21033653846153846 0.32211538461538464
0 0.5637019230769231 0.5408653846153846 0.12259615384615384 0.20192307692307693
0 0.7067307692307693 0.48677884615384615 0.12379807692307693 0.2824519230769231
0 0.8221153846153846 0.4567307692307692 0.12740384615384615 0.20072115384615385
0 0.7956730769230769 0.7115384615384616 0.34375 0.5769230769230769
0 0.9170673076923077 0.4387019230769231 0.09375 0.21394230769230768
0 0.9182692307692307 0.4651442307692308 0.09495192307692307 0.1622596153846154