0 0.03245192307692308 0.8990384615384616 0.037259615384615384 0.06850961538461539
0 0.06490384615384616 0.8954326923076923 0.02403846153846154 0.06370192307692307
0 0.20192307692307693 0.9314903846153846 0.04927884615384615 0.09495192307692307
0 0.25240384615384615 0.8990384615384616 0.028846153846153848 0.0673076923076923
0 0.27163461538461536 0.890625 0.013221153846153846 0.051682692307692304
0 0.2800480769230769 0.890625 0.010817307692307692 0.051682692307692304
0 0.2848557692307692 0.875 0.007211538461538462 0.020432692307692308
0 0.29927884615384615 0.8774038461538461 0.015625 0.040865384615384616
0 0.3137019230769231 0.9038461538461539 0.026442307692307692 0.0625
0 0.31850961538461536 0.9026442307692307 0.018028846153846152 0.06009615384615385
0 0.3329326923076923 0.90625 0.03125 0.12259615384615384
0 0.36177884615384615 0.9266826923076923 0.027644230769230768 0.0889423076923077
0 0.36658653846153844 0.9194711538461539 0.018028846153846152 0.078125
0 0.3894230769230769 0.9110576923076923 0.026442307692307692 0.1141826923076923
0 0.4074519230769231 0.8894230769230769 0.01201923076923077 0.052884615384615384
0 0.4206730769230769 0.8882211538461539 0.01201923076923077 0.056490384615384616
0 0.6622596153846154 0.9278846153846154 0.03365384615384615 0.0733173076923077
0 0.7091346153846154 0.9146634615384616 0.02283653846153846 0.04567307692307692
0 0.6862980769230769 0.875 0.009615384615384616 0.018028846153846152
0 0.7788461538461539 0.8942307692307693 0.015625 0.06009615384615385
0 0.7908653846153846 0.8930288461538461 0.016826923076923076 0.051682692307692304
0 0.8040865384615384 0.8954326923076923 0.016826923076923076 0.06129807692307692
0 0.8209134615384616 0.890625 0.019230769230769232 0.057692307692307696
0 0.8569711538461539 0.8978365384615384 0.02403846153846154 0.06490384615384616
0 0.8786057692307693 0.9230769230769231 0.026442307692307692 0.09014423076923077
0 0.8918269230769231 0.9098557692307693 0.028846153846153848 0.09375
0 0.8737980769230769 0.875 0.014423076923076924 0.02403846153846154
0 0.9795673076923077 0.9350961538461539 0.040865384615384616 0.12980769230769232