0 0.019230769230769232 0.8161057692307693 0.037259615384615384 0.17067307692307693
0 0.1141826923076923 0.7920673076923077 0.11778846153846154 0.17067307692307693
0 0.11177884615384616 0.7872596153846154 0.10096153846153846 0.16105769230769232
0 0.19471153846153846 0.8305288461538461 0.037259615384615384 0.17668269230769232
0 0.21634615384615385 0.7740384615384616 0.02283653846153846 0.07091346153846154
0 0.23076923076923078 0.8413461538461539 0.03485576923076923 0.18629807692307693
0 0.29086538461538464 0.8269230769230769 0.05048076923076923 0.17307692307692307
0 0.41225961538461536 0.828125 0.056490384615384616 0.16706730769230768
0 0.4326923076923077 0.8137019230769231 0.027644230769230768 0.14182692307692307
0 0.45913461538461536 0.8353365384615384 0.036057692307692304 0.18028846153846154
0 0.49759615384615385 0.8317307692307693 0.042067307692307696 0.15144230769230768
0 0.7235576923076923 0.8401442307692307 0.08533653846153846 0.2548076923076923
0 0.6526442307692307 0.8028846153846154 0.03245192307692308 0.08653846153846154
0 0.21875 0.8557692307692307 0.10216346153846154 0.22235576923076922