0 0.000029032753390344582 0.00024994483963763903 0.000058065506780689164 0.00003216656824639392
0 0.08405906853464597 0.8484445626163254 0.09844755774327905 0.08721084817867589
0 0.15240439227565317 0.9020207391651157 0.12305944717909882 0.184259505450678
0 0.2896630064369557 0.9017548524328636 0.17796289284361985 0.19595852166976868
0 0.3555471412343809 0.8719755384206328 0.06436955698599016 0.1964902951342728
0 0.5354032563422946 0.9299388460515821 0.12268080272624006 0.13959053443233183
0 0.0001863114223740878 0.00025874646105890505 0.00003139838514807637 0.000014421933895086489
0 0.4714123438091632 0.8891252326508907 0.1234380916319576 0.2100505184791279
0 0.48031048845134416 0.7250731188513693 0.024611889435819764 0.03988300983780909
0 0.4452858765619084 0.8243818133475139 0.05982582355168497 0.1459718160063813
0 0.5289663006436955 0.8412656208455198 0.07724346838318819 0.1706992821058229
0 0.5715638015903067 0.8120180802977931 0.06323362362741386 0.14091996809359214
0 0.5066262779250283 0.775990428077639 0.03332071185157137 0.07099175751130019
0 0.4837182885270731 0.7637596383940441 0.04051495645588792 0.08428609412390321
0 0.5240439227565317 0.7382345120978463 0.03559257856872397 0.04599840467960649
0 0.5446800454373344 0.7428875299122574 0.043544112078758045 0.04785961180537091
0 0.6893222264293828 0.8975006647168307 0.10639909125331314 0.2044668971018346
0 0.7661870503597122 0.903350172826376 0.09352517985611511 0.19276788088274396
0 0.6652783036728512 0.8457856952938049 0.07194244604316546 0.14464238234512097
0 0.7112836046951913 0.8354161127359745 0.0715638015903067 0.1451741558096251
0 0.7979931843998486 0.8460515820260569 0.08898144642180993 0.20685987769210318
0 0.9549413101098069 0.8610741823982984 0.08936009087466869 0.201808029779314
0 0.9267322983718288 0.7708056367987237 0.030670200681560015 0.052645572985908
0 0.86501325255585 0.8024461579367189 0.07080651268458917 0.14464238234512097
0 0.6546762589928058 0.7720021270938581 0.048466489965922 0.07737303908534963
0 0.6855357819007951 0.7555171496942302 0.043544112078758045 0.06248338207923425
0 0.6633850814085573 0.7268013826110077 0.021961378265808407 0.0337676149960117
0 0.6684967815221508 0.7200212709385801 0.03900037864445286 0.028715767083222547
0 0.6997349488829989 0.7331826641850572 0.021204089360090876 0.04599840467960649
0 0.7020068156001514 0.7341132677479394 0.026505111700113593 0.0452007444828503
0 0.7173419159409314 0.7221483647965966 0.026126467247254828 0.031906407870247275
0 0.7281332828474063 0.7696091465035895 0.04240817872018175 0.10342993884605159
0 0.7584248390761076 0.771869183727732 0.040136312003029154 0.07604360542408933
0 0.7499053388867853 0.7305237968625365 0.03218477849299508 0.028981653815474608
0 0.7807648617947747 0.745679340600904 0.046194623248769405 0.04865727200212709
0 0.7642938280954183 0.7222813081627227 0.022340022718667172 0.03164052113799522
0 0.8017796289284362 0.7464770007976602 0.030670200681560015 0.04865727200212709
0 0.7860658841347974 0.7283967030045201 0.024990533888678532 0.025259239563945757
0 0.7862552063612268 0.7135070459984046 0.026126467247254828 0.022068598776921033
0 0.8326391518364256 0.7930071789417708 0.0628549791745551 0.11353363467162988
0 0.9132904202953427 0.7702738633342197 0.028019689511548655 0.07232119117256049
0 0.8424839076107535 0.7408933794203669 0.024990533888678532 0.02951342727997873
0 0.8811056418023476 0.7575113001861207 0.04240817872018175 0.053177346450412125
0 0.8078379401741764 0.7282637596383941 0.030670200681560015 0.022866258973677212
0 0.797235895494131 0.710449348577506 0.014009844755774327 0.010103695825578303
0 0.8173040514956456 0.7246742887529912 0.017796289284361985 0.027918106886466364
0 0.839265429761454 0.7295931932996543 0.019310867095797046 0.02605689976070194
0 0.8633093525179856 0.7258707790481255 0.03104884513441878 0.0249933528316937
0 0.9187807648617948 0.7468758308960383 0.05111700113593336 0.05583621377293273
0 0.9517228322605074 0.7470087742621643 0.043544112078758045 0.05078436586014358
0 0.9882620219613782 0.7596383940441372 0.022718667171525937 0.06647168306301515
0 0.9642180992048467 0.7523265089072055 0.03975766755017039 0.06035628822121776
0 0.8981446421809921 0.7265354958787557 0.020446800454373342 0.02472746609944164
0 0.9187807648617948 0.7254719489497474 0.03294206739871261 0.02260037224142515
0 0.933737220749716 0.7200212709385801 0.022718667171525937 0.020739165115660728
0 0.9655433547898523 0.7272002127093858 0.03483528966300644 0.03828768944429673
0 0.981257099583491 0.7268013826110077 0.022340022718667172 0.04227599042807764
0 0.9348731541082923 0.7116458388726402 0.024990533888678532 0.018346184525392183
0 0.8218477849299508 0.714703536293539 0.025369178341537298 0.03296995479925552
0 0.8449450965543355 0.7075245945227333 0.02158273381294964 0.014889657006115395
0 0.8475956077243468 0.7161659133209253 0.014009844755774327 0.020473278383408667
0 0.8631200302915563 0.7136399893645307 0.013252555850056797 0.021802712044668972
0 0.8394547519878833 0.7294602499335283 0.01893222264293828 0.02579101302844988
0 0.8769405528209012 0.7245413453868652 0.023475956077243468 0.04201010369582558
0 0.9015524422567209 0.7085881414517415 0.01968951154865581 0.022334485509173094
0 0.8829988640666414 0.7047327838340867 0.011359333585762969 0.018346184525392183
0 0.873911397198031 0.6983515022600372 0.0121166224914805 0.015687317202871576
0 0.9689511548655813 0.7100505184791279 0.01893222264293828 0.015687317202871576
0 0.9787959106399091 0.7051316139324648 0.01741764483150322 0.013826110077107153
0 0.9242711094282469 0.7071257644243553 0.014388489208633094 0.022068598776921033
0 0.9416887542597501 0.7036692369050784 0.024233244982961 0.02100505184791279