0 0.057692307692307696 0.4014423076923077 0.11538461538461539 0.375
0 0.15504807692307693 0.5564903846153846 0.18269230769230768 0.7391826923076923
0 0.28846153846153844 0.5853365384615384 0.203125 0.8137019230769231
0 0.34615384615384615 0.23317307692307693 0.027644230769230768 0.140625
0 0.36177884615384615 0.25841346153846156 0.051682692307692304 0.12379807692307693
0 0.38221153846153844 0.30408653846153844 0.06129807692307692 0.15144230769230768
0 0.41466346153846156 0.6189903846153846 0.171875 0.6826923076923077
0 0.5048076923076923 0.5372596153846154 0.31850961538461536 0.7475961538461539
0 0.45913461538461536 0.25240384615384615 0.06490384615384616 0.09014423076923077
0 0.5853365384615384 0.6189903846153846 0.15264423076923078 0.7608173076923077
0 0.6778846153846154 0.5060096153846154 0.08774038461538461 0.49158653846153844
0 0.7127403846153846 0.2980769230769231 0.039663461538461536 0.11057692307692307
0 0.7379807692307693 0.29447115384615385 0.0625 0.125
0 0.8173076923076923 0.2920673076923077 0.06009615384615385 0.1502403846153846
0 0.7487980769230769 0.5600961538461539 0.17067307692307693 0.6358173076923077
0 0.8473557692307693 0.5420673076923077 0.11538461538461539 0.5516826923076923
0 0.8954326923076923 0.3004807692307692 0.040865384615384616 0.12379807692307693
0 0.9314903846153846 0.6129807692307693 0.13701923076923078 0.7644230769230769