0 0.7055288461538461 0.30649038461538464 0.055288461538461536 0.11057692307692307
0 0.21634615384615385 0.33774038461538464 0.13221153846153846 0.23317307692307693
0 0.6129807692307693 0.3401442307692308 0.046875 0.10817307692307693
0 0.36899038461538464 0.3737980769230769 0.07451923076923077 0.23557692307692307
0 0.5036057692307693 0.38100961538461536 0.051682692307692304 0.17548076923076922
0 0.8004807692307693 0.3894230769230769 0.0733173076923077 0.23076923076923078
0 0.10336538461538461 0.6153846153846154 0.1875 0.7487980769230769
0 0.2824519230769231 0.6189903846153846 0.19230769230769232 0.7596153846153846
0 0.6610576923076923 0.6394230769230769 0.1045673076923077 0.5685096153846154
0 0.8798076923076923 0.6442307692307693 0.171875 0.7115384615384616
0 0.43990384615384615 0.6466346153846154 0.15144230769230768 0.6875
0 0.5564903846153846 0.6490384615384616 0.13221153846153846 0.6995192307692307
0 0.7271634615384616 0.6742788461538461 0.171875 0.6514423076923077