0 0.11057692307692307 0.4723557692307692 0.15144230769230768 0.7800480769230769
0 0.203125 0.6550480769230769 0.19591346153846154 0.6766826923076923
0 0.18269230769230768 0.31009615384615385 0.13942307692307693 0.32211538461538464
0 0.24519230769230768 0.3173076923076923 0.0733173076923077 0.328125
0 0.32211538461538464 0.3161057692307692 0.08653846153846154 0.3629807692307692
0 0.39783653846153844 0.30408653846153844 0.08653846153846154 0.32091346153846156
0 0.47115384615384615 0.23317307692307693 0.08173076923076923 0.19471153846153846
0 0.53125 0.3293269230769231 0.0889423076923077 0.3076923076923077
0 0.5925480769230769 0.33774038461538464 0.08653846153846154 0.3629807692307692
0 0.6610576923076923 0.29086538461538464 0.08173076923076923 0.3581730769230769
0 0.7415865384615384 0.2920673076923077 0.10336538461538461 0.4110576923076923
0 0.8461538461538461 0.45552884615384615 0.12860576923076922 0.734375
0 0.28365384615384615 0.6574519230769231 0.09735576923076923 0.6009615384615384
0 0.3641826923076923 0.6262019230769231 0.11538461538461539 0.6189903846153846
0 0.43990384615384615 0.6213942307692307 0.15144230769230768 0.5985576923076923
0 0.5552884615384616 0.44350961538461536 0.10336538461538461 0.19951923076923078
0 0.6514423076923077 0.5913461538461539 0.1045673076923077 0.5048076923076923
0 0.7259615384615384 0.6346153846153846 0.11899038461538461 0.5444711538461539
0 0.8557692307692307 0.6346153846153846 0.18509615384615385 0.5769230769230769