0 0.17427884615384615 0.48677884615384615 0.15384615384615385 0.6165865384615384
0 0.2668269230769231 0.47716346153846156 0.3161057692307692 0.6033653846153846
0 0.3894230769230769 0.26322115384615385 0.30288461538461536 0.20432692307692307
0 0.4855769230769231 0.2403846153846154 0.1201923076923077 0.18509615384615385
0 0.5829326923076923 0.4495192307692308 0.12139423076923077 0.5697115384615384
0 0.6814903846153846 0.4423076923076923 0.12379807692307693 0.5444711538461539
0 0.8173076923076923 0.45913461538461536 0.2091346153846154 0.6033653846153846
0 0.38100961538461536 0.5673076923076923 0.15384615384615385 0.5144230769230769
0 0.4326923076923077 0.5084134615384616 0.24278846153846154 0.53125
0 0.5 0.49278846153846156 0.1141826923076923 0.34134615384615385
0 0.6165865384615384 0.46875 0.13942307692307693 0.359375
0 0.7680288461538461 0.546875 0.2283653846153846 0.5661057692307693
0 0.5949519230769231 0.7668269230769231 0.48677884615384615 0.45913461538461536