0 0.2692307692307692 0.7584134615384616 0.21514423076923078 0.3605769230769231
0 0.6286057692307693 0.4567307692307692 0.25961538461538464 0.8257211538461539
0 0.6502403846153846 0.7716346153846154 0.08413461538461539 0.11538461538461539
0 0.8185096153846154 0.6526442307692307 0.1045673076923077 0.18629807692307693
0 0.41466346153846156 0.75 0.06971153846153846 0.09375
0 0.47836538461538464 0.703125 0.046875 0.039663461538461536
0 0.07692307692307693 0.71875 0.10697115384615384 0.06850961538461539
0 0.013221153846153846 0.6862980769230769 0.025240384615384616 0.025240384615384616
0 0.19471153846153846 0.6189903846153846 0.07932692307692307 0.0829326923076923
0 0.3317307692307692 0.640625 0.05889423076923077 0.11538461538461539
0 0.453125 0.6706730769230769 0.027644230769230768 0.05889423076923077
0 0.38100961538461536 0.7019230769230769 0.04807692307692308 0.07692307692307693
0 0.4182692307692308 0.6899038461538461 0.028846153846153848 0.026442307692307692
0 0.8894230769230769 0.6971153846153846 0.03365384615384615 0.078125
0 0.9735576923076923 0.7487980769230769 0.052884615384615384 0.11057692307692307
0 0.9615384615384616 0.7079326923076923 0.03485576923076923 0.040865384615384616
0 0.9879807692307693 0.7439903846153846 0.02403846153846154 0.11658653846153846
0 0.7740384615384616 0.6862980769230769 0.06610576923076923 0.12139423076923077
0 0.7115384615384616 0.6646634615384616 0.06370192307692307 0.08533653846153846
0 0.9939903846153846 0.6213942307692307 0.01201923076923077 0.016826923076923076
0 0.6682692307692307 0.6334134615384616 0.038461538461538464 0.055288461538461536