0 0.6598557692307693 0.7860576923076923 0.09375 0.35096153846153844
0 0.6947115384615384 0.5793269230769231 0.07572115384615384 0.29447115384615385
0 0.5012019230769231 0.7259615384615384 0.10576923076923077 0.3449519230769231
0 0.4387019230769231 0.7175480769230769 0.09375 0.3473557692307692
0 0.1935096153846154 0.7944711538461539 0.125 0.3389423076923077
0 0.22956730769230768 0.8257211538461539 0.12379807692307693 0.2704326923076923
0 0.35216346153846156 0.5324519230769231 0.05048076923076923 0.2956730769230769
0 0.6009615384615384 0.4831730769230769 0.06610576923076923 0.27524038461538464
0 0.5600961538461539 0.47115384615384615 0.056490384615384616 0.26322115384615385
0 0.5817307692307693 0.4639423076923077 0.038461538461538464 0.24759615384615385
0 0.09375 0.8677884615384616 0.07091346153846154 0.18990384615384615
0 0.14783653846153846 0.38341346153846156 0.06971153846153846 0.1502403846153846
0 0.04326923076923077 0.22115384615384615 0.05889423076923077 0.13942307692307693
0 0.17067307692307693 0.14903846153846154 0.052884615384615384 0.20432692307692307
0 0.06009615384615385 0.18269230769230768 0.040865384615384616 0.1201923076923077
0 0.08052884615384616 0.38822115384615385 0.055288461538461536 0.14423076923076922
0 0.055288461538461536 0.41225961538461536 0.04326923076923077 0.0889423076923077
0 0.016826923076923076 0.5588942307692307 0.03365384615384615 0.19471153846153846
0 0.052884615384615384 0.5456730769230769 0.06850961538461539 0.20072115384615385
0 0.140625 0.5492788461538461 0.056490384615384616 0.18269230769230768
0 0.19230769230769232 0.5432692307692307 0.06129807692307692 0.19230769230769232
0 0.2403846153846154 0.5432692307692307 0.06129807692307692 0.171875
0 0.2824519230769231 0.5180288461538461 0.06490384615384616 0.18629807692307693
0 0.390625 0.47716346153846156 0.04567307692307692 0.2692307692307692
0 0.45552884615384615 0.47596153846153844 0.06129807692307692 0.1875