0 0.9362980769230769 0.7704326923076923 0.12740384615384615 0.4543269230769231
0 0.9338942307692307 0.4855769230769231 0.12980769230769232 0.26322115384615385
0 0.5456730769230769 0.3798076923076923 0.07932692307692307 0.11177884615384616
0 0.6514423076923077 0.34375 0.046875 0.038461538461538464
0 0.6911057692307693 0.36778846153846156 0.07932692307692307 0.07451923076923077
0 0.7379807692307693 0.38221153846153844 0.052884615384615384 0.08052884615384616
0 0.7608173076923077 0.3425480769230769 0.036057692307692304 0.028846153846153848
0 0.7836538461538461 0.4170673076923077 0.0889423076923077 0.12620192307692307
0 0.8028846153846154 0.3701923076923077 0.057692307692307696 0.06490384615384616
0 0.4579326923076923 0.3545673076923077 0.04807692307692308 0.04447115384615385
0 0.48677884615384615 0.3798076923076923 0.08653846153846154 0.07091346153846154
0 0.30528846153846156 0.3798076923076923 0.04807692307692308 0.0733173076923077
0 0.30649038461538464 0.3798076923076923 0.04807692307692308 0.06971153846153846
0 0.24639423076923078 0.375 0.052884615384615384 0.06009615384615385
0 0.23557692307692307 0.4519230769230769 0.06850961538461539 0.17908653846153846
0 0.3389423076923077 0.39663461538461536 0.109375 0.10096153846153846
0 0.3798076923076923 0.3713942307692308 0.04927884615384615 0.04326923076923077
0 0.6790865384615384 0.453125 0.10216346153846154 0.20072115384615385
0 0.6286057692307693 0.38461538461538464 0.07211538461538461 0.05889423076923077
0 0.6153846153846154 0.3629807692307692 0.0673076923076923 0.04447115384615385
0 0.6826923076923077 0.4543269230769231 0.09495192307692307 0.20072115384615385
0 0.5012019230769231 0.4411057692307692 0.08653846153846154 0.15384615384615385
0 0.4170673076923077 0.43509615384615385 0.09134615384615384 0.1141826923076923
0 0.3605769230769231 0.5336538461538461 0.13942307692307693 0.27884615384615385
0 0.6129807692307693 0.4963942307692308 0.13581730769230768 0.18269230769230768
0 0.7475961538461539 0.47475961538461536 0.15264423076923078 0.1201923076923077
0 0.7728365384615384 0.7403846153846154 0.37259615384615385 0.5192307692307693
0 0.4423076923076923 0.5144230769230769 0.15625 0.16346153846153846
0 0.5612980769230769 0.7560096153846154 0.15384615384615385 0.46274038461538464
0 0.47716346153846156 0.7439903846153846 0.29086538461538464 0.5120192307692307
0 0.140625 0.46033653846153844 0.14302884615384615 0.16826923076923078
0 0.1346153846153846 0.4891826923076923 0.08533653846153846 0.0733173076923077
0 0.08173076923076923 0.5048076923076923 0.10096153846153846 0.11538461538461539
0 0.06129807692307692 0.5564903846153846 0.12259615384615384 0.12259615384615384
0 0.19951923076923078 0.7584134615384616 0.28725961538461536 0.4831730769230769
0 0.5841346153846154 0.4675480769230769 0.08774038461538461 0.19110576923076922