0 0.04775059194948698 0.7775320654577621 0.09497500657721653 0.39893852277753206
0 0.10641936332544068 0.9126492702344096 0.1275980005261773 0.17381689517912427
0 0.14877663772691396 0.8513931888544891 0.1275980005261773 0.2963290579389651
0 0.13799000263088662 0.7176028306059266 0.09813207050776111 0.23308270676691728
0 0.26545645882662455 0.767359575409111 0.09734280452512496 0.39274657231313576
0 0.3764798737174428 0.7366209641751438 0.07734806629834254 0.3065015479876161
0 0.43580636674559325 0.7145068553737285 0.06761378584583004 0.2994250331711632
0 0.4112075769534333 0.5944272445820433 0.027361220731386478 0.08226448474126492
0 0.4626414101552223 0.6634232640424591 0.039726387792686134 0.21229544449358692
0 0.47882136279926335 0.6225121627598408 0.026308866087871613 0.1384343210968598
0 0.505130228887135 0.6072534276868642 0.02367797947908445 0.11057054400707651
0 0.5159168639831623 0.5953118089341 0.01157590107866351 0.08137992038920831
0 0.524993422783478 0.5818222025652366 0.02394106813996317 0.0729765590446705
0 0.5402525651144435 0.5851393188854489 0.020784004209418575 0.0583812472357364
0 0.4877663772691397 0.5875718708536046 0.016837674296237833 0.07916850950906679
0 0.5552486187845304 0.5979655019902698 0.017100762957116548 0.045112781954887216
0 0.5701131281241778 0.6121185316231755 0.028939752696658775 0.08934099955771782
0 0.5353854248881873 0.7178239716939407 0.05998421468034728 0.2839451570101725
0 0.5790581425940542 0.6873065015479877 0.06051039200210471 0.17337461300309598
0 0.6106287818995001 0.6866430782839451 0.028413575374901343 0.15524104378593542
0 0.5987897921599579 0.5822644847412649 0.02367797947908445 0.06413091552410438
0 0.6243093922651933 0.6501547987616099 0.027361220731386478 0.15126050420168066
0 0.6369376479873717 0.6853162317558602 0.04788213627992634 0.25696594427244585
0 0.8267561168113654 0.7627156125608138 0.06971849513285977 0.3560371517027864
0 0.5858984477769008 0.868421052631579 0.14943435937911076 0.2622733303847855
0 0.06564062088923968 0.6572313135780629 0.08076821888976585 0.17072091994692615