0 0.3929245283018868 0.46352201257861636 0.04622641509433962 0.13962264150943396
0 0.01179245283018868 0.47861635220125787 0.02358490566037736 0.05911949685534591
0 0.060849056603773585 0.47924528301886793 0.06886792452830189 0.09811320754716982
0 0.775 0.48238993710691824 0.040566037735849055 0.13962264150943396
0 0.6971698113207547 0.5144654088050314 0.09433962264150944 0.23647798742138365
0 0.3858490566037736 0.5389937106918239 0.03207547169811321 0.05408805031446541
0 0.30377358490566037 0.5408805031446541 0.03773584905660377 0.0729559748427673
0 0.19858490566037737 0.5452830188679245 0.05188679245283019 0.1018867924528302
0 0.6457547169811321 0.5452830188679245 0.03679245283018868 0.08176100628930817
0 0.41509433962264153 0.549685534591195 0.03962264150943396 0.0779874213836478
0 0.16745283018867924 0.5522012578616352 0.03679245283018868 0.09056603773584905
0 0.5839622641509434 0.5540880503144654 0.03962264150943396 0.09433962264150944
0 0.024056603773584907 0.5610062893081761 0.048113207547169815 0.09811320754716982
0 0.3292452830188679 0.5622641509433962 0.05660377358490566 0.11069182389937107
0 0.5306603773584906 0.5622641509433962 0.07264150943396226 0.11069182389937107
0 0.9839622641509433 0.5729559748427673 0.03018867924528302 0.1371069182389937
0 0.10660377358490566 0.5723270440251572 0.04339622641509434 0.07547169811320754
0 0.9141509433962264 0.5723270440251572 0.06415094339622641 0.1559748427672956
0 0.2929245283018868 0.5811320754716981 0.08396226415094339 0.1459119496855346
0 0.6193396226415094 0.5811320754716981 0.09150943396226414 0.15345911949685534
0 0.4259433962264151 0.5836477987421383 0.0669811320754717 0.12327044025157233
0 0.14386792452830188 0.6119496855345912 0.10849056603773585 0.18490566037735848
0 0.07688679245283019 0.6188679245283019 0.07452830188679245 0.16855345911949685
0 0.8778301886792453 0.6245283018867924 0.07264150943396226 0.15723270440251572
0 0.8339622641509434 0.6333333333333333 0.11320754716981132 0.17232704402515722
0 0.9457547169811321 0.6522012578616352 0.10660377358490566 0.22264150943396227
0 0.18679245283018867 0.6742138364779874 0.12075471698113208 0.23647798742138365
0 0.7891509433962264 0.6754716981132075 0.12169811320754717 0.2641509433962264
0 0.5754716981132075 0.6874213836477987 0.1509433962264151 0.31069182389937106
0 0.49575471698113205 0.7257861635220125 0.17830188679245282 0.389937106918239
0 0.4386792452830189 0.7352201257861635 0.2981132075471698 0.3710691823899371
0 0.3070754716981132 0.7477987421383647 0.2349056603773585 0.3584905660377358
0 0.7132075471698113 0.7679245283018868 0.20566037735849058 0.36855345911949683
0 0.12547169811320755 0.7905660377358491 0.2509433962264151 0.41635220125786165
0 0.46037735849056605 0.8427672955974843 0.26037735849056604 0.3119496855345912