0 0.018493150684931507 0.780940594059406 0.036986301369863014 0.28465346534653463
0 0.09657534246575343 0.7017326732673267 0.015068493150684932 0.09158415841584158
0 0.0910958904109589 0.7004950495049505 0.01780821917808219 0.09900990099009901
0 0.1267123287671233 0.7165841584158416 0.015068493150684932 0.09158415841584158
0 0.1404109589041096 0.7339108910891089 0.028767123287671233 0.1707920792079208
0 0.17465753424657535 0.7821782178217822 0.045205479452054796 0.28217821782178215
0 0.20684931506849316 0.7512376237623762 0.038356164383561646 0.22524752475247525
0 0.27534246575342464 0.7995049504950495 0.06027397260273973 0.35148514851485146
0 0.31643835616438354 0.7425742574257426 0.03561643835616438 0.23267326732673269
0 0.3801369863013699 0.7363861386138614 0.03424657534246575 0.1905940594059406
0 0.339041095890411 0.7116336633663366 0.023287671232876714 0.13613861386138615
0 0.4136986301369863 0.7042079207920792 0.021917808219178082 0.13613861386138615
0 0.4458904109589041 0.7227722772277227 0.028767123287671233 0.1782178217821782
0 0.5013698630136987 0.7178217821782178 0.030136986301369864 0.15346534653465346
0 0.5664383561643835 0.8081683168316832 0.10821917808219178 0.3787128712871287
0 0.6575342465753424 0.8032178217821783 0.0684931506849315 0.37376237623762376
0 0.8356164383561644 0.7599009900990099 0.06575342465753424 0.24257425742574257
0 0.8938356164383562 0.7314356435643564 0.04794520547945205 0.2202970297029703
0 0.9171232876712329 0.6967821782178217 0.03424657534246575 0.13613861386138615
0 0.9410958904109589 0.7264851485148515 0.03561643835616438 0.2103960396039604
0 0.6 0.7079207920792079 0.0410958904109589 0.16831683168316833
0 0.5335616438356164 0.7215346534653465 0.03424657534246575 0.2004950495049505
0 0.45821917808219176 0.6806930693069307 0.015068493150684932 0.09900990099009901
0 0.363013698630137 0.6868811881188119 0.0136986301369863 0.08663366336633663
0 0.3541095890410959 0.6881188118811881 0.015068493150684932 0.07920792079207921
0 0.34794520547945207 0.6905940594059405 0.0136986301369863 0.06930693069306931
0 0.25753424657534246 0.693069306930693 0.021917808219178082 0.09900990099009901
0 0.23904109589041095 0.693069306930693 0.012328767123287671 0.07920792079207921
0 0.23013698630136986 0.6782178217821783 0.0136986301369863 0.08415841584158416
0 0.2191780821917808 0.6881188118811881 0.0136986301369863 0.07920792079207921