0 0.4987980769230769 0.8894230769230769 0.07932692307692307 0.22115384615384615
0 0.40024038461538464 0.9026442307692307 0.06490384615384616 0.19471153846153846
0 0.8100961538461539 0.8100961538461539 0.020432692307692308 0.06971153846153846
0 0.8413461538461539 0.8088942307692307 0.021634615384615384 0.06129807692307692
0 0.30408653846153844 0.7944711538461539 0.014423076923076924 0.051682692307692304
0 0.19471153846153846 0.7860576923076923 0.019230769230769232 0.06129807692307692
0 0.17548076923076922 0.765625 0.010817307692307692 0.038461538461538464
0 0.15985576923076922 0.7704326923076923 0.013221153846153846 0.037259615384615384
0 0.11057692307692307 0.8004807692307693 0.014423076923076924 0.02283653846153846
0 0.0985576923076923 0.8016826923076923 0.014423076923076924 0.020432692307692308
0 0.08533653846153846 0.8004807692307693 0.018028846153846152 0.025240384615384616
0 0.04807692307692308 0.7920673076923077 0.019230769230769232 0.05048076923076923
0 0.026442307692307692 0.8016826923076923 0.020432692307692308 0.037259615384615384
0 0.03365384615384615 0.7872596153846154 0.018028846153846152 0.04807692307692308
0 0.010817307692307692 0.7920673076923077 0.021634615384615384 0.06009615384615385