0 0.19831730769230768 0.6454326923076923 0.3317307692307692 0.5396634615384616
0 0.42427884615384615 0.7163461538461539 0.16826923076923078 0.5673076923076923
0 0.37740384615384615 0.6466346153846154 0.08653846153846154 0.4543269230769231
0 0.06610576923076923 0.6153846153846154 0.11899038461538461 0.25240384615384615
0 0.30288461538461536 0.5420673076923077 0.051682692307692304 0.13822115384615385
0 0.33413461538461536 0.4987980769230769 0.037259615384615384 0.07451923076923077
0 0.12980769230769232 0.5096153846153846 0.042067307692307696 0.0829326923076923
0 0.6153846153846154 0.6634615384615384 0.17668269230769232 0.5048076923076923
0 0.5348557692307693 0.6730769230769231 0.10697115384615384 0.421875
0 0.5144230769230769 0.5360576923076923 0.042067307692307696 0.08653846153846154
0 0.49278846153846156 0.5745192307692307 0.04447115384615385 0.16466346153846154
0 0.7055288461538461 0.6418269230769231 0.051682692307692304 0.31850961538461536
0 0.7415865384615384 0.6598557692307693 0.06490384615384616 0.3449519230769231
0 0.8870192307692307 0.6814903846153846 0.22596153846153846 0.46875
0 0.8930288461538461 0.5745192307692307 0.07211538461538461 0.11778846153846154
0 0.8064903846153846 0.6887019230769231 0.13341346153846154 0.4543269230769231