0 0.055288461538461536 0.6141826923076923 0.11057692307692307 0.7067307692307693
0 0.14903846153846154 0.5961538461538461 0.140625 0.7199519230769231
0 0.21875 0.4050480769230769 0.07451923076923077 0.24519230769230768
0 0.25841346153846156 0.6021634615384616 0.12259615384615384 0.6274038461538461
0 0.3112980769230769 0.37740384615384615 0.12860576923076922 0.3317307692307692
0 0.3870192307692308 0.32211538461538464 0.16466346153846154 0.17908653846153846
0 0.5420673076923077 0.33533653846153844 0.07091346153846154 0.17548076923076922
0 0.5961538461538461 0.5733173076923077 0.20192307692307693 0.7139423076923077
0 0.7259615384615384 0.34134615384615385 0.19951923076923078 0.15504807692307693
0 0.7716346153846154 0.4170673076923077 0.1045673076923077 0.25721153846153844
0 0.3701923076923077 0.4483173076923077 0.09495192307692307 0.2776442307692308
0 0.4807692307692308 0.4074519230769231 0.16826923076923078 0.2932692307692308
0 0.59375 0.4495192307692308 0.09495192307692307 0.22716346153846154
0 0.7043269230769231 0.4579326923076923 0.140625 0.21634615384615385
0 0.8557692307692307 0.5877403846153846 0.140625 0.6983173076923077
0 0.9423076923076923 0.5853365384615384 0.11538461538461539 0.7427884615384616
0 0.3233173076923077 0.6947115384615384 0.14903846153846154 0.5072115384615384
0 0.42908653846153844 0.5709134615384616 0.13822115384615385 0.26322115384615385
0 0.5168269230769231 0.5673076923076923 0.14903846153846154 0.265625
0 0.6358173076923077 0.6862980769230769 0.12740384615384615 0.5096153846153846
0 0.7884615384615384 0.6983173076923077 0.20432692307692307 0.5024038461538461
0 0.8185096153846154 0.7151442307692307 0.18028846153846154 0.49278846153846156