0 0.166015625 0.38235294117647056 0.025390625 0.1
0 0.451171875 0.4264705882352941 0.029296875 0.06764705882352941
0 0.4912109375 0.4470588235294118 0.03125 0.05588235294117647
0 0.0078125 0.45073529411764707 0.015625 0.07205882352941176
0 0.39892578125 0.4727941176470588 0.0263671875 0.057352941176470586
0 0.6845703125 0.475 0.015625 0.058823529411764705
0 0.56005859375 0.47794117647058826 0.0615234375 0.21176470588235294
0 0.1748046875 0.48676470588235293 0.048828125 0.20294117647058824
0 0.7421875 0.4963235294117647 0.068359375 0.2926470588235294
0 0.76904296875 0.49779411764705883 0.0283203125 0.11911764705882352
0 0.64013671875 0.5036764705882353 0.0615234375 0.20441176470588235
0 0.060546875 0.5044117647058823 0.0390625 0.24411764705882352
0 0.87451171875 0.5051470588235294 0.0615234375 0.3191176470588235
0 0.20068359375 0.5058823529411764 0.0341796875 0.17352941176470588
0 0.2412109375 0.5058823529411764 0.0546875 0.22647058823529412
0 0.15234375 0.5066176470588235 0.029296875 0.1661764705882353
0 0.29296875 0.5110294117647058 0.08203125 0.21323529411764705
0 0.8369140625 0.5117647058823529 0.03515625 0.25882352941176473
0 0.4521484375 0.5125 0.095703125 0.21029411764705883
0 0.2177734375 0.5139705882352941 0.029296875 0.17205882352941176
0 0.33642578125 0.5147058823529411 0.0283203125 0.12941176470588237
0 0.36328125 0.5161764705882353 0.046875 0.19705882352941176
0 0.09326171875 0.5198529411764706 0.0419921875 0.20441176470588235
0 0.27099609375 0.5205882352941177 0.0263671875 0.17352941176470588
0 0.12646484375 0.5213235294117647 0.0439453125 0.16029411764705884
0 0.50830078125 0.5286764705882353 0.0478515625 0.18676470588235294
0 0.9375 0.5301470588235294 0.056640625 0.23676470588235293
0 0.89111328125 0.5367647058823529 0.0693359375 0.23823529411764705
0 0.83154296875 0.5441176470588235 0.0712890625 0.18823529411764706
0 0.01953125 0.5551470588235294 0.0390625 0.13970588235294118