0 0.28955078125 0.20131771595900438 0.0107421875 0.03074670571010249
0 0.05908203125 0.2884333821376281 0.0224609375 0.07027818448023426
0 0.07373046875 0.650805270863836 0.0380859375 0.08052708638360176
0 0.8857421875 0.66398243045388 0.01953125 0.10688140556368961
0 0.1884765625 0.6661786237188873 0.037109375 0.09370424597364568
0 0.26806640625 0.6756954612005857 0.0517578125 0.11566617862371889
0 0.03759765625 0.677891654465593 0.0400390625 0.08199121522693997
0 0.4052734375 0.6800878477306003 0.025390625 0.0746705710102489
0 0.96826171875 0.6888726207906296 0.0615234375 0.2005856515373353
0 0.31103515625 0.6932650073206442 0.0283203125 0.09224011713030747
0 0.599609375 0.6954612005856515 0.029296875 0.0527086383601757
0 0.79052734375 0.6954612005856515 0.0419921875 0.09370424597364568
0 0.01513671875 0.7042459736456809 0.0302734375 0.1903367496339678
0 0.42724609375 0.7181551976573939 0.0361328125 0.11566617862371889
0 0.85498046875 0.7225475841874085 0.0498046875 0.1800878477306003
0 0.3359375 0.726207906295754 0.037109375 0.09077598828696926
0 0.5341796875 0.7306002928257687 0.041015625 0.17569546120058566
0 0.2978515625 0.7349926793557833 0.03125 0.07027818448023426
0 0.55419921875 0.7379209370424598 0.0419921875 0.1259150805270864
0 0.08447265625 0.7401171303074671 0.0458984375 0.11859443631039532
0 0.46240234375 0.7408491947291361 0.0419921875 0.2108345534407028
0 0.689453125 0.7430453879941434 0.060546875 0.12445095168374817
0 0.77734375 0.7452415812591509 0.0390625 0.1171303074670571
0 0.736328125 0.7459736456808199 0.046875 0.10688140556368961
0 0.60595703125 0.7496339677891655 0.0517578125 0.12298682284040996
0 0.20654296875 0.7620790629575402 0.0458984375 0.191800878477306
0 0.48779296875 0.7620790629575402 0.0302734375 0.2005856515373353
0 0.39111328125 0.7650073206442167 0.0517578125 0.18594436310395315
0 0.89794921875 0.7657393850658858 0.0400390625 0.1171303074670571
0 0.0224609375 0.7708638360175696 0.044921875 0.21815519765739386
0 0.30615234375 0.7708638360175696 0.0478515625 0.08345534407027819
0 0.55908203125 0.7730600292825769 0.0419921875 0.14348462664714495
0 0.1328125 0.7781844802342606 0.052734375 0.14202049780380674
0 0.4990234375 0.7789165446559297 0.044921875 0.2225475841874085
0 0.27197265625 0.7818448023426061 0.0361328125 0.2108345534407028
0 0.4248046875 0.7935578330893118 0.04296875 0.09956076134699854
0 0.18310546875 0.7950219619326501 0.0498046875 0.19912152269399708
0 0.591796875 0.808199121522694 0.060546875 0.18740849194729137
0 0.79638671875 0.8177159590043924 0.0751953125 0.232796486090776
0 0.0439453125 0.8191800878477306 0.0390625 0.20937042459736457
0 0.8818359375 0.8272327964860908 0.0625 0.12005856515373353
0 0.9365234375 0.8301610541727672 0.03515625 0.09077598828696926
0 0.6806640625 0.8308931185944363 0.0625 0.19765739385065886
0 0.240234375 0.8404099560761347 0.037109375 0.20497803806734993
0 0.380859375 0.8448023426061494 0.052734375 0.23133235724743778
0 0.2353515625 0.8469985358711567 0.05078125 0.17130307467057102
0 0.05712890625 0.8513909224011713 0.0634765625 0.20937042459736457
0 0.07568359375 0.8557833089311859 0.0693359375 0.20351390922401172
0 0.34423828125 0.8579795021961932 0.0458984375 0.23718887262079064
0 0.7978515625 0.8689604685212299 0.048828125 0.232796486090776
0 0.5400390625 0.8740849194729137 0.056640625 0.14641288433382138
0 0.32421875 0.8777452415812591 0.068359375 0.19765739385065886
0 0.7021484375 0.890190336749634 0.05078125 0.2020497803806735
0 0.7255859375 0.8938506588579795 0.060546875 0.20937042459736457
0 0.4482421875 0.8960468521229868 0.052734375 0.19326500732064422
0 0.15478515625 0.8982430453879942 0.0849609375 0.2005856515373353
0 0.9443359375 0.9048316251830161 0.041015625 0.18740849194729137
0 0.71826171875 0.9202049780380673 0.0556640625 0.13616398243045388
0 0.87890625 0.9209370424597365 0.056640625 0.15519765739385066
0 0.091796875 0.9282576866764275 0.08984375 0.14055636896046853
0 0.6123046875 0.931918008784773 0.052734375 0.13323572474377746
0 0.41845703125 0.9392386530014641 0.0478515625 0.11859443631039532
0 0.5771484375 0.9502196193265008 0.068359375 0.09663250366032211
0 0.91259765625 0.9524158125915081 0.0576171875 0.09224011713030747
0 0.38671875 0.9597364568081991 0.0625 0.07759882869692533
0 0.4951171875 0.9604685212298683 0.0390625 0.07613469985358712
0 0.7158203125 0.9626647144948756 0.048828125 0.07174231332357248
0 0.79052734375 0.9685212298682284 0.0576171875 0.060029282576866766