0 0.859375 0.7271634615384616 0.23918269230769232 0.3918269230769231
0 0.8209134615384616 0.6911057692307693 0.16346153846153846 0.36658653846153844
0 0.7632211538461539 0.6394230769230769 0.11298076923076923 0.28365384615384615
0 0.8389423076923077 0.4519230769230769 0.10096153846153846 0.26322115384615385
0 0.7259615384615384 0.44471153846153844 0.07091346153846154 0.2403846153846154
0 0.6610576923076923 0.4579326923076923 0.08653846153846154 0.24278846153846154
0 0.6225961538461539 0.5661057692307693 0.10096153846153846 0.21995192307692307
0 0.5432692307692307 0.5697115384615384 0.07211538461538461 0.19471153846153846
0 0.47475961538461536 0.5757211538461539 0.08533653846153846 0.21514423076923078
0 0.40625 0.6382211538461539 0.09254807692307693 0.32211538461538464
0 0.27524038461538464 0.6730769230769231 0.1310096153846154 0.44711538461538464
0 0.12139423076923077 0.5793269230769231 0.12620192307692307 0.4519230769230769
0 0.1622596153846154 0.5276442307692307 0.04927884615384615 0.40865384615384615
0 0.21514423076923078 0.4375 0.0673076923076923 0.171875
0 0.25240384615384615 0.4074519230769231 0.051682692307692304 0.109375
0 0.31009615384615385 0.4807692307692308 0.06009615384615385 0.24759615384615385
0 0.34975961538461536 0.4387019230769231 0.055288461538461536 0.18870192307692307
0 0.4170673076923077 0.4182692307692308 0.042067307692307696 0.13221153846153846
0 0.46634615384615385 0.4110576923076923 0.055288461538461536 0.14783653846153846
0 0.5144230769230769 0.4519230769230769 0.07692307692307693 0.203125
0 0.5456730769230769 0.3798076923076923 0.036057692307692304 0.10697115384615384
0 0.5817307692307693 0.43149038461538464 0.07692307692307693 0.19471153846153846
0 0.3870192307692308 0.4675480769230769 0.06971153846153846 0.1466346153846154
0 0.45072115384615385 0.47115384615384615 0.06610576923076923 0.14302884615384615