0 0.33653846153846156 0.4807692307692308 0.15384615384615385 0.9591346153846154
0 0.22956730769230768 0.5336538461538461 0.11778846153846154 0.4987980769230769
0 0.4050480769230769 0.49759615384615385 0.08413461538461539 0.45913461538461536
0 0.42427884615384615 0.33413461538461536 0.018028846153846152 0.030048076923076924
0 0.49278846153846156 0.4579326923076923 0.06129807692307692 0.3762019230769231
0 0.5252403846153846 0.4879807692307692 0.07932692307692307 0.4050480769230769
0 0.5564903846153846 0.48197115384615385 0.1201923076923077 0.3798076923076923
0 0.5769230769230769 0.45552884615384615 0.039663461538461536 0.3581730769230769
0 0.5889423076923077 0.46274038461538464 0.04927884615384615 0.31971153846153844
0 0.6045673076923077 0.484375 0.07091346153846154 0.3473557692307692
0 0.6694711538461539 0.4651442307692308 0.0673076923076923 0.296875
0 0.6478365384615384 0.3329326923076923 0.037259615384615384 0.0673076923076923
0 0.8365384615384616 0.4375 0.056490384615384616 0.22355769230769232
0 0.9555288461538461 0.4387019230769231 0.0733173076923077 0.21995192307692307
0 0.12379807692307693 0.3942307692307692 0.10336538461538461 0.16826923076923078
0 0.04567307692307692 0.35216346153846156 0.05889423076923077 0.13701923076923078
0 0.07932692307692307 0.33774038461538464 0.054086538461538464 0.1346153846153846
0 0.125 0.34134615384615385 0.04567307692307692 0.1346153846153846
0 0.0829326923076923 0.31850961538461536 0.042067307692307696 0.09134615384615384