0 0.004807692307692308 0.6514423076923077 0.009615384615384616 0.036057692307692304
0 0.027644230769230768 0.6466346153846154 0.020432692307692308 0.05048076923076923
0 0.039663461538461536 0.6430288461538461 0.008413461538461538 0.02283653846153846
0 0.056490384615384616 0.6490384615384616 0.01201923076923077 0.037259615384615384
0 0.06850961538461539 0.6490384615384616 0.01201923076923077 0.04326923076923077
0 0.10216346153846154 0.6514423076923077 0.013221153846153846 0.039663461538461536
0 0.12740384615384615 0.6490384615384616 0.014423076923076924 0.04326923076923077
0 0.16346153846153846 0.6466346153846154 0.013221153846153846 0.03125
0 0.16706730769230768 0.6478365384615384 0.007211538461538462 0.028846153846153848
0 0.17307692307692307 0.6478365384615384 0.008413461538461538 0.028846153846153848
0 0.1971153846153846 0.6959134615384616 0.0625 0.16346153846153846
0 0.21754807692307693 0.7067307692307693 0.0673076923076923 0.16706730769230768
0 0.24278846153846154 0.6490384615384616 0.008413461538461538 0.027644230769230768
0 0.24759615384615385 0.6478365384615384 0.007211538461538462 0.021634615384615384
0 0.25721153846153844 0.6490384615384616 0.009615384615384616 0.038461538461538464
0 0.27403846153846156 0.7127403846153846 0.08653846153846154 0.21875
0 0.30408653846153844 0.6430288461538461 0.003605769230769231 0.010817307692307692
0 0.3737980769230769 0.6502403846153846 0.008413461538461538 0.037259615384615384
0 0.43990384615384615 0.6995192307692307 0.04326923076923077 0.203125
0 0.46153846153846156 0.6598557692307693 0.02403846153846154 0.08413461538461539
0 0.484375 0.6478365384615384 0.007211538461538462 0.030048076923076924
0 0.5180288461538461 0.7211538461538461 0.0625 0.2439903846153846
0 0.5504807692307693 0.6802884615384616 0.03245192307692308 0.15985576923076922
0 0.5733173076923077 0.7091346153846154 0.05889423076923077 0.24158653846153846
0 0.59375 0.6478365384615384 0.008413461538461538 0.03485576923076923
0 0.6081730769230769 0.6514423076923077 0.006009615384615385 0.03485576923076923
0 0.6117788461538461 0.6478365384615384 0.008413461538461538 0.03125
0 0.6165865384615384 0.6478365384615384 0.010817307692307692 0.03125
0 0.6189903846153846 0.6466346153846154 0.009615384615384616 0.03125
0 0.6514423076923077 0.6466346153846154 0.009615384615384616 0.03125
0 0.6899038461538461 0.6514423076923077 0.009615384615384616 0.037259615384615384
0 0.7079326923076923 0.6502403846153846 0.009615384615384616 0.046875
0 0.7103365384615384 0.6502403846153846 0.018028846153846152 0.04567307692307692
0 0.7427884615384616 0.6983173076923077 0.056490384615384616 0.27403846153846156
0 0.8173076923076923 0.6502403846153846 0.02403846153846154 0.04567307692307692
0 0.8269230769230769 0.6454326923076923 0.009615384615384616 0.03365384615384615
0 0.8125 0.7307692307692307 0.07572115384615384 0.21634615384615385
0 0.8389423076923077 0.7259615384615384 0.08653846153846154 0.28365384615384615
0 0.8882211538461539 0.7536057692307693 0.125 0.3076923076923077
0 0.9507211538461539 0.7403846153846154 0.08413461538461539 0.41346153846153844
0 0.9723557692307693 0.7295673076923077 0.055288461538461536 0.3545673076923077