0 0.18509615384615385 0.5528846153846154 0.36899038461538464 0.8942307692307693
0 0.109375 0.5516826923076923 0.1658653846153846 0.8966346153846154
0 0.21634615384615385 0.6286057692307693 0.1201923076923077 0.7427884615384616
0 0.23677884615384615 0.36899038461538464 0.10697115384615384 0.24879807692307693
0 0.5024038461538461 0.53125 0.27403846153846156 0.9375
0 0.42427884615384615 0.5733173076923077 0.0985576923076923 0.8533653846153846
0 0.6358173076923077 0.5829326923076923 0.0985576923076923 0.8341346153846154
0 0.7331730769230769 0.5228365384615384 0.22355769230769232 0.9543269230769231
0 0.7992788461538461 0.5552884615384616 0.11658653846153846 0.8100961538461539
0 0.8365384615384616 0.5817307692307693 0.1346153846153846 0.8341346153846154
0 0.9314903846153846 0.5228365384615384 0.13581730769230768 0.9543269230769231