0 0.019230769230769232 0.7620192307692307 0.038461538461538464 0.47596153846153844
0 0.08653846153846154 0.7103365384615384 0.14423076923076922 0.5793269230769231
0 0.16826923076923078 0.7824519230769231 0.11778846153846154 0.43509615384615385
0 0.1622596153846154 0.7259615384615384 0.09495192307692307 0.44350961538461536
0 0.12980769230769232 0.5192307692307693 0.027644230769230768 0.08653846153846154
0 0.171875 0.5180288461538461 0.02403846153846154 0.0733173076923077
0 0.21634615384615385 0.4987980769230769 0.018028846153846152 0.1875
0 0.25240384615384615 0.5504807692307693 0.038461538461538464 0.15745192307692307
0 0.2956730769230769 0.6610576923076923 0.06129807692307692 0.3425480769230769
0 0.2764423076923077 0.640625 0.038461538461538464 0.2956730769230769
0 0.3389423076923077 0.7427884615384616 0.12980769230769232 0.5144230769230769
0 0.38221153846153844 0.6105769230769231 0.036057692307692304 0.21754807692307693
0 0.390625 0.6923076923076923 0.06971153846153846 0.3701923076923077
0 0.4110576923076923 0.5817307692307693 0.042067307692307696 0.21754807692307693
0 0.43028846153846156 0.6478365384615384 0.06009615384615385 0.2800480769230769
0 0.4879807692307692 0.7439903846153846 0.11177884615384616 0.4182692307692308
0 0.46274038461538464 0.5288461538461539 0.02403846153846154 0.08052884615384616
0 0.47716346153846156 0.5204326923076923 0.013221153846153846 0.07692307692307693
0 0.4831730769230769 0.5637019230769231 0.025240384615384616 0.1201923076923077
0 0.5048076923076923 0.5625 0.025240384615384616 0.14783653846153846
0 0.5144230769230769 0.5612980769230769 0.042067307692307696 0.14182692307692307
0 0.5588942307692307 0.6310096153846154 0.04927884615384615 0.22956730769230768
0 0.5805288461538461 0.546875 0.02283653846153846 0.1201923076923077
0 0.7283653846153846 0.5709134615384616 0.026442307692307692 0.13701923076923078
0 0.7391826923076923 0.5600961538461539 0.018028846153846152 0.125
0 0.7608173076923077 0.6598557692307693 0.06971153846153846 0.3004807692307692
0 0.7908653846153846 0.5576923076923077 0.03365384615384615 0.11538461538461539
0 0.8004807692307693 0.5829326923076923 0.03125 0.203125
0 0.828125 0.6418269230769231 0.08052884615384616 0.2608173076923077
0 0.8737980769230769 0.546875 0.018028846153846152 0.0985576923076923
0 0.8882211538461539 0.5396634615384616 0.013221153846153846 0.07692307692307693
0 0.8990384615384616 0.5540865384615384 0.042067307692307696 0.10096153846153846
0 0.8858173076923077 0.7548076923076923 0.1622596153846154 0.4483173076923077
0 0.9375 0.7475961538461539 0.10576923076923077 0.5048076923076923