0 0.0007473372781065089 0.0008546266647805941 0.00004497041420118351 0.0001703895168653473
0 0.985 0.7132505175983437 0.02846153846153846 0.14285714285714285
0 0.9611538461538461 0.7453416149068323 0.05923076923076923 0.23809523809523808
0 0.0007591715976331361 0.0006306555388380935 0.00002130177514792907 0.0001018050572465912
0 0.0007505917159763313 0.0005990423894825731 0.00003846153846153841 0.00010287668942813417
0 0.9311538461538461 0.5351966873706004 0.04384615384615385 0.07246376811594203
0 0.936923076923077 0.6340579710144928 0.023076923076923078 0.14596273291925466
0 0.9196153846153846 0.6599378881987578 0.04384615384615385 0.18115942028985507
0 0.9103846153846153 0.6728778467908902 0.045384615384615384 0.15320910973084886
0 0.8373076923076923 0.8203933747412008 0.06692307692307692 0.17908902691511386
0 0.8484615384615385 0.7650103519668737 0.06307692307692307 0.14492753623188406
0 0.8815384615384615 0.7593167701863354 0.05846153846153846 0.2453416149068323
0 0.8215384615384616 0.7168737060041408 0.06923076923076923 0.2080745341614907
0 0.8407692307692308 0.6076604554865425 0.047692307692307694 0.07660455486542443
0 0.8746153846153846 0.5874741200828157 0.052307692307692305 0.12525879917184266
0 0.8938461538461538 0.5357142857142857 0.033846153846153845 0.09006211180124224
0 0.8196153846153846 0.5874741200828157 0.04846153846153846 0.14182194616977226
0 0.7926923076923077 0.5538302277432712 0.03461538461538462 0.13871635610766045
0 0.7830769230769231 0.5698757763975155 0.03230769230769231 0.11490683229813664
0 0.7592307692307693 0.6444099378881988 0.07846153846153846 0.2080745341614907
0 0.7392307692307692 0.7701863354037267 0.10615384615384615 0.2463768115942029
0 0.7042307692307692 0.6863354037267081 0.040769230769230766 0.20910973084886128
0 0.7296153846153847 0.6055900621118012 0.02846153846153846 0.11594202898550725
0 0.7146153846153847 0.5605590062111802 0.02923076923076923 0.07142857142857142
0 0.7203846153846154 0.5201863354037267 0.031538461538461536 0.07971014492753623
0 0.7223076923076923 0.5113871635610766 0.03076923076923077 0.07867494824016563
0 0.6861538461538461 0.5874741200828157 0.026153846153846153 0.07556935817805382
0 0.6715384615384615 0.5900621118012422 0.02923076923076923 0.06418219461697723
0 0.6796153846153846 0.6594202898550725 0.03923076923076923 0.18219461697722567
0 0.6415384615384615 0.8514492753623188 0.06923076923076923 0.11697722567287784
0 0.6053846153846154 0.8188405797101449 0.06461538461538462 0.18219461697722567
0 0.6203846153846154 0.722567287784679 0.057692307692307696 0.15527950310559005
0 0.661923076923077 0.7562111801242236 0.06692307692307692 0.2536231884057971
0 0.6353846153846154 0.6149068322981367 0.046153846153846156 0.13457556935817805
0 0.6311538461538462 0.5584886128364389 0.03461538461538462 0.09213250517598344
0 0.6346153846153846 0.5553830227743272 0.02923076923076923 0.07556935817805382
0 0.6011538461538461 0.5553830227743272 0.045384615384615384 0.12939958592132506
0 0.5823076923076923 0.5786749482401656 0.047692307692307694 0.13250517598343686
0 0.546923076923077 0.5579710144927537 0.03538461538461538 0.13043478260869565
0 0.558076923076923 0.6107660455486542 0.03769230769230769 0.18012422360248448
0 0.5634615384615385 0.6677018633540373 0.06538461538461539 0.2070393374741201
0 0.5346153846153846 0.7934782608695652 0.05846153846153846 0.2329192546583851
0 0.48923076923076925 0.7934782608695652 0.07384615384615385 0.2329192546583851
0 0.43576923076923074 0.8343685300207039 0.054615384615384614 0.14906832298136646
0 0.3730769230769231 0.8105590062111802 0.09692307692307692 0.19875776397515527
0 0.2915384615384615 0.8209109730848861 0.09846153846153846 0.17805383022774326
0 0.19153846153846155 0.8234989648033126 0.08 0.17494824016563146
0 0.19384615384615383 0.7872670807453416 0.0876923076923077 0.2453416149068323
0 0.43923076923076926 0.7111801242236024 0.06153846153846154 0.13664596273291926
0 0.5119230769230769 0.598343685300207 0.05153846153846154 0.15320910973084886
0 0.5019230769230769 0.5113871635610766 0.014615384615384615 0.018633540372670808
0 0.49653846153846154 0.5445134575569358 0.040769230769230766 0.14285714285714285
0 0.46384615384615385 0.6123188405797102 0.05384615384615385 0.16666666666666666
0 0.39076923076923076 0.672360248447205 0.06307692307692307 0.1956521739130435
0 0.3803846153846154 0.6221532091097308 0.05 0.16977225672877846
0 0.3396153846153846 0.7619047619047619 0.05615384615384615 0.2028985507246377
0 0.35346153846153844 0.5471014492753623 0.04846153846153846 0.14389233954451347
0 0.36730769230769234 0.5232919254658385 0.02846153846153846 0.12318840579710146
0 0.3811538461538462 0.4922360248447205 0.023846153846153847 0.09627329192546584
0 0.3169230769230769 0.5559006211180124 0.043076923076923075 0.15734989648033126
0 0.30615384615384617 0.5315734989648033 0.027692307692307693 0.12318840579710146
0 0.31153846153846154 0.4746376811594203 0.021538461538461538 0.048654244306418216
0 0.26076923076923075 0.5020703933747412 0.03076923076923077 0.057971014492753624
0 0.26692307692307693 0.5854037267080745 0.052307692307692305 0.17494824016563146
0 0.245 0.6935817805383023 0.06538461538461539 0.2277432712215321
0 0.15423076923076923 0.7525879917184265 0.054615384615384614 0.2422360248447205
0 0.15115384615384617 0.656832298136646 0.054615384615384614 0.14803312629399587
0 0.20653846153846153 0.6061076604554866 0.04846153846153846 0.16252587991718426
0 0.21076923076923076 0.5698757763975155 0.04461538461538461 0.13768115942028986
0 0.22807692307692307 0.5217391304347826 0.03307692307692308 0.12215320910973085
0 0.23346153846153847 0.5015527950310559 0.03461538461538462 0.12939958592132506
0 0.1823076923076923 0.5263975155279503 0.02923076923076923 0.09420289855072464
0 0.18307692307692308 0.489648033126294 0.027692307692307693 0.041407867494824016
0 0.16923076923076924 0.5952380952380952 0.036923076923076927 0.12008281573498965
0 0.15307692307692308 0.5683229813664596 0.018461538461538463 0.051759834368530024
0 0.14692307692307693 0.5719461697722568 0.027692307692307693 0.06728778467908902
0 0.13384615384615384 0.5714285714285714 0.027692307692307693 0.08902691511387163
0 0.15384615384615385 0.5139751552795031 0.03076923076923077 0.06521739130434782
0 0.13346153846153846 0.5455486542443064 0.03461538461538462 0.09730848861283643
0 0.09038461538461538 0.5641821946169773 0.03307692307692308 0.11387163561076605
0 0.10538461538461538 0.629399585921325 0.036923076923076927 0.16977225672877846
0 0.05923076923076923 0.5740165631469979 0.016923076923076923 0.027950310559006212
0 0.09653846153846155 0.682712215320911 0.057692307692307696 0.14596273291925466
0 0.05269230769230769 0.6946169772256728 0.06230769230769231 0.14285714285714285
0 0.06769230769230769 0.7986542443064182 0.07384615384615385 0.2246376811594203
0 0.016153846153846154 0.6174948240165632 0.03230769230769231 0.11697722567287784
0 0.009615384615384616 0.5455486542443064 0.019230769230769232 0.08074534161490683
0 0.015769230769230768 0.5025879917184265 0.031538461538461536 0.10041407867494824
0 0.03923076923076923 0.4906832298136646 0.03076923076923077 0.10144927536231885
0 0.05653846153846154 0.4912008281573499 0.022307692307692306 0.10041407867494824
0 0.09538461538461539 0.4855072463768116 0.03076923076923077 0.09523809523809523
0 0.015769230769230768 0.44565217391304346 0.031538461538461536 0.054865424430641824
0 0.008461538461538461 0.4192546583850932 0.016923076923076923 0.035196687370600416
0 0.03653846153846154 0.42028985507246375 0.01769230769230769 0.053830227743271224
0 0.03769230769230769 0.3944099378881988 0.012307692307692308 0.026915113871635612
0 0.029615384615384616 0.4026915113871636 0.011538461538461539 0.035196687370600416
0 0.021153846153846155 0.4001035196687371 0.011538461538461539 0.021739130434782608
0 0.019230769230769232 0.40734989648033126 0.010769230769230769 0.011387163561076604
0 0.09461538461538462 0.4477225672877847 0.026153846153846153 0.06935817805383022
0 0.1280769230769231 0.4554865424430642 0.023846153846153847 0.09316770186335403
0 0.10384615384615385 0.42598343685300205 0.012307692307692308 0.061076604554865424
0 0.09 0.40165631469979296 0.012307692307692308 0.031055900621118012
0 0.14615384615384616 0.4249482401656315 0.013846153846153847 0.056935817805383024
0 0.11730769230769231 0.42391304347826086 0.022307692307692306 0.07349896480331262
0 0.14846153846153845 0.38923395445134573 0.010769230769230769 0.016563146997929608
0 0.1326923076923077 0.39855072463768115 0.013076923076923076 0.041407867494824016
0 0.1376923076923077 0.42857142857142855 0.010769230769230769 0.053830227743271224
0 0.16846153846153847 0.46273291925465837 0.02923076923076923 0.10144927536231885
0 0.17423076923076924 0.41304347826086957 0.013076923076923076 0.031055900621118012
0 0.18 0.4192546583850932 0.013846153846153847 0.047619047619047616
0 0.19 0.39285714285714285 0.010769230769230769 0.023809523809523808
0 0.18 0.38975155279503104 0.012307692307692308 0.019668737060041408
0 0.17115384615384616 0.39648033126293997 0.006923076923076923 0.014492753623188406
0 0.1896153846153846 0.38975155279503104 0.013076923076923076 0.025879917184265012
0 0.195 0.39285714285714285 0.006923076923076923 0.034161490683229816
0 0.20692307692307693 0.42650103519668736 0.013846153846153847 0.06418219461697723
0 0.21423076923076922 0.4197722567287785 0.013076923076923076 0.056935817805383024
0 0.20807692307692308 0.3944099378881988 0.006923076923076923 0.020703933747412008
0 0.2296153846153846 0.4197722567287785 0.01769230769230769 0.044513457556935816
0 0.22576923076923078 0.43737060041407866 0.026923076923076925 0.052795031055900624
0 0.2276923076923077 0.39855072463768115 0.013846153846153847 0.037267080745341616
0 0.2473076923076923 0.42908902691511386 0.022307692307692306 0.06728778467908902
0 0.245 0.42391304347826086 0.016153846153846154 0.06521739130434782
0 0.26615384615384613 0.42028985507246375 0.016923076923076923 0.06625258799171843
0 0.25346153846153846 0.39803312629399584 0.008461538461538461 0.017598343685300208
0 0.2746153846153846 0.41459627329192544 0.013846153846153847 0.059006211180124224
0 0.28923076923076924 0.42857142857142855 0.024615384615384615 0.060041407867494824
0 0.29384615384615387 0.42132505175983437 0.013846153846153847 0.060041407867494824
0 0.305 0.42391304347826086 0.013076923076923076 0.06521739130434782
0 0.31115384615384617 0.4140786749482402 0.016153846153846154 0.057971014492753624
0 0.3 0.3969979296066253 0.010769230769230769 0.038302277432712216
0 0.3219230769230769 0.41563146997929606 0.014615384615384615 0.061076604554865424
0 0.3342307692307692 0.42339544513457555 0.016153846153846154 0.06418219461697723
0 0.335 0.39855072463768115 0.013076923076923076 0.026915113871635612
0 0.34692307692307695 0.42701863354037267 0.013846153846153847 0.06521739130434782
0 0.3607692307692308 0.4197722567287785 0.018461538461538463 0.054865424430641824
0 0.36923076923076925 0.41821946169772256 0.012307692307692308 0.047619047619047616
0 0.21807692307692308 0.39285714285714285 0.008461538461538461 0.027950310559006212
0 0.3792307692307692 0.4161490683229814 0.012307692307692308 0.051759834368530024
0 0.3946153846153846 0.4166666666666667 0.013846153846153847 0.054865424430641824
0 0.4076923076923077 0.4244306418219462 0.023076923076923078 0.06625258799171843
0 0.4169230769230769 0.42857142857142855 0.024615384615384615 0.06418219461697723
0 0.40807692307692306 0.391304347826087 0.01 0.018633540372670808
0 0.39076923076923076 0.38509316770186336 0.009230769230769232 0.014492753623188406
0 0.385 0.40217391304347827 0.013076923076923076 0.048654244306418216
0 0.3934615384615385 0.37939958592132506 0.01 0.021739130434782608
0 0.41115384615384615 0.3830227743271222 0.008461538461538461 0.028985507246376812
0 0.4173076923076923 0.38768115942028986 0.011538461538461539 0.023809523809523808
0 0.42730769230769233 0.41200828157349895 0.011538461538461539 0.053830227743271224
0 0.43423076923076925 0.39803312629399584 0.011538461538461539 0.032091097308488616
0 0.42846153846153845 0.4109730848861284 0.010769230769230769 0.049689440993788817
0 0.4461538461538462 0.41511387163561075 0.016923076923076923 0.062111801242236024
0 0.44384615384615383 0.4166666666666667 0.012307692307692308 0.052795031055900624
0 0.46153846153846156 0.4109730848861284 0.015384615384615385 0.053830227743271224
0 0.47115384615384615 0.41563146997929606 0.01769230769230769 0.059006211180124224
0 0.48346153846153844 0.4109730848861284 0.011538461538461539 0.060041407867494824
0 0.49538461538461537 0.45652173913043476 0.026153846153846153 0.08695652173913043
0 0.515 0.4591097308488613 0.022307692307692306 0.08385093167701864
0 0.4973076923076923 0.41770186335403725 0.019230769230769232 0.050724637681159424
0 0.5153846153846153 0.41045548654244307 0.016923076923076923 0.050724637681159424
0 0.5273076923076923 0.41304347826086957 0.014615384615384615 0.051759834368530024
0 0.5357692307692308 0.41459627329192544 0.013076923076923076 0.050724637681159424
0 0.5492307692307692 0.4109730848861284 0.013846153846153847 0.035196687370600416
0 0.5573076923076923 0.41511387163561075 0.011538461538461539 0.035196687370600416
0 0.5507692307692308 0.484472049689441 0.027692307692307693 0.057971014492753624
0 0.5434615384615384 0.4549689440993789 0.019230769230769232 0.07763975155279502
0 0.5526923076923077 0.453416149068323 0.023846153846153847 0.053830227743271224
0 0.58 0.4658385093167702 0.03076923076923077 0.09109730848861283
0 0.5923076923076923 0.4518633540372671 0.018461538461538463 0.08799171842650104
0 0.6142307692307692 0.4668737060041408 0.02846153846153846 0.10559006211180125
0 0.5692307692307692 0.4140786749482402 0.010769230769230769 0.051759834368530024
0 0.5757692307692308 0.4140786749482402 0.01 0.049689440993788817
0 0.5876923076923077 0.3995859213250518 0.012307692307692308 0.026915113871635612
0 0.6053846153846154 0.41873706004140787 0.013846153846153847 0.048654244306418216
0 0.6107692307692307 0.41252587991718426 0.009230769230769232 0.050724637681159424
0 0.6273076923076923 0.40942028985507245 0.011538461538461539 0.030020703933747412
0 0.6326923076923077 0.41563146997929606 0.01 0.050724637681159424
0 0.435 0.36749482401656314 0.008461538461538461 0.024844720496894408
0 0.6519230769230769 0.42132505175983437 0.02846153846153846 0.06832298136645963
0 0.6623076923076923 0.41511387163561075 0.010769230769230769 0.055900621118012424
0 0.675 0.422360248447205 0.022307692307692306 0.060041407867494824
0 0.6873076923076923 0.4254658385093168 0.02846153846153846 0.062111801242236024
0 0.6938461538461539 0.422360248447205 0.023076923076923078 0.062111801242236024
0 0.703076923076923 0.40165631469979296 0.009230769230769232 0.041407867494824016
0 0.7126923076923077 0.4026915113871636 0.016153846153846154 0.043478260869565216
0 0.7246153846153847 0.41459627329192544 0.024615384615384615 0.059006211180124224
0 0.7376923076923076 0.4083850931677019 0.010769230769230769 0.050724637681159424
0 0.7519230769230769 0.41821946169772256 0.02076923076923077 0.053830227743271224
0 0.7476923076923077 0.4715320910973085 0.016923076923076923 0.07971014492753623
0 0.7561538461538462 0.4730848861283644 0.03538461538461538 0.09937888198757763
0 0.7819230769230769 0.4218426501035197 0.016153846153846154 0.050724637681159424
0 0.7880769230769231 0.41252587991718426 0.014615384615384615 0.059006211180124224
0 0.796923076923077 0.3918219461697723 0.010769230769230769 0.027950310559006212
0 0.8096153846153846 0.40942028985507245 0.01 0.052795031055900624
0 0.825 0.4166666666666667 0.019230769230769232 0.054865424430641824
0 0.8288461538461539 0.39389233954451347 0.008461538461538461 0.019668737060041408
0 0.8388461538461538 0.42650103519668736 0.019230769230769232 0.06418219461697723
0 0.8507692307692307 0.41821946169772256 0.012307692307692308 0.055900621118012424
0 0.8615384615384616 0.422360248447205 0.015384615384615385 0.060041407867494824
0 0.8680769230769231 0.41718426501035194 0.013076923076923076 0.060041407867494824
0 0.9184615384615384 0.42701863354037267 0.021538461538461538 0.042443064182194616
0 0.9192307692307692 0.40165631469979296 0.013846153846153847 0.028985507246376812
0 0.9561538461538461 0.4477225672877847 0.021538461538461538 0.07142857142857142
0 0.97 0.4451345755693582 0.016923076923076923 0.07039337474120083
0 0.9753846153846154 0.41718426501035194 0.015384615384615385 0.028985507246376812
0 0.9842307692307692 0.4451345755693582 0.019230769230769232 0.06418219461697723
0 0.995 0.42701863354037267 0.008461538461538461 0.059006211180124224
0 0.9923076923076923 0.4109730848861284 0.013846153846153847 0.037267080745341616
0 0.000542603550295858 0.0014375945715400212 0.0000816568047337279 0.000609758711298004
0 0.03807692307692308 0.6433747412008282 0.06692307692307692 0.15838509316770186
0 0.7626923076923077 0.3995859213250518 0.011538461538461539 0.020703933747412008
0 0.838076923076923 0.4083850931677019 0.013076923076923076 0.042443064182194616