0 0.06490384615384616 0.7379807692307693 0.12980769230769232 0.46274038461538464
0 0.038461538461538464 0.5336538461538461 0.07451923076923077 0.19591346153846154
0 0.0889423076923077 0.6322115384615384 0.06850961538461539 0.2608173076923077
0 0.14302884615384615 0.6766826923076923 0.10817307692307693 0.4338942307692308
0 0.20072115384615385 0.7487980769230769 0.14543269230769232 0.5024038461538461
0 0.23918269230769232 0.5793269230769231 0.11538461538461539 0.2536057692307692
0 0.21153846153846154 0.4651442307692308 0.07692307692307693 0.07692307692307693
0 0.2692307692307692 0.49038461538461536 0.0625 0.15625
0 0.3112980769230769 0.5276442307692307 0.055288461538461536 0.21875
0 0.38461538461538464 0.4338942307692308 0.052884615384615384 0.07932692307692307
0 0.42788461538461536 0.4723557692307692 0.07692307692307693 0.16826923076923078
0 0.3713942307692308 0.5649038461538461 0.11298076923076923 0.27524038461538464
0 0.44471153846153844 0.5841346153846154 0.09254807692307693 0.30649038461538464
0 0.40024038461538464 0.7824519230769231 0.2283653846153846 0.43509615384615385
0 0.6237980769230769 0.8137019230769231 0.2668269230769231 0.37259615384615385
0 0.5552884615384616 0.5949519230769231 0.06610576923076923 0.3317307692307692
0 0.6310096153846154 0.5396634615384616 0.13581730769230768 0.22115384615384615
0 0.6045673076923077 0.43990384615384615 0.07211538461538461 0.16706730769230768
0 0.6526442307692307 0.4170673076923077 0.051682692307692304 0.13341346153846154
0 0.6862980769230769 0.4963942307692308 0.07932692307692307 0.25
0 0.6766826923076923 0.7283653846153846 0.17548076923076922 0.5432692307692307
0 0.7439903846153846 0.4338942307692308 0.036057692307692304 0.12259615384615384
0 0.7740384615384616 0.671875 0.11899038461538461 0.6105769230769231
0 0.8846153846153846 0.7247596153846154 0.23076923076923078 0.5504807692307693
0 0.8004807692307693 0.36658653846153844 0.040865384615384616 0.06610576923076923
0 0.8497596153846154 0.40865384615384615 0.08413461538461539 0.1502403846153846
0 0.9074519230769231 0.4026442307692308 0.06610576923076923 0.21514423076923078
0 0.953125 0.3317307692307692 0.0625 0.051682692307692304
0 0.9302884615384616 0.45913461538461536 0.09254807692307693 0.21875
0 0.9567307692307693 0.5817307692307693 0.08653846153846154 0.4026442307692308