0 0.1658653846153846 0.38221153846153844 0.025240384615384616 0.09975961538461539
0 0.45072115384615385 0.4266826923076923 0.028846153846153848 0.0673076923076923
0 0.49158653846153844 0.44711538461538464 0.03125 0.055288461538461536
0 0.007211538461538462 0.4495192307692308 0.014423076923076924 0.07211538461538461
0 0.39903846153846156 0.4723557692307692 0.026442307692307692 0.057692307692307696
0 0.6850961538461539 0.47475961538461536 0.015625 0.05889423076923077
0 0.5600961538461539 0.47836538461538464 0.06129807692307692 0.21153846153846154
0 0.17427884615384615 0.48677884615384615 0.04927884615384615 0.203125
0 0.7427884615384616 0.4963942307692308 0.06850961538461539 0.2920673076923077
0 0.7692307692307693 0.49759615384615385 0.028846153846153848 0.11899038461538461
0 0.640625 0.5036057692307693 0.06129807692307692 0.20432692307692307
0 0.06009615384615385 0.5048076923076923 0.038461538461538464 0.2439903846153846
0 0.875 0.5048076923076923 0.06129807692307692 0.31971153846153844
0 0.20072115384615385 0.5060096153846154 0.03365384615384615 0.17307692307692307
0 0.24158653846153846 0.5060096153846154 0.055288461538461536 0.22596153846153846
0 0.15264423076923078 0.5072115384615384 0.028846153846153848 0.1658653846153846
0 0.2932692307692308 0.5108173076923077 0.08173076923076923 0.2127403846153846
0 0.8365384615384616 0.5120192307692307 0.03485576923076923 0.25841346153846156
0 0.4519230769230769 0.5120192307692307 0.09615384615384616 0.21033653846153846
0 0.21754807692307693 0.5144230769230769 0.028846153846153848 0.171875
0 0.33653846153846156 0.5144230769230769 0.028846153846153848 0.12980769230769232
0 0.3629807692307692 0.515625 0.046875 0.1971153846153846
0 0.09375 0.5204326923076923 0.042067307692307696 0.20432692307692307
0 0.2704326923076923 0.5204326923076923 0.026442307692307692 0.17307692307692307
0 0.12620192307692307 0.5216346153846154 0.04447115384615385 0.15985576923076922
0 0.5084134615384616 0.5288461538461539 0.04807692307692308 0.18629807692307693
0 0.9375 0.5300480769230769 0.056490384615384616 0.23677884615384615
0 0.890625 0.5372596153846154 0.06971153846153846 0.23798076923076922
0 0.8317307692307693 0.5444711538461539 0.07091346153846154 0.18870192307692307
0 0.019230769230769232 0.5552884615384616 0.038461538461538464 0.13942307692307693