0 0.609375 0.8713942307692307 0.08653846153846154 0.25600961538461536
0 0.9675480769230769 0.8786057692307693 0.06370192307692307 0.23918269230769232
0 0.8882211538461539 0.8365384615384616 0.09254807692307693 0.3233173076923077
0 0.9387019230769231 0.6490384615384616 0.03485576923076923 0.1935096153846154
0 0.9110576923076923 0.6538461538461539 0.040865384615384616 0.18629807692307693
0 0.859375 0.6394230769230769 0.037259615384615384 0.1658653846153846
0 0.8028846153846154 0.6237980769230769 0.03245192307692308 0.1466346153846154
0 0.7572115384615384 0.6009615384615384 0.027644230769230768 0.140625
0 0.7331730769230769 0.578125 0.026442307692307692 0.13942307692307693
0 0.6370192307692307 0.6394230769230769 0.052884615384615384 0.17307692307692307
0 0.5877403846153846 0.6274038461538461 0.039663461538461536 0.16826923076923078
0 0.4795673076923077 0.6334134615384616 0.040865384615384616 0.19471153846153846
0 0.37259615384615385 0.6538461538461539 0.06370192307692307 0.203125
0 0.31850961538461536 0.6502403846153846 0.04567307692307692 0.21394230769230768
0 0.25600961538461536 0.640625 0.040865384615384616 0.1875
0 0.21634615384615385 0.6298076923076923 0.04567307692307692 0.2091346153846154
0 0.019230769230769232 0.6322115384615384 0.037259615384615384 0.2091346153846154
0 0.01201923076923077 0.4987980769230769 0.010817307692307692 0.04447115384615385
0 0.021634615384615384 0.5288461538461539 0.021634615384615384 0.08052884615384616
0 0.056490384615384616 0.5288461538461539 0.019230769230769232 0.09134615384615384
0 0.06610576923076923 0.5264423076923077 0.018028846153846152 0.09495192307692307
0 0.0829326923076923 0.5204326923076923 0.019230769230769232 0.09495192307692307
0 0.13701923076923078 0.5564903846153846 0.027644230769230768 0.12620192307692307
0 0.14903846153846154 0.5180288461538461 0.019230769230769232 0.0829326923076923
0 0.17548076923076922 0.5276442307692307 0.014423076923076924 0.08653846153846154
0 0.16346153846153846 0.5192307692307693 0.015625 0.06971153846153846
0 0.2512019230769231 0.515625 0.015625 0.0829326923076923
0 0.2692307692307692 0.5036057692307693 0.015625 0.06850961538461539
0 0.27163461538461536 0.5492788461538461 0.016826923076923076 0.06490384615384616
0 0.2860576923076923 0.5637019230769231 0.025240384615384616 0.11658653846153846
0 0.2800480769230769 0.5108173076923077 0.015625 0.054086538461538464
0 0.36899038461538464 0.5637019230769231 0.03245192307692308 0.0889423076923077
0 0.38221153846153844 0.5588942307692307 0.025240384615384616 0.08413461538461539
0 0.39783653846153844 0.5528846153846154 0.025240384615384616 0.11298076923076923
0 0.42788461538461536 0.5949519230769231 0.027644230769230768 0.13701923076923078
0 0.4206730769230769 0.5360576923076923 0.020432692307692308 0.078125
0 0.4387019230769231 0.5456730769230769 0.020432692307692308 0.09735576923076923
0 0.46634615384615385 0.6045673076923077 0.021634615384615384 0.15264423076923078
0 0.4795673076923077 0.6213942307692307 0.030048076923076924 0.1778846153846154
0 0.5132211538461539 0.5745192307692307 0.03125 0.14182692307692307
0 0.5492788461538461 0.5889423076923077 0.021634615384615384 0.12740384615384615
0 0.5637019230769231 0.6057692307692307 0.030048076923076924 0.16105769230769232
0 0.5877403846153846 0.6237980769230769 0.036057692307692304 0.16826923076923078
0 0.7055288461538461 0.5817307692307693 0.02403846153846154 0.12139423076923077
0 0.6790865384615384 0.5685096153846154 0.02283653846153846 0.11057692307692307
0 0.7836538461538461 0.5901442307692307 0.02403846153846154 0.14423076923076922
0 0.8112980769230769 0.5733173076923077 0.021634615384615384 0.09615384615384616
0 0.8305288461538461 0.5805288461538461 0.021634615384615384 0.12259615384615384
0 0.8798076923076923 0.5552884615384616 0.018028846153846152 0.078125
0 0.8918269230769231 0.5564903846153846 0.013221153846153846 0.06971153846153846
0 0.9254807692307693 0.5829326923076923 0.020432692307692308 0.11057692307692307
0 0.65625 0.5661057692307693 0.019230769230769232 0.10096153846153846
0 0.5865384615384616 0.53125 0.014423076923076924 0.04807692307692308
0 0.5985576923076923 0.5324519230769231 0.016826923076923076 0.051682692307692304
0 0.18269230769230768 0.5048076923076923 0.013221153846153846 0.0733173076923077
0 0.5036057692307693 0.5649038461538461 0.014423076923076924 0.125
0 0.5384615384615384 0.5757211538461539 0.016826923076923076 0.12139423076923077
0 0.6225961538461539 0.6237980769230769 0.03485576923076923 0.14543269230769232
0 0.578125 0.5528846153846154 0.021634615384615384 0.06009615384615385
0 0.9375 0.5552884615384616 0.016826923076923076 0.06971153846153846