0 0.5677458033573142 0.1808 0.009592326139088728 0.0256
0 0.023980815347721823 0.2728 0.016786570743405275 0.0304
0 0.05275779376498801 0.2752 0.014388489208633094 0.0416
0 0.21223021582733814 0.3152 0.014388489208633094 0.0512
0 0.22002398081534771 0.3184 0.025179856115107913 0.0416
0 0.19724220623501199 0.3192 0.013189448441247002 0.0496
0 0.26498800959232616 0.3216 0.016786570743405275 0.0608
0 0.3009592326139089 0.3248 0.016786570743405275 0.0512
0 0.0725419664268585 0.3264 0.022781774580335732 0.0512
0 0.03297362110311751 0.3296 0.02997601918465228 0.1216
0 0.34772182254196643 0.3328 0.03117505995203837 0.0256
0 0.32673860911270985 0.3336 0.015587529976019185 0.0496
0 0.315947242206235 0.3344 0.017985611510791366 0.0512
0 0.2697841726618705 0.34 0.019184652278177457 0.0624
0 0.08633093525179857 0.3408 0.019184652278177457 0.0448
0 0.23800959232613908 0.352 0.02038369304556355 0.0608
0 0.5089928057553957 0.3528 0.015587529976019185 0.0496
0 0.023980815347721823 0.3552 0.026378896882494004 0.1056
0 0.15707434052757793 0.3672 0.019184652278177457 0.0496
0 0.49760191846522783 0.3696 0.02158273381294964 0.0672
0 0.539568345323741 0.3696 0.016786570743405275 0.0736
0 0.36510791366906475 0.3704 0.015587529976019185 0.0752
0 0.6073141486810552 0.3704 0.022781774580335732 0.0528
0 0.5251798561151079 0.372 0.011990407673860911 0.0592
0 0.512589928057554 0.3808 0.013189448441247002 0.0256
0 0.5431654676258992 0.3808 0.011990407673860911 0.0704
0 0.5635491606714629 0.3808 0.019184652278177457 0.0224
0 0.44664268585131894 0.3832 0.02038369304556355 0.072
0 0.460431654676259 0.388 0.019184652278177457 0.0592
0 0.63189448441247 0.3936 0.014388489208633094 0.064
0 0.6366906474820144 0.3944 0.016786570743405275 0.0784
0 0.20203836930455635 0.3952 0.017985611510791366 0.0736
0 0.6804556354916067 0.4016 0.015587529976019185 0.0608
0 0.552158273381295 0.4032 0.015587529976019185 0.0352
0 0.44064748201438847 0.404 0.02038369304556355 0.0272
0 0.684052757793765 0.4128 0.014388489208633094 0.048
0 0.2907673860911271 0.4232 0.022781774580335732 0.0784
0 0.1804556354916067 0.4416 0.015587529976019185 0.0864
0 0.7703836930455635 0.4464 0.02038369304556355 0.0736
0 0.7020383693045563 0.4512 0.017985611510791366 0.08
0 0.908273381294964 0.4616 0.022781774580335732 0.056
0 0.5887290167865707 0.4632 0.07194244604316546 0.0208
0 0.6636690647482014 0.4752 0.03237410071942446 0.0544
0 0.9292565947242206 0.48 0.016786570743405275 0.0416
0 0.645083932853717 0.4832 0.02158273381294964 0.0608
0 0.9766187050359713 0.5 0.02038369304556355 0.0368
0 0.16906474820143885 0.5056 0.05275779376498801 0.112
0 0.3932853717026379 0.512 0.014388489208633094 0.0256
0 0.43105515587529974 0.5144 0.02038369304556355 0.0912
0 0.45323741007194246 0.544 0.03117505995203837 0.0704
0 0.9154676258992805 0.548 0.022781774580335732 0.1168
0 0.6894484412470024 0.5696 0.023980815347721823 0.1024
0 0.18585131894484413 0.5752 0.03597122302158273 0.1616
0 0.657673860911271 0.5856 0.03477218225419664 0.096
0 0.7206235011990407 0.592 0.047961630695443645 0.1184
0 0.06654676258992806 0.604 0.049160671462829736 0.2064
0 0.46822541966426856 0.6048 0.039568345323741004 0.0992
0 0.11870503597122302 0.6128 0.05515587529976019 0.224
0 0.15167865707434053 0.616 0.0539568345323741 0.1696
0 0.5305755395683454 0.6168 0.03237410071942446 0.0944
0 0.03597122302158273 0.6224 0.0671462829736211 0.2048
0 0.9154676258992805 0.6472 0.04196642685851319 0.0688
0 0.9634292565947242 0.6632 0.022781774580335732 0.04
0 0.49160671462829736 0.6728 0.0407673860911271 0.1136
0 0.2278177458033573 0.6744 0.05995203836930456 0.2544
0 0.6390887290167866 0.6744 0.045563549160671464 0.152
0 0.8195443645083933 0.6792 0.046762589928057555 0.0976
0 0.6882494004796164 0.6816 0.045563549160671464 0.1472
0 0.7326139088729017 0.684 0.05995203836930456 0.0592
0 0.6354916067146283 0.692 0.08633093525179857 0.0336
0 0.8908872901678657 0.6976 0.0407673860911271 0.1504
0 0.645083932853717 0.7088 0.016786570743405275 0.0992
0 0.6306954436450839 0.724 0.045563549160671464 0.152
0 0.6007194244604317 0.7368 0.03836930455635491 0.072
0 0.7667865707434053 0.7392 0.11630695443645084 0.0544
0 0.9244604316546763 0.7424 0.04316546762589928 0.176
0 0.17685851318944845 0.7504 0.07553956834532374 0.2848
0 0.8321342925659473 0.7616 0.0407673860911271 0.1696
0 0.8375299760191847 0.7744 0.03717026378896882 0.1632
0 0.6678657074340527 0.7752 0.05995203836930456 0.1264
0 0.6079136690647482 0.788 0.03357314148681055 0.0848
0 0.539568345323741 0.7888 0.03117505995203837 0.0832
0 0.7745803357314148 0.8096 0.0407673860911271 0.1952
0 0.4154676258992806 0.812 0.10671462829736211 0.2288
0 0.9658273381294964 0.8232 0.046762589928057555 0.168
0 0.5761390887290168 0.8288 0.08752997601918465 0.1184
0 0.45863309352517984 0.8336 0.08992805755395683 0.2048
0 0.9580335731414868 0.844 0.0815347721822542 0.0496
0 0.8135491606714629 0.8504 0.05155875299760192 0.0528
0 0.6906474820143885 0.8592 0.05755395683453238 0.0896
0 0.6588729016786571 0.8632 0.022781774580335732 0.1008
0 0.7332134292565947 0.8704 0.05635491606714628 0.064
0 0.8207434052757794 0.88 0.03717026378896882 0.0576
0 0.7709832134292566 0.9032 0.03117505995203837 0.1904
0 0.9574340527577938 0.9256 0.08273381294964029 0.056
0 0.9688249400479616 0.9536 0.05995203836930456 0.0672
0 0.7332134292565947 0.9632 0.07074340527577938 0.0704