0 0.5141666666666667 0.20952380952380953 0.02388888888888889 0.07936507936507936
0 0.3705555555555556 0.22698412698412698 0.01888888888888889 0.08888888888888889
0 0.41833333333333333 0.23253968253968255 0.017777777777777778 0.08095238095238096
0 0.14 0.23492063492063492 0.01888888888888889 0.06666666666666667
0 0.48638888888888887 0.2373015873015873 0.02277777777777778 0.10634920634920635
0 0.2594444444444444 0.25396825396825395 0.014444444444444444 0.050793650793650794
0 0.2791666666666667 0.26031746031746034 0.010555555555555556 0.044444444444444446
0 0.2127777777777778 0.2706349206349206 0.014444444444444444 0.05873015873015873
0 0.03861111111111111 0.2706349206349206 0.06166666666666667 0.2619047619047619
0 0.7108333333333333 0.2714285714285714 0.021666666666666667 0.07936507936507936
0 0.18611111111111112 0.2761904761904762 0.028888888888888888 0.1492063492063492
0 0.6972222222222222 0.2777777777777778 0.016666666666666666 0.08253968253968254
0 0.6355555555555555 0.2833333333333333 0.02666666666666667 0.09682539682539683
0 0.5027777777777778 0.2849206349206349 0.021111111111111112 0.10952380952380952
0 0.165 0.2857142857142857 0.017777777777777778 0.07936507936507936
0 0.44666666666666666 0.28809523809523807 0.07333333333333333 0.30952380952380953
0 0.8944444444444445 0.2912698412698413 0.03222222222222222 0.1126984126984127
0 0.09944444444444445 0.2912698412698413 0.057777777777777775 0.25873015873015875
0 0.38333333333333336 0.2912698412698413 0.016666666666666666 0.09047619047619047
0 0.18138888888888888 0.29285714285714287 0.015 0.05873015873015873
0 0.2338888888888889 0.30317460317460315 0.012222222222222223 0.06349206349206349
0 0.345 0.3119047619047619 0.052222222222222225 0.25555555555555554
0 0.3169444444444444 0.31666666666666665 0.04833333333333333 0.373015873015873
0 0.14444444444444443 0.31825396825396823 0.024444444444444446 0.1126984126984127
0 0.4002777777777778 0.32301587301587303 0.03388888888888889 0.11587301587301588
0 0.36833333333333335 0.33095238095238094 0.027777777777777776 0.12222222222222222
0 0.5486111111111112 0.3333333333333333 0.06944444444444445 0.4444444444444444
0 0.24833333333333332 0.33650793650793653 0.021111111111111112 0.08571428571428572
0 0.6766666666666666 0.35 0.04111111111111111 0.15396825396825398
0 0.6452777777777777 0.36666666666666664 0.04833333333333333 0.16507936507936508
0 0.5997222222222223 0.3674603174603175 0.03833333333333333 0.18888888888888888
0 0.27416666666666667 0.396031746031746 0.051666666666666666 0.2841269841269841
0 0.08833333333333333 0.4111111111111111 0.057777777777777775 0.24444444444444444
0 0.9391666666666667 0.4142857142857143 0.04833333333333333 0.2761904761904762
0 0.48944444444444446 0.423015873015873 0.04111111111111111 0.3126984126984127
0 0.74 0.4261904761904762 0.05333333333333334 0.31587301587301586
0 0.19944444444444445 0.44365079365079363 0.07444444444444444 0.22380952380952382
0 0.8547222222222223 0.47063492063492063 0.15944444444444444 0.5984126984126984
0 0.3488888888888889 0.48333333333333334 0.09777777777777778 0.3253968253968254
0 0.9613888888888888 0.49047619047619045 0.07166666666666667 0.38095238095238093
0 0.5697222222222222 0.5626984126984127 0.10944444444444444 0.4142857142857143
0 0.1713888888888889 0.580952380952381 0.15055555555555555 0.3746031746031746
0 0.4836111111111111 0.5984126984126984 0.09833333333333333 0.49206349206349204
0 0.085 0.6031746031746031 0.16777777777777778 0.38095238095238093
0 0.43277777777777776 0.6912698412698413 0.14555555555555555 0.5952380952380952
0 0.875 0.7214285714285714 0.10888888888888888 0.5476190476190477
0 0.8127777777777778 0.7523809523809524 0.2 0.49206349206349204