0 0.66552734375 0.212890625 0.0244140625 0.040364583333333336
0 0.5556640625 0.23177083333333334 0.04296875 0.0625
0 0.71826171875 0.23307291666666666 0.0302734375 0.057291666666666664
0 0.88037109375 0.23307291666666666 0.0380859375 0.07291666666666667
0 0.7880859375 0.23893229166666666 0.02734375 0.05859375
0 0.74462890625 0.240234375 0.0302734375 0.053385416666666664
0 0.703125 0.24088541666666666 0.03515625 0.052083333333333336
0 0.73193359375 0.24283854166666666 0.0224609375 0.053385416666666664
0 0.93310546875 0.24283854166666666 0.0380859375 0.07161458333333333
0 0.666015625 0.24739583333333334 0.033203125 0.057291666666666664
0 0.62353515625 0.2571614583333333 0.0361328125 0.06640625
0 0.87158203125 0.2662760416666667 0.0361328125 0.06380208333333333
0 0.44921875 0.2669270833333333 0.029296875 0.08072916666666667
0 0.95263671875 0.2669270833333333 0.0263671875 0.09895833333333333
0 0.37060546875 0.275390625 0.0322265625 0.06640625
0 0.89794921875 0.2766927083333333 0.0302734375 0.045572916666666664
0 0.54638671875 0.27734375 0.0478515625 0.08072916666666667
0 0.46337890625 0.2877604166666667 0.0341796875 0.078125
0 0.1103515625 0.29296875 0.03515625 0.07552083333333333
0 0.234375 0.29296875 0.05859375 0.09375
0 0.18603515625 0.2955729166666667 0.0498046875 0.07291666666666667
0 0.935546875 0.3020833333333333 0.0625 0.14322916666666666
0 0.51123046875 0.3079427083333333 0.0361328125 0.10026041666666667
0 0.3994140625 0.3138020833333333 0.052734375 0.11197916666666667
0 0.59912109375 0.31640625 0.0419921875 0.14322916666666666
0 0.3173828125 0.3255208333333333 0.041015625 0.10677083333333333
0 0.79443359375 0.330078125 0.0732421875 0.17838541666666666
0 0.494140625 0.3333333333333333 0.072265625 0.15104166666666666
0 0.09765625 0.3404947916666667 0.0546875 0.11588541666666667
0 0.66552734375 0.34375 0.0439453125 0.16145833333333334
0 0.30029296875 0.3450520833333333 0.0400390625 0.16145833333333334
0 0.26416015625 0.3463541666666667 0.0439453125 0.18489583333333334
0 0.1923828125 0.3515625 0.046875 0.14583333333333334
0 0.36279296875 0.3541666666666667 0.0478515625 0.09895833333333333
0 0.23583984375 0.3658854166666667 0.0654296875 0.15885416666666666
0 0.42431640625 0.3684895833333333 0.0361328125 0.203125
0 0.14404296875 0.3743489583333333 0.1142578125 0.14453125
0 0.45068359375 0.3834635416666667 0.0595703125 0.14973958333333334
0 0.9150390625 0.3834635416666667 0.052734375 0.18359375
0 0.12109375 0.3860677083333333 0.05078125 0.05859375
0 0.5390625 0.392578125 0.046875 0.23828125
0 0.6318359375 0.396484375 0.091796875 0.17838541666666666
0 0.4052734375 0.3990885416666667 0.103515625 0.19921875
0 0.95849609375 0.3997395833333333 0.0517578125 0.1953125
0 0.86083984375 0.4016927083333333 0.1396484375 0.23307291666666666
0 0.89794921875 0.4016927083333333 0.0693359375 0.23567708333333334
0 0.71630859375 0.4114583333333333 0.0908203125 0.22916666666666666
0 0.65380859375 0.4348958333333333 0.0986328125 0.16145833333333334
0 0.97265625 0.4401041666666667 0.052734375 0.2708333333333333
0 0.3251953125 0.4596354166666667 0.150390625 0.2109375
0 0.0400390625 0.4661458333333333 0.078125 0.17708333333333334
0 0.5556640625 0.4772135416666667 0.08203125 0.33984375
0 0.220703125 0.5052083333333334 0.09375 0.1640625
0 0.0791015625 0.505859375 0.103515625 0.20442708333333334
0 0.8779296875 0.5240885416666666 0.154296875 0.34765625
0 0.4970703125 0.5475260416666666 0.126953125 0.34765625
0 0.7822265625 0.703125 0.326171875 0.5911458333333334
0 0.3271484375 0.705078125 0.185546875 0.5872395833333334
0 0.6005859375 0.7272135416666666 0.0859375 0.5299479166666666
0 0.4658203125 0.728515625 0.150390625 0.5169270833333334
0 0.46435546875 0.7350260416666666 0.1552734375 0.52734375
0 0.10693359375 0.7740885416666666 0.2138671875 0.44921875