0 0.03365384615384615 0.6778846153846154 0.0673076923076923 0.35096153846153844
0 0.040865384615384616 0.5504807692307693 0.03485576923076923 0.11538461538461539
0 0.06971153846153846 0.6394230769230769 0.04807692307692308 0.25721153846153844
0 0.10336538461538461 0.6382211538461539 0.0673076923076923 0.32091346153846156
0 0.13822115384615385 0.6646634615384616 0.052884615384615384 0.3269230769230769
0 0.19471153846153846 0.6838942307692307 0.08413461538461539 0.4639423076923077
0 0.23076923076923078 0.6394230769230769 0.0625 0.29927884615384615
0 0.24158653846153846 0.6262019230769231 0.037259615384615384 0.2283653846153846
0 0.2644230769230769 0.6081730769230769 0.039663461538461536 0.19831730769230768
0 0.24158653846153846 0.5096153846153846 0.019230769230769232 0.03365384615384615
0 0.27403846153846156 0.5853365384615384 0.02403846153846154 0.1658653846153846
0 0.29086538461538464 0.5853365384615384 0.020432692307692308 0.14423076923076922
0 0.3173076923076923 0.6310096153846154 0.038461538461538464 0.2091346153846154
0 0.3112980769230769 0.5324519230769231 0.026442307692307692 0.06370192307692307
0 0.328125 0.5564903846153846 0.02403846153846154 0.08653846153846154
0 0.3389423076923077 0.5865384615384616 0.036057692307692304 0.15745192307692307
0 0.35697115384615385 0.5793269230769231 0.027644230769230768 0.09615384615384616
0 0.3641826923076923 0.7668269230769231 0.10096153846153846 0.4639423076923077
0 0.38221153846153844 0.5288461538461539 0.02283653846153846 0.055288461538461536
0 0.40625 0.6490384615384616 0.05048076923076923 0.3076923076923077
0 0.44711538461538464 0.65625 0.056490384615384616 0.2980769230769231
0 0.49158653846153844 0.6466346153846154 0.04807692307692308 0.265625
0 0.5216346153846154 0.5432692307692307 0.036057692307692304 0.0829326923076923
0 0.5480769230769231 0.7355769230769231 0.09615384615384616 0.5252403846153846
0 0.5949519230769231 0.5745192307692307 0.030048076923076924 0.13221153846153846
0 0.6370192307692307 0.7451923076923077 0.09975961538461539 0.5072115384615384
0 0.6814903846153846 0.6947115384615384 0.07091346153846154 0.38822115384615385
0 0.7067307692307693 0.6334134615384616 0.027644230769230768 0.21394230769230768
0 0.7283653846153846 0.6418269230769231 0.03245192307692308 0.22956730769230768
0 0.7524038461538461 0.6610576923076923 0.05889423076923077 0.2956730769230769
0 0.7848557692307693 0.6466346153846154 0.037259615384615384 0.23557692307692307
0 0.8100961538461539 0.6310096153846154 0.03245192307692308 0.2512019230769231
0 0.8305288461538461 0.6117788461538461 0.027644230769230768 0.21754807692307693
0 0.8461538461538461 0.6538461538461539 0.06009615384615385 0.2668269230769231
0 0.8786057692307693 0.5685096153846154 0.021634615384615384 0.0889423076923077
0 0.890625 0.6358173076923077 0.052884615384615384 0.2536057692307692
0 0.9194711538461539 0.6538461538461539 0.056490384615384616 0.2932692307692308
0 0.9615384615384616 0.6911057692307693 0.07692307692307693 0.34134615384615385