0 0.11685022026431718 0.42935142289874256 0.16277533039647576 0.6568497683653209
0 0.202863436123348 0.4551621442753144 0.1171806167400881 0.5112508272667108
0 0.2680616740088106 0.4695565850430179 0.0828193832599119 0.4129715420251489
0 0.3131057268722467 0.46674387822634017 0.07775330396475771 0.36499007279947054
0 0.33237885462555067 0.47882197220383854 0.05947136563876652 0.3057577763070814
0 0.3472466960352423 0.4415949702183984 0.044713656387665196 0.3054268696227664
0 0.41387665198237883 0.500330906684315 0.1290748898678414 0.5943084050297816
0 0.5886563876651982 0.4870946393117141 0.17466960352422908 0.6366644606221046
0 0.6579295154185022 0.5043017868960953 0.08458149779735682 0.31634679020516215
0 0.7128854625550661 0.4305095962938451 0.05484581497797357 0.2925215089344805
0 0.7226872246696036 0.46095301125082727 0.05947136563876652 0.3229649238914626
0 0.7439427312775331 0.4900727994705493 0.07775330396475771 0.33951025810721375
0 0.7744493392070485 0.48792190602250163 0.0881057268722467 0.38352084712111184
0 0.8197136563876652 0.4900727994705493 0.11960352422907489 0.45929847782925215
0 0.8773127753303964 0.4796492389146261 0.15066079295154186 0.5661813368630046
0 0.9330396475770925 0.4801455989410986 0.13348017621145375 0.6816677696889477
0 0.7907488986784141 0.3181667769688948 0.05682819383259912 0.09033752481800132
0 0.8083700440528634 0.27812706816677696 0.02555066079295154 0.08173395102581073
0 0.9558370044052863 0.2746525479814692 0.018722466960352423 0.09728656518861681
0 0.21101321585903085 0.29202514890800796 0.02290748898678414 0.07643944407677035
0 0.24944933920704845 0.2564526803441429 0.03502202643171806 0.04897418927862343
0 0.3052863436123348 0.28226340172071473 0.028634361233480177 0.10589013898080742
0 0.4604625550660793 0.27051621442753143 0.029295154185022026 0.12739907346128393
0 0.47290748898678414 0.2619126406353408 0.02026431718061674 0.11747187293183323
0 0.508920704845815 0.26604897418927864 0.031938325991189426 0.11317008603573792
0 0.6645374449339208 0.2640635340833885 0.03436123348017621 0.11250827266710788
0 0.6512114537444934 0.24586366644606222 0.02356828193832599 0.09530112508272667
0 0.6452643171806167 0.24867637326273992 0.016960352422907488 0.08173395102581073
0 0.612885462555066 0.2470218398411648 0.024008810572687226 0.059894109861019194