0 0.12860576923076922 0.6466346153846154 0.06009615384615385 0.18269230769230768
0 0.10576923076923077 0.5048076923076923 0.02403846153846154 0.07932692307692307
0 0.15865384615384615 0.5528846153846154 0.038461538461538464 0.1935096153846154
0 0.203125 0.6790865384615384 0.10216346153846154 0.4050480769230769
0 0.23317307692307693 0.6682692307692307 0.039663461538461536 0.32211538461538464
0 0.24879807692307693 0.6334134615384616 0.046875 0.31850961538461536
0 0.20793269230769232 0.4831730769230769 0.01201923076923077 0.037259615384615384
0 0.29086538461538464 0.5060096153846154 0.03365384615384615 0.06610576923076923
0 0.28966346153846156 0.6802884615384616 0.0625 0.3233173076923077
0 0.3401442307692308 0.6478365384615384 0.05048076923076923 0.2608173076923077
0 0.40625 0.7139423076923077 0.13221153846153846 0.546875
0 0.5324519230769231 0.6778846153846154 0.12139423076923077 0.41466346153846156
0 0.46634615384615385 0.5805288461538461 0.037259615384615384 0.1935096153846154
0 0.3161057692307692 0.5240384615384616 0.03485576923076923 0.10817307692307693
0 0.3401442307692308 0.5829326923076923 0.051682692307692304 0.1971153846153846
0 0.4375 0.5480769230769231 0.02403846153846154 0.12980769230769232
0 0.4951923076923077 0.5336538461538461 0.026442307692307692 0.09735576923076923
0 0.4567307692307692 0.4963942307692308 0.02283653846153846 0.09375
0 0.5432692307692307 0.5060096153846154 0.018028846153846152 0.06971153846153846
0 0.5516826923076923 0.5228365384615384 0.02403846153846154 0.06850961538461539
0 0.5612980769230769 0.5240384615384616 0.02403846153846154 0.07091346153846154
0 0.5829326923076923 0.5913461538461539 0.0673076923076923 0.23557692307692307
0 0.6177884615384616 0.5144230769230769 0.026442307692307692 0.06850961538461539
0 0.6442307692307693 0.59375 0.05889423076923077 0.23918269230769232
0 0.6983173076923077 0.5685096153846154 0.037259615384615384 0.21995192307692307
0 0.671875 0.4855769230769231 0.03245192307692308 0.0733173076923077
0 0.7127403846153846 0.5528846153846154 0.020432692307692308 0.16466346153846154
0 0.7223557692307693 0.484375 0.015625 0.037259615384615384
0 0.7247596153846154 0.5757211538461539 0.026442307692307692 0.1658653846153846
0 0.7391826923076923 0.5793269230769231 0.03125 0.1658653846153846
0 0.7463942307692307 0.4951923076923077 0.03125 0.07932692307692307
0 0.765625 0.5745192307692307 0.03125 0.17067307692307693
0 0.7379807692307693 0.47716346153846156 0.019230769230769232 0.039663461538461536
0 0.7800480769230769 0.5492788461538461 0.021634615384615384 0.15264423076923078
0 0.7980769230769231 0.5745192307692307 0.037259615384615384 0.21394230769230768
0 0.8137019230769231 0.6081730769230769 0.04807692307692308 0.23076923076923078
0 0.8197115384615384 0.4795673076923077 0.010817307692307692 0.036057692307692304
0 0.8569711538461539 0.6225961538461539 0.0889423076923077 0.3317307692307692
0 0.8677884615384616 0.5709134615384616 0.026442307692307692 0.203125
0 0.9302884615384616 0.5997596153846154 0.05889423076923077 0.23918269230769232
0 0.9615384615384616 0.5925480769230769 0.039663461538461536 0.23918269230769232
0 0.7584134615384616 0.4831730769230769 0.015625 0.038461538461538464
0 0.3545673076923077 0.46274038461538464 0.014423076923076924 0.03245192307692308