0 0.39783653846153844 0.8605769230769231 0.09975961538461539 0.27884615384615385
0 0.28125 0.9026442307692307 0.15985576923076922 0.19471153846153846
0 0.48677884615384615 0.5661057692307693 0.07932692307692307 0.19831730769230768
0 0.5961538461538461 0.5552884615384616 0.07572115384615384 0.171875
0 0.6550480769230769 0.5432692307692307 0.05889423076923077 0.16466346153846154
0 0.8149038461538461 0.3545673076923077 0.025240384615384616 0.07572115384615384
0 0.9254807692307693 0.44711538461538464 0.04326923076923077 0.09134615384615384
0 0.8641826923076923 0.3161057692307692 0.009615384615384616 0.04326923076923077
0 0.7512019230769231 0.3317307692307692 0.009615384615384616 0.04447115384615385
0 0.6706730769230769 0.3605769230769231 0.019230769230769232 0.03125
0 0.6057692307692307 0.36538461538461536 0.014423076923076924 0.05889423076923077
0 0.5492788461538461 0.359375 0.013221153846153846 0.06971153846153846
0 0.4387019230769231 0.41586538461538464 0.016826923076923076 0.06009615384615385
0 0.4206730769230769 0.4266826923076923 0.02403846153846154 0.0829326923076923
0 0.3786057692307692 0.4362980769230769 0.037259615384615384 0.16706730769230768
0 0.3713942307692308 0.4326923076923077 0.042067307692307696 0.17668269230769232
0 0.27884615384615385 0.45552884615384615 0.027644230769230768 0.06490384615384616
0 0.25721153846153844 0.4735576923076923 0.02283653846153846 0.09495192307692307
0 0.21875 0.4807692307692308 0.046875 0.109375
0 0.21514423076923078 0.4170673076923077 0.013221153846153846 0.0673076923076923
0 0.19831730769230768 0.4266826923076923 0.019230769230769232 0.10216346153846154
0 0.15504807692307693 0.4050480769230769 0.014423076923076924 0.04447115384615385
0 0.14182692307692307 0.40865384615384615 0.018028846153846152 0.051682692307692304
0 0.125 0.41225961538461536 0.019230769230769232 0.04927884615384615
0 0.2920673076923077 0.39783653846153844 0.025240384615384616 0.08774038461538461
0 0.34134615384615385 0.3870192307692308 0.015625 0.06370192307692307