0 0.18870192307692307 0.5192307692307693 0.010817307692307692 0.054086538461538464
0 0.19471153846153846 0.5216346153846154 0.010817307692307692 0.0673076923076923
0 0.20552884615384615 0.5324519230769231 0.014423076923076924 0.07692307692307693
0 0.22355769230769232 0.5456730769230769 0.02283653846153846 0.109375
0 0.23798076923076922 0.5228365384615384 0.013221153846153846 0.057692307692307696
0 0.2548076923076923 0.5721153846153846 0.042067307692307696 0.15384615384615385
0 0.28846153846153844 0.5769230769230769 0.04447115384615385 0.18990384615384615
0 0.3016826923076923 0.5204326923076923 0.019230769230769232 0.06971153846153846
0 0.44471153846153844 0.5745192307692307 0.04807692307692308 0.17668269230769232
0 0.3954326923076923 0.5685096153846154 0.055288461538461536 0.1875
0 0.35096153846153844 0.5168269230769231 0.038461538461538464 0.08413461538461539
0 0.32211538461538464 0.6826923076923077 0.12980769230769232 0.39783653846153844
0 0.41225961538461536 0.7247596153846154 0.09134615384615384 0.29447115384615385
0 0.23918269230769232 0.7427884615384616 0.0673076923076923 0.24759615384615385
0 0.5024038461538461 0.49399038461538464 0.07091346153846154 0.14783653846153846
0 0.04927884615384615 0.48197115384615385 0.09375 0.23677884615384615
0 0.6730769230769231 0.47596153846153844 0.11538461538461539 0.23677884615384615
0 0.7403846153846154 0.7259615384615384 0.13221153846153846 0.5144230769230769