0 0.7764423076923077 0.703125 0.24879807692307693 0.59375
0 0.6742788461538461 0.7704326923076923 0.19110576923076922 0.45913461538461536
0 0.5384615384615384 0.7920673076923077 0.1201923076923077 0.41586538461538464
0 0.3762019230769231 0.75 0.22355769230769232 0.5
0 0.2920673076923077 0.8137019230769231 0.09375 0.37259615384615385
0 0.16947115384615385 0.7896634615384616 0.13942307692307693 0.4206730769230769
0 0.11538461538461539 0.7127403846153846 0.08413461538461539 0.17668269230769232
0 0.09495192307692307 0.71875 0.07932692307692307 0.1935096153846154
0 0.054086538461538464 0.8076923076923077 0.06610576923076923 0.33774038461538464
0 0.025240384615384616 0.6814903846153846 0.025240384615384616 0.039663461538461536
0 0.25721153846153844 0.8173076923076923 0.04447115384615385 0.3605769230769231
0 0.28725961538461536 0.8149038461538461 0.08774038461538461 0.3701923076923077
0 0.4735576923076923 0.7079326923076923 0.038461538461538464 0.1814903846153846
0 0.59375 0.6923076923076923 0.042067307692307696 0.11177884615384616
0 0.6177884615384616 0.6658653846153846 0.05889423076923077 0.16105769230769232