0 0.21875 0.5336538461538461 0.4375 0.5384615384615384
0 0.3401442307692308 0.45552884615384615 0.20793269230769232 0.5216346153846154
0 0.41586538461538464 0.3485576923076923 0.13581730769230768 0.24759615384615385
0 0.8209134615384616 0.6490384615384616 0.3581730769230769 0.7019230769230769
0 0.08653846153846154 0.2920673076923077 0.0625 0.10576923076923077
0 0.15625 0.2608173076923077 0.026442307692307692 0.042067307692307696
0 0.328125 0.20552884615384615 0.028846153846153848 0.05048076923076923
0 0.4266826923076923 0.1814903846153846 0.054086538461538464 0.12139423076923077
0 0.3954326923076923 0.24158653846153846 0.03125 0.20432692307692307
0 0.5132211538461539 0.19951923076923078 0.02283653846153846 0.046875
0 0.5408653846153846 0.18990384615384615 0.021634615384615384 0.07692307692307693
0 0.6538461538461539 0.16947115384615385 0.04927884615384615 0.0985576923076923
0 0.6911057692307693 0.19471153846153846 0.02403846153846154 0.042067307692307696
0 0.7331730769230769 0.24639423076923078 0.06009615384615385 0.28966346153846156
0 0.7620192307692307 0.22716346153846154 0.021634615384615384 0.11899038461538461
0 0.8088942307692307 0.25721153846153844 0.06490384615384616 0.27163461538461536
0 0.8569711538461539 0.2439903846153846 0.05889423076923077 0.2824519230769231
0 0.8774038461538461 0.46274038461538464 0.24158653846153846 0.4879807692307692
0 0.8737980769230769 0.3004807692307692 0.08653846153846154 0.18028846153846154
0 0.8894230769230769 0.20432692307692307 0.06009615384615385 0.18389423076923078
0 0.9555288461538461 0.17548076923076922 0.0673076923076923 0.11057692307692307
0 0.9194711538461539 0.18629807692307693 0.02283653846153846 0.08774038461538461
0 0.9783653846153846 0.1935096153846154 0.028846153846153848 0.12139423076923077