0 0.39663461538461536 0.6490384615384616 0.4170673076923077 0.7019230769230769
0 0.6105769230769231 0.6754807692307693 0.4098557692307692 0.6490384615384616
0 0.734375 0.6057692307692307 0.4098557692307692 0.7872596153846154
0 0.7752403846153846 0.38461538461538464 0.38461538461538464 0.2956730769230769
0 0.6189903846153846 0.34375 0.13221153846153846 0.1814903846153846
0 0.44591346153846156 0.3329326923076923 0.17307692307692307 0.2848557692307692
0 0.31850961538461536 0.5793269230769231 0.4831730769230769 0.8401442307692307
0 0.2848557692307692 0.5697115384615384 0.41225961538461536 0.7668269230769231
0 0.9411057692307693 0.32091346153846156 0.11778846153846154 0.13581730769230768
0 0.9086538461538461 0.28966346153846156 0.08653846153846154 0.13221153846153846
0 0.7379807692307693 0.20432692307692307 0.057692307692307696 0.08413461538461539
0 0.6790865384615384 0.20793269230769232 0.0829326923076923 0.11538461538461539
0 0.5625 0.21153846153846154 0.078125 0.08774038461538461
0 0.5564903846153846 0.19110576923076922 0.04326923076923077 0.046875
0 0.3004807692307692 0.171875 0.038461538461538464 0.09975961538461539
0 0.17307692307692307 0.20072115384615385 0.07932692307692307 0.19831730769230768
0 0.23076923076923078 0.15745192307692307 0.037259615384615384 0.08653846153846154
0 0.13822115384615385 0.20432692307692307 0.0673076923076923 0.18870192307692307
0 0.18028846153846154 0.18990384615384615 0.04326923076923077 0.18870192307692307
0 0.25961538461538464 0.15264423076923078 0.04567307692307692 0.10096153846153846
0 0.22956730769230768 0.1310096153846154 0.025240384615384616 0.056490384615384616
0 0.26322115384615385 0.15625 0.04567307692307692 0.09735576923076923
0 0.12740384615384615 0.19831730769230768 0.04807692307692308 0.18389423076923078
0 0.12379807692307693 0.19110576923076922 0.056490384615384616 0.17668269230769232