0 0.444 0.5097451274362819 0.014 0.044977511244377814
0 0.4195 0.5209895052473763 0.017 0.046476761619190406
0 0.449 0.545727136431784 0.012 0.0239880059970015
0 0.431 0.5487256371814093 0.014 0.029985007496251874
0 0.434 0.5592203898050975 0.014 0.017991004497751123
0 0.466 0.5659670164917541 0.014 0.046476761619190406
0 0.45 0.5727136431784108 0.012 0.026986506746626688
0 0.3995 0.5779610194902549 0.023 0.037481259370314844
0 0.387 0.595952023988006 0.026 0.10044977511244378
0 0.4285 0.6229385307346327 0.023 0.11244377811094453
0 0.3985 0.631184407796102 0.027 0.10794602698650675
0 0.3015 0.6319340329835083 0.023 0.10644677661169415
0 0.4645 0.6454272863568216 0.025 0.11244377811094453
0 0.5055 0.6521739130434783 0.037 0.07496251874062969
0 0.45 0.6559220389805097 0.036 0.12143928035982009
0 0.598 0.6761619190404797 0.03 0.12293853073463268
0 0.531 0.7211394302848576 0.032 0.13193403298350825
0 0.5675 0.7241379310344828 0.035 0.10794602698650675
0 0.7455 0.7271364317841079 0.025 0.14392803598200898
0 0.7185 0.7346326836581709 0.033 0.1469265367316342
0 0.4975 0.7406296851574213 0.035 0.15592203898050974
0 0.469 0.7541229385307346 0.034 0.15892053973013492
0 0.51 0.7631184407796102 0.03 0.15592203898050974
0 0.4305 0.7668665667166417 0.049 0.15442278860569716
0 0.28 0.787856071964018 0.046 0.16941529235382308
0 0.599 0.8658170914542729 0.05 0.20839580209895053
0 0.5725 0.8665667166416792 0.033 0.18590704647676162
0 0.692 0.9010494752623688 0.036 0.07796101949025487
0 0.8635 0.9017991004497751 0.033 0.09145427286356822
0 0.6505 0.9055472263868066 0.059 0.1199400299850075
0 0.472 0.9182908545727136 0.062 0.16041979010494753
0 0.8325 0.9205397301349325 0.039 0.15592203898050974
0 0.8665 0.93928035982009 0.039 0.09745127436281859
0 0.7805 0.9580209895052474 0.055 0.08095952023988005