0 0.765625 0.4423076923076923 0.15745192307692307 0.23918269230769232
0 0.5096153846153846 0.4098557692307692 0.13942307692307693 0.21394230769230768
0 0.3112980769230769 0.44350961538461536 0.22115384615384615 0.5096153846153846
0 0.1875 0.40024038461538464 0.11899038461538461 0.3629807692307692
0 0.26322115384615385 0.29447115384615385 0.07932692307692307 0.15985576923076922
0 0.46153846153846156 0.34375 0.04567307692307692 0.109375
0 0.48197115384615385 0.33774038461538464 0.03365384615384615 0.11899038461538461
0 0.5709134615384616 0.33653846153846156 0.02283653846153846 0.052884615384615384
0 0.5949519230769231 0.34375 0.054086538461538464 0.13341346153846154
0 0.6394230769230769 0.3401442307692308 0.04326923076923077 0.14182692307692307
0 0.6682692307692307 0.36778846153846156 0.02403846153846154 0.0889423076923077
0 0.6875 0.35336538461538464 0.04326923076923077 0.12379807692307693
0 0.7211538461538461 0.37259615384615385 0.042067307692307696 0.08533653846153846
0 0.7391826923076923 0.36538461538461536 0.028846153846153848 0.09975961538461539
0 0.7439903846153846 0.39903846153846156 0.026442307692307692 0.037259615384615384
0 0.7776442307692307 0.3605769230769231 0.03125 0.0889423076923077
0 0.8605769230769231 0.38100961538461536 0.056490384615384616 0.16947115384615385
0 0.890625 0.39663461538461536 0.040865384615384616 0.046875
0 0.8966346153846154 0.3557692307692308 0.03245192307692308 0.09254807692307693
0 0.008413461538461538 0.34134615384615385 0.015625 0.10576923076923077
0 0.08413461538461539 0.3605769230769231 0.04927884615384615 0.07451923076923077
0 0.09975961538461539 0.36899038461538464 0.02403846153846154 0.054086538461538464
0 0.09615384615384616 0.3401442307692308 0.016826923076923076 0.055288461538461536
0 0.109375 0.3641826923076923 0.02403846153846154 0.0673076923076923
0 0.12740384615384615 0.36899038461538464 0.021634615384615384 0.054086538461538464
0 0.12259615384615384 0.34375 0.015625 0.03245192307692308