0 0.06850961538461539 0.5324519230769231 0.13701923076923078 0.5516826923076923
0 0.11057692307692307 0.640625 0.14423076923076922 0.4987980769230769
0 0.1814903846153846 0.5432692307692307 0.1045673076923077 0.5096153846153846
0 0.24519230769230768 0.65625 0.12620192307692307 0.4362980769230769
0 0.29927884615384615 0.546875 0.10817307692307693 0.5132211538461539
0 0.3918269230769231 0.6598557692307693 0.12379807692307693 0.49158653846153844
0 0.43028846153846156 0.5504807692307693 0.10817307692307693 0.5048076923076923
0 0.5204326923076923 0.6790865384615384 0.13341346153846154 0.46634615384615385
0 0.5540865384615384 0.5709134615384616 0.09735576923076923 0.49278846153846156
0 0.6574519230769231 0.43509615384615385 0.11057692307692307 0.2403846153846154
0 0.6526442307692307 0.6694711538461539 0.125 0.4411057692307692
0 0.7740384615384616 0.6778846153846154 0.1310096153846154 0.45072115384615385
0 0.7632211538461539 0.5709134615384616 0.1201923076923077 0.49759615384615385
0 0.890625 0.4423076923076923 0.12980769230769232 0.3125
0 0.8786057692307693 0.7007211538461539 0.12740384615384615 0.390625