0 0.028846153846153848 0.20673076923076922 0.056490384615384616 0.1466346153846154
0 0.056490384615384616 0.22235576923076922 0.037259615384615384 0.11057692307692307
0 0.09495192307692307 0.22716346153846154 0.04567307692307692 0.109375
0 0.20673076923076922 0.25240384615384615 0.03485576923076923 0.06610576923076923
0 0.15985576923076922 0.23677884615384615 0.03125 0.052884615384615384
0 0.23798076923076922 0.22355769230769232 0.037259615384615384 0.12139423076923077
0 0.2920673076923077 0.21995192307692307 0.039663461538461536 0.13701923076923078
0 0.3786057692307692 0.25240384615384615 0.039663461538461536 0.07932692307692307
0 0.4074519230769231 0.23317307692307693 0.05048076923076923 0.11538461538461539
0 0.5408653846153846 0.24158653846153846 0.037259615384615384 0.10697115384615384
0 0.5480769230769231 0.24158653846153846 0.028846153846153848 0.109375
0 0.9495192307692307 0.2536057692307692 0.03365384615384615 0.125
0 0.8882211538461539 0.6502403846153846 0.22355769230769232 0.47716346153846156
0 0.26802884615384615 0.5204326923076923 0.19591346153846154 0.3449519230769231
0 0.3449519230769231 0.3641826923076923 0.1502403846153846 0.3076923076923077
0 0.4254807692307692 0.5661057692307693 0.2548076923076923 0.49399038461538464
0 0.5588942307692307 0.46634615384615385 0.125 0.39783653846153844
0 0.9266826923076923 0.25841346153846156 0.03485576923076923 0.11658653846153846
0 0.009615384615384616 0.03485576923076923 0.019230769230769232 0.06971153846153846