0 0.8125 0.5685096153846154 0.18509615384615385 0.13942307692307693
0 0.984375 0.6694711538461539 0.03125 0.15865384615384615
0 0.5336538461538461 0.5649038461538461 0.15745192307692307 0.2824519230769231
0 0.24519230769230768 0.5408653846153846 0.12620192307692307 0.18269230769230768
0 0.28365384615384615 0.515625 0.12740384615384615 0.18269230769230768
0 0.4567307692307692 0.5 0.18870192307692307 0.3329326923076923
0 0.34975961538461536 0.3293269230769231 0.078125 0.140625
0 0.4338942307692308 0.33774038461538464 0.03125 0.06490384615384616
0 0.5 0.36778846153846156 0.03365384615384615 0.09134615384615384
0 0.5 0.36778846153846156 0.03125 0.09375
0 0.4807692307692308 0.36177884615384615 0.020432692307692308 0.042067307692307696
0 0.5552884615384616 0.3557692307692308 0.056490384615384616 0.12620192307692307
0 0.5985576923076923 0.3713942307692308 0.04567307692307692 0.09735576923076923
0 0.6923076923076923 0.3942307692307692 0.04927884615384615 0.08173076923076923
0 0.7560096153846154 0.36658653846153844 0.05048076923076923 0.14423076923076922
0 0.8798076923076923 0.3942307692307692 0.03125 0.11778846153846154
0 0.8581730769230769 0.38341346153846156 0.052884615384615384 0.1346153846153846
0 0.5276442307692307 0.375 0.03125 0.078125
0 0.07692307692307693 0.3401442307692308 0.030048076923076924 0.11298076923076923