0 0.6237980769230769 0.41346153846153844 0.014423076923076924 0.02403846153846154
0 0.6081730769230769 0.4230769230769231 0.019230769230769232 0.038461538461538464
0 0.6274038461538461 0.4254807692307692 0.015625 0.040865384615384616
0 0.6237980769230769 0.42908653846153844 0.026442307692307692 0.019230769230769232
0 0.6237980769230769 0.43990384615384615 0.016826923076923076 0.016826923076923076
0 0.6213942307692307 0.4519230769230769 0.016826923076923076 0.018028846153846152
0 0.5901442307692307 0.45552884615384615 0.020432692307692308 0.020432692307692308
0 0.6153846153846154 0.4567307692307692 0.03125 0.016826923076923076
0 0.6117788461538461 0.45913461538461536 0.016826923076923076 0.015625
0 0.6153846153846154 0.46875 0.02403846153846154 0.019230769230769232
0 0.5889423076923077 0.4807692307692308 0.018028846153846152 0.046875
0 0.5865384615384616 0.4855769230769231 0.036057692307692304 0.04447115384615385
0 0.6129807692307693 0.49759615384615385 0.025240384615384616 0.057692307692307696
0 0.5949519230769231 0.5168269230769231 0.039663461538461536 0.03125
0 0.5637019230769231 0.5240384615384616 0.016826923076923076 0.056490384615384616
0 0.6009615384615384 0.5240384615384616 0.020432692307692308 0.054086538461538464
0 0.5841346153846154 0.5516826923076923 0.04807692307692308 0.04927884615384615
0 0.5901442307692307 0.5516826923076923 0.02283653846153846 0.04447115384615385
0 0.546875 0.5685096153846154 0.027644230769230768 0.04807692307692308
0 0.5276442307692307 0.5745192307692307 0.04326923076923077 0.04567307692307692
0 0.5817307692307693 0.5757211538461539 0.027644230769230768 0.06129807692307692
0 0.5264423076923077 0.6009615384615384 0.037259615384615384 0.08173076923076923
0 0.5649038461538461 0.6225961538461539 0.039663461538461536 0.0985576923076923
0 0.5540865384615384 0.625 0.027644230769230768 0.09615384615384616
0 0.49038461538461536 0.6262019230769231 0.06370192307692307 0.07211538461538461
0 0.5360576923076923 0.6983173076923077 0.056490384615384616 0.14182692307692307
0 0.47475961538461536 0.703125 0.040865384615384616 0.1502403846153846
0 0.49399038461538464 0.7211538461538461 0.06850961538461539 0.17307692307692307
0 0.39903846153846156 0.8701923076923077 0.15504807692307693 0.23317307692307693
0 0.1935096153846154 0.9050480769230769 0.13942307692307693 0.18870192307692307
0 0.1141826923076923 0.9435096153846154 0.125 0.11177884615384616
0 0.6466346153846154 0.21153846153846154 0.007211538461538462 0.018028846153846152
0 0.6442307692307693 0.21634615384615385 0.009615384615384616 0.019230769230769232
0 0.6442307692307693 0.21754807692307693 0.010817307692307692 0.010817307692307692
0 0.6442307692307693 0.2247596153846154 0.008413461538461538 0.014423076923076924
0 0.6430288461538461 0.23798076923076922 0.01201923076923077 0.02283653846153846
0 0.6502403846153846 0.25600961538461536 0.008413461538461538 0.013221153846153846
0 0.6466346153846154 0.25841346153846156 0.009615384615384616 0.021634615384615384
0 0.640625 0.2764423076923077 0.007211538461538462 0.021634615384615384
0 0.6466346153846154 0.28125 0.013221153846153846 0.025240384615384616
0 0.6430288461538461 0.3004807692307692 0.008413461538461538 0.02283653846153846
0 0.6334134615384616 0.3004807692307692 0.009615384615384616 0.02403846153846154
0 0.6418269230769231 0.3004807692307692 0.008413461538461538 0.014423076923076924
0 0.6466346153846154 0.30288461538461536 0.007211538461538462 0.02403846153846154
0 0.6394230769230769 0.31850961538461536 0.01201923076923077 0.027644230769230768
0 0.6334134615384616 0.3389423076923077 0.009615384615384616 0.008413461538461538
0 0.6370192307692307 0.34615384615384615 0.007211538461538462 0.025240384615384616
0 0.6298076923076923 0.3473557692307692 0.01201923076923077 0.013221153846153846
0 0.6274038461538461 0.35336538461538464 0.009615384615384616 0.010817307692307692
0 0.6346153846153846 0.3545673076923077 0.007211538461538462 0.030048076923076924
0 0.6201923076923077 0.37740384615384615 0.014423076923076924 0.025240384615384616
0 0.6358173076923077 0.3798076923076923 0.018028846153846152 0.028846153846153848
0 0.6189903846153846 0.39302884615384615 0.013221153846153846 0.03365384615384615
0 0.6310096153846154 0.4050480769230769 0.008413461538461538 0.013221153846153846