0 0.1778846153846154 0.6454326923076923 0.12620192307692307 0.5480769230769231
0 0.27403846153846156 0.6466346153846154 0.10336538461538461 0.5144230769230769
0 0.025240384615384616 0.5 0.037259615384615384 0.16105769230769232
0 0.046875 0.46634615384615385 0.03365384615384615 0.12620192307692307
0 0.010817307692307692 0.43028846153846156 0.021634615384615384 0.09615384615384616
0 0.057692307692307696 0.41225961538461536 0.02283653846153846 0.052884615384615384
0 0.0733173076923077 0.4230769230769231 0.020432692307692308 0.06129807692307692
0 0.07692307692307693 0.5024038461538461 0.040865384615384616 0.16466346153846154
0 0.0985576923076923 0.4579326923076923 0.02283653846153846 0.12379807692307693
0 0.11899038461538461 0.45913461538461536 0.04927884615384615 0.13942307692307693
0 0.12980769230769232 0.4495192307692308 0.03125 0.12379807692307693
0 0.15985576923076922 0.43990384615384615 0.030048076923076924 0.055288461538461536
0 0.2403846153846154 0.44711538461538464 0.03365384615384615 0.11298076923076923
0 0.29927884615384615 0.4230769230769231 0.016826923076923076 0.04567307692307692
0 0.3245192307692308 0.4639423076923077 0.04326923076923077 0.125
0 0.33774038461538464 0.4387019230769231 0.016826923076923076 0.07091346153846154
0 0.35216346153846156 0.43990384615384615 0.020432692307692308 0.07692307692307693
0 0.37740384615384615 0.4423076923076923 0.018028846153846152 0.07211538461538461
0 0.390625 0.4411057692307692 0.01201923076923077 0.05889423076923077
0 0.39783653846153844 0.4387019230769231 0.018028846153846152 0.06610576923076923
0 0.4326923076923077 0.484375 0.06490384615384616 0.1778846153846154
0 0.46634615384615385 0.4387019230769231 0.01201923076923077 0.05889423076923077
0 0.47596153846153844 0.44711538461538464 0.02283653846153846 0.09254807692307693
0 0.5216346153846154 0.4375 0.008413461538461538 0.03485576923076923
0 0.5396634615384616 0.4543269230769231 0.026442307692307692 0.10576923076923077
0 0.5564903846153846 0.42908653846153844 0.009615384615384616 0.039663461538461536
0 0.5841346153846154 0.4423076923076923 0.010817307692307692 0.052884615384615384
0 0.6213942307692307 0.4495192307692308 0.02283653846153846 0.06610576923076923
0 0.6502403846153846 0.4579326923076923 0.016826923076923076 0.078125
0 0.734375 0.4387019230769231 0.016826923076923076 0.05048076923076923
0 0.7680288461538461 0.4987980769230769 0.038461538461538464 0.18269230769230768
0 0.7860576923076923 0.43990384615384615 0.016826923076923076 0.06850961538461539
0 0.8197115384615384 0.453125 0.02403846153846154 0.09375
0 0.8617788461538461 0.42908653846153844 0.01201923076923077 0.039663461538461536
0 0.8689903846153846 0.4230769230769231 0.014423076923076924 0.026442307692307692
0 0.8798076923076923 0.4579326923076923 0.013221153846153846 0.0985576923076923
0 0.8882211538461539 0.453125 0.018028846153846152 0.08653846153846154
0 0.8665865384615384 0.47836538461538464 0.030048076923076924 0.10817307692307693
0 0.90625 0.44711538461538464 0.026442307692307692 0.09735576923076923
0 0.9002403846153846 0.4735576923076923 0.03125 0.11538461538461539
0 0.9447115384615384 0.5168269230769231 0.042067307692307696 0.18028846153846154
0 0.9783653846153846 0.515625 0.04326923076923077 0.18028846153846154
0 0.9627403846153846 0.453125 0.018028846153846152 0.052884615384615384