0 0.6574519230769231 0.7115384615384616 0.08774038461538461 0.2848557692307692
0 0.5576923076923077 0.7055288461538461 0.07211538461538461 0.27524038461538464
0 0.4951923076923077 0.6814903846153846 0.06971153846153846 0.2776442307692308
0 0.33533653846153844 0.7055288461538461 0.08173076923076923 0.3088942307692308
0 0.22115384615384615 0.6947115384615384 0.08533653846153846 0.26322115384615385
0 0.29927884615384615 0.6935096153846154 0.06129807692307692 0.2692307692307692
0 0.03245192307692308 0.6274038461538461 0.06490384615384616 0.1622596153846154
0 0.013221153846153846 0.6298076923076923 0.025240384615384616 0.15865384615384615
0 0.06971153846153846 0.6105769230769231 0.040865384615384616 0.15384615384615385
0 0.109375 0.6286057692307693 0.046875 0.16826923076923078
0 0.09615384615384616 0.5757211538461539 0.018028846153846152 0.03365384615384615
0 0.09134615384615384 0.5637019230769231 0.015625 0.03485576923076923
0 0.08653846153846154 0.5528846153846154 0.01201923076923077 0.026442307692307692
0 0.13341346153846154 0.6286057692307693 0.03365384615384615 0.13341346153846154
0 0.13581730769230768 0.5685096153846154 0.02283653846153846 0.036057692307692304
0 0.18870192307692307 0.6286057692307693 0.03485576923076923 0.15985576923076922
0 0.20552884615384615 0.5745192307692307 0.021634615384615384 0.05048076923076923
0 0.24639423076923078 0.5829326923076923 0.020432692307692308 0.057692307692307696
0 0.26322115384615385 0.5697115384615384 0.015625 0.019230769230769232
0 0.38341346153846156 0.6225961538461539 0.027644230769230768 0.1141826923076923
0 0.37259615384615385 0.5817307692307693 0.015625 0.06850961538461539
0 0.40865384615384615 0.6105769230769231 0.016826923076923076 0.08533653846153846
0 0.4375 0.6057692307692307 0.015625 0.09134615384615384
0 0.4026442307692308 0.5805288461538461 0.01201923076923077 0.046875
0 0.4579326923076923 0.609375 0.03125 0.13822115384615385
0 0.4675480769230769 0.6274038461538461 0.026442307692307692 0.12740384615384615
0 0.46875 0.625 0.026442307692307692 0.11658653846153846
0 0.5216346153846154 0.6009615384615384 0.036057692307692304 0.0985576923076923
0 0.5829326923076923 0.5985576923076923 0.028846153846153848 0.07451923076923077
0 0.5985576923076923 0.6225961538461539 0.026442307692307692 0.12860576923076922
0 0.6153846153846154 0.6286057692307693 0.03485576923076923 0.125
0 0.6322115384615384 0.5913461538461539 0.018028846153846152 0.05889423076923077
0 0.71875 0.6129807692307693 0.03485576923076923 0.1141826923076923
0 0.6682692307692307 0.5817307692307693 0.025240384615384616 0.04567307692307692