0 0.042067307692307696 0.3641826923076923 0.042067307692307696 0.12379807692307693
0 0.09615384615384616 0.4026442307692308 0.06610576923076923 0.18509615384615385
0 0.1045673076923077 0.3449519230769231 0.03485576923076923 0.078125
0 0.06490384615384616 0.4519230769230769 0.11658653846153846 0.22115384615384615
0 0.16105769230769232 0.3449519230769231 0.03245192307692308 0.08774038461538461
0 0.18269230769230768 0.359375 0.0625 0.13221153846153846
0 0.23798076923076922 0.33653846153846156 0.03365384615384615 0.078125
0 0.25841346153846156 0.3233173076923077 0.030048076923076924 0.07451923076923077
0 0.3004807692307692 0.3076923076923077 0.025240384615384616 0.04927884615384615
0 0.2824519230769231 0.3641826923076923 0.03485576923076923 0.0829326923076923
0 0.30528846153846156 0.4411057692307692 0.07692307692307693 0.22355769230769232
0 0.32572115384615385 0.3545673076923077 0.025240384615384616 0.09495192307692307
0 0.3449519230769231 0.35697115384615385 0.04447115384615385 0.12379807692307693
0 0.38100961538461536 0.328125 0.027644230769230768 0.09735576923076923
0 0.4074519230769231 0.33774038461538464 0.030048076923076924 0.056490384615384616
0 0.44591346153846156 0.2932692307692308 0.036057692307692304 0.07451923076923077
0 0.45913461538461536 0.33052884615384615 0.037259615384615384 0.0673076923076923
0 0.4495192307692308 0.23197115384615385 0.040865384615384616 0.08052884615384616
0 0.5120192307692307 0.38100961538461536 0.06370192307692307 0.15865384615384615
0 0.5673076923076923 0.4543269230769231 0.08774038461538461 0.2439903846153846
0 0.6634615384615384 0.5396634615384616 0.14182692307692307 0.37259615384615385
0 0.640625 0.6490384615384616 0.1814903846153846 0.546875
0 0.4807692307692308 0.5973557692307693 0.18629807692307693 0.3137019230769231
0 0.25721153846153844 0.7043269230769231 0.23798076923076922 0.5901442307692307
0 0.14783653846153846 0.5288461538461539 0.14182692307692307 0.2764423076923077
0 0.24759615384615385 0.45072115384615385 0.06129807692307692 0.20673076923076922
0 0.5685096153846154 0.3173076923076923 0.038461538461538464 0.06009615384615385
0 0.5913461538461539 0.33774038461538464 0.03485576923076923 0.0889423076923077
0 0.6237980769230769 0.33052884615384615 0.039663461538461536 0.06850961538461539
0 0.6730769230769231 0.3137019230769231 0.040865384615384616 0.07692307692307693
0 0.640625 0.34375 0.052884615384615384 0.08173076923076923
0 0.6983173076923077 0.3605769230769231 0.039663461538461536 0.10817307692307693
0 0.7403846153846154 0.375 0.06490384615384616 0.13701923076923078
0 0.7740384615384616 0.35336538461538464 0.04567307692307692 0.109375
0 0.8028846153846154 0.39783653846153844 0.07692307692307693 0.18028846153846154
0 0.8665865384615384 0.328125 0.03365384615384615 0.08052884615384616
0 0.9627403846153846 0.41346153846153844 0.07091346153846154 0.203125
0 0.9819711538461539 0.3918269230769231 0.036057692307692304 0.15985576923076922
0 0.8882211538461539 0.5877403846153846 0.13221153846153846 0.44711538461538464