0 0.7776442307692307 0.7632211538461539 0.046875 0.15745192307692307
0 0.7355769230769231 0.7548076923076923 0.039663461538461536 0.1346153846153846
0 0.4182692307692308 0.6983173076923077 0.036057692307692304 0.3425480769230769
0 0.41586538461538464 0.6742788461538461 0.021634615384615384 0.3425480769230769
0 0.3076923076923077 0.7692307692307693 0.04807692307692308 0.42788461538461536
0 0.296875 0.6935096153846154 0.021634615384615384 0.2920673076923077
0 0.21875 0.6334134615384616 0.014423076923076924 0.17307692307692307
0 0.2283653846153846 0.5769230769230769 0.010817307692307692 0.06490384615384616
0 0.24759615384615385 0.6730769230769231 0.03485576923076923 0.16466346153846154
0 0.31850961538461536 0.8930288461538461 0.06971153846153846 0.21394230769230768
0 0.22956730769230768 0.8918269230769231 0.06009615384615385 0.21634615384615385
0 0.13701923076923078 0.6298076923076923 0.013221153846153846 0.14543269230769232
0 0.125 0.6262019230769231 0.01201923076923077 0.14783653846153846
0 0.1141826923076923 0.6225961538461539 0.014423076923076924 0.15504807692307693
0 0.09975961538461539 0.6394230769230769 0.015625 0.16947115384615385
0 0.08052884615384616 0.6117788461538461 0.010817307692307692 0.10697115384615384
0 0.08173076923076923 0.5576923076923077 0.004807692307692308 0.039663461538461536
0 0.06370192307692307 0.6346153846153846 0.015625 0.18028846153846154
0 0.004807692307692308 0.5709134615384616 0.006009615384615385 0.0625
0 0.04326923076923077 0.5552884615384616 0.02283653846153846 0.11538461538461539
0 0.027644230769230768 0.7355769230769231 0.055288461538461536 0.5288461538461539