0 0.11899038461538461 0.6526442307692307 0.23677884615384615 0.6947115384615384
0 0.3329326923076923 0.5408653846153846 0.2980769230769231 0.9182692307692307
0 0.8774038461538461 0.5444711538461539 0.24519230769230768 0.9110576923076923
0 0.6766826923076923 0.6165865384615384 0.16706730769230768 0.3425480769230769
0 0.6045673076923077 0.5396634615384616 0.21153846153846154 0.9026442307692307
0 0.6514423076923077 0.734375 0.22596153846153846 0.53125
0 0.49759615384615385 0.22716346153846154 0.09975961538461539 0.15985576923076922
0 0.3858173076923077 0.4050480769230769 0.10697115384615384 0.5612980769230769
0 0.16466346153846154 0.390625 0.1045673076923077 0.3016826923076923
0 0.23197115384615385 0.22716346153846154 0.08533653846153846 0.15264423076923078
0 0.08653846153846154 0.22596153846153846 0.12980769230769232 0.13942307692307693
0 0.03245192307692308 0.109375 0.06490384615384616 0.15504807692307693
0 0.2247596153846154 0.09975961538461539 0.10697115384615384 0.14783653846153846