0 0.5661057692307693 0.421875 0.038461538461538464 0.109375
0 0.8641826923076923 0.4879807692307692 0.040865384615384616 0.15745192307692307
0 0.2956730769230769 0.4879807692307692 0.04326923076923077 0.21514423076923078
0 0.3918269230769231 0.4879807692307692 0.040865384615384616 0.17668269230769232
0 0.19591346153846154 0.49278846153846156 0.025240384615384616 0.18870192307692307
0 0.6935096153846154 0.49759615384615385 0.06129807692307692 0.1935096153846154
0 0.055288461538461536 0.49759615384615385 0.0673076923076923 0.20673076923076922
0 0.16947115384615385 0.4987980769230769 0.04326923076923077 0.24519230769230768
0 0.9483173076923077 0.5084134615384616 0.04326923076923077 0.18389423076923078
0 0.5793269230769231 0.5240384615384616 0.05889423076923077 0.21754807692307693
0 0.9134615384615384 0.5300480769230769 0.0733173076923077 0.2776442307692308
0 0.5120192307692307 0.5300480769230769 0.06370192307692307 0.22596153846153846
0 0.4206730769230769 0.53125 0.04326923076923077 0.2247596153846154
0 0.24519230769230768 0.5324519230769231 0.09975961538461539 0.2860576923076923
0 0.4639423076923077 0.5384615384615384 0.0733173076923077 0.23317307692307693