0 0.1935096153846154 0.7019230769230769 0.21634615384615385 0.5576923076923077
0 0.3076923076923077 0.7115384615384616 0.23076923076923078 0.5769230769230769
0 0.4014423076923077 0.7415865384615384 0.10817307692307693 0.41947115384615385
0 0.4026442307692308 0.5276442307692307 0.06129807692307692 0.20192307692307693
0 0.5288461538461539 0.6947115384615384 0.21995192307692307 0.5096153846153846
0 0.47475961538461536 0.453125 0.17067307692307693 0.40625
0 0.5817307692307693 0.6105769230769231 0.15985576923076922 0.5745192307692307
0 0.6141826923076923 0.6153846153846154 0.15985576923076922 0.5817307692307693
0 0.7079326923076923 0.6394230769230769 0.24519230769230768 0.5889423076923077
0 0.7896634615384616 0.6382211538461539 0.2644230769230769 0.6514423076923077
0 0.4050480769230769 0.4026442307692308 0.09375 0.11778846153846154