0 0.07692307692307693 0.5360576923076923 0.15384615384615385 0.9278846153846154
0 0.6622596153846154 0.5420673076923077 0.04807692307692308 0.140625
0 0.3737980769230769 0.5456730769230769 0.038461538461538464 0.08653846153846154
0 0.9675480769230769 0.5540865384615384 0.020432692307692308 0.04807692307692308
0 0.30288461538461536 0.5913461538461539 0.046875 0.1622596153846154
0 0.22235576923076922 0.5973557692307693 0.06370192307692307 0.28125
0 0.9290865384615384 0.6045673076923077 0.11538461538461539 0.27524038461538464
0 0.4423076923076923 0.6766826923076923 0.0829326923076923 0.3449519230769231
0 0.5997596153846154 0.6911057692307693 0.05048076923076923 0.38461538461538464
0 0.13341346153846154 0.7091346153846154 0.1658653846153846 0.5588942307692307
0 0.734375 0.7211538461538461 0.078125 0.4387019230769231
0 0.640625 0.7379807692307693 0.1346153846153846 0.5048076923076923
0 0.5216346153846154 0.7403846153846154 0.11899038461538461 0.5072115384615384
0 0.3713942307692308 0.7403846153846154 0.09254807692307693 0.46153846153846156
0 0.8605769230769231 0.7415865384615384 0.23557692307692307 0.49399038461538464
0 0.265625 0.75 0.109375 0.44711538461538464