0 0.25240384615384615 0.6141826923076923 0.13581730769230768 0.5685096153846154
0 0.2692307692307692 0.5889423076923077 0.12860576923076922 0.5733173076923077
0 0.3485576923076923 0.5600961538461539 0.10697115384615384 0.6382211538461539
0 0.4266826923076923 0.6189903846153846 0.12259615384615384 0.5612980769230769
0 0.46033653846153844 0.5048076923076923 0.20432692307692307 0.8052884615384616
0 0.5228365384615384 0.31850961538461536 0.11778846153846154 0.31490384615384615
0 0.6610576923076923 0.36899038461538464 0.12860576923076922 0.45552884615384615
0 0.7776442307692307 0.5192307692307693 0.2608173076923077 0.8858173076923077
0 0.8149038461538461 0.5564903846153846 0.04326923076923077 0.1935096153846154
0 0.8305288461538461 0.4411057692307692 0.08774038461538461 0.6706730769230769
0 0.9627403846153846 0.4891826923076923 0.07451923076923077 0.59375