0 0.027644230769230768 0.7211538461538461 0.04807692307692308 0.078125
0 0.09975961538461539 0.796875 0.08052884615384616 0.19951923076923078
0 0.15865384615384615 0.7896634615384616 0.08173076923076923 0.19471153846153846
0 0.09254807692307693 0.6862980769230769 0.03365384615384615 0.05889423076923077
0 0.1310096153846154 0.7019230769230769 0.03365384615384615 0.0733173076923077
0 0.07932692307692307 0.7427884615384616 0.03485576923076923 0.08173076923076923
0 0.1141826923076923 0.75 0.055288461538461536 0.09975961538461539
0 0.30649038461538464 0.7920673076923077 0.0829326923076923 0.375
0 0.39903846153846156 0.78125 0.0733173076923077 0.31850961538461536
0 0.9158653846153846 0.6959134615384616 0.019230769230769232 0.07211538461538461
0 0.06971153846153846 0.7283653846153846 0.010817307692307692 0.020432692307692308