0 0.010817307692307692 0.5588942307692307 0.020432692307692308 0.0625
0 0.06490384615384616 0.5516826923076923 0.030048076923076924 0.05889423076923077
0 0.10576923076923077 0.5540865384615384 0.016826923076923076 0.04807692307692308
0 0.12620192307692307 0.5661057692307693 0.026442307692307692 0.078125
0 0.1622596153846154 0.5685096153846154 0.038461538461538464 0.07451923076923077
0 0.14423076923076922 0.5709134615384616 0.018028846153846152 0.04807692307692308
0 0.14423076923076922 0.5384615384615384 0.01201923076923077 0.016826923076923076
0 0.18870192307692307 0.5408653846153846 0.014423076923076924 0.020432692307692308
0 0.21394230769230768 0.5360576923076923 0.013221153846153846 0.014423076923076924
0 0.20072115384615385 0.5673076923076923 0.037259615384615384 0.07572115384615384
0 0.2283653846153846 0.5637019230769231 0.037259615384615384 0.07451923076923077
0 0.21995192307692307 0.5444711538461539 0.01201923076923077 0.027644230769230768
0 0.24879807692307693 0.5492788461538461 0.020432692307692308 0.037259615384615384
0 0.2403846153846154 0.5348557692307693 0.010817307692307692 0.010817307692307692
0 0.3269230769230769 0.5396634615384616 0.019230769230769232 0.027644230769230768
0 0.3713942307692308 0.546875 0.016826923076923076 0.04567307692307692
0 0.37740384615384615 0.5456730769230769 0.028846153846153848 0.03245192307692308
0 0.2920673076923077 0.5985576923076923 0.11057692307692307 0.0985576923076923
0 0.26322115384615385 0.5985576923076923 0.125 0.08774038461538461
0 0.5252403846153846 0.6911057692307693 0.5096153846153846 0.6177884615384616
0 0.7487980769230769 0.5564903846153846 0.025240384615384616 0.057692307692307696
0 0.9411057692307693 0.5540865384615384 0.039663461538461536 0.04927884615384615
0 0.9543269230769231 0.5552884615384616 0.020432692307692308 0.040865384615384616
0 0.9807692307692307 0.5552884615384616 0.030048076923076924 0.04807692307692308
0 0.9927884615384616 0.5564903846153846 0.014423076923076924 0.04807692307692308
0 0.9747596153846154 0.48197115384615385 0.026442307692307692 0.042067307692307696
0 0.9399038461538461 0.4807692307692308 0.019230769230769232 0.038461538461538464
0 0.9483173076923077 0.44350961538461536 0.013221153846153846 0.02403846153846154
0 0.9038461538461539 0.45072115384615385 0.016826923076923076 0.03245192307692308
0 0.8533653846153846 0.4387019230769231 0.014423076923076924 0.02283653846153846
0 0.84375 0.4387019230769231 0.013221153846153846 0.02403846153846154
0 0.8209134615384616 0.4362980769230769 0.014423076923076924 0.028846153846153848
0 0.796875 0.43990384615384615 0.014423076923076924 0.026442307692307692
0 0.7259615384615384 0.4519230769230769 0.014423076923076924 0.021634615384615384
0 0.6598557692307693 0.45072115384615385 0.015625 0.01201923076923077