0 0.5946475195822454 0.19569471624266144 0.04308093994778068 0.12133072407045009
0 0.28655352480417756 0.20058708414872797 0.024804177545691905 0.07240704500978473
0 0.956266318537859 0.2025440313111546 0.04569190600522193 0.16634050880626222
0 0.3113577023498694 0.20743639921722112 0.024804177545691905 0.10176125244618395
0 0.20300261096605743 0.20939334637964774 0.0195822454308094 0.07436399217221135
0 0.7898172323759791 0.21135029354207435 0.02610966057441253 0.0547945205479452
0 0.43929503916449086 0.21232876712328766 0.022193211488250653 0.060665362035225046
0 0.2003916449086162 0.21330724070450097 0.04046997389033943 0.19569471624266144
0 0.9308093994778068 0.21526418786692758 0.0391644908616188 0.15655577299412915
0 0.9699738903394256 0.21526418786692758 0.044386422976501305 0.1487279843444227
0 0.7101827676240209 0.2162426614481409 0.044386422976501305 0.08806262230919765
0 0.04046997389033943 0.2172211350293542 0.044386422976501305 0.2035225048923679
0 0.7493472584856397 0.22113502935420742 0.028720626631853787 0.07436399217221135
0 0.07441253263707572 0.22407045009784735 0.044386422976501305 0.17025440313111545
0 0.7774151436031331 0.22896281800391388 0.04308093994778068 0.06262230919765166
0 0.6684073107049608 0.23776908023483365 0.0391644908616188 0.11937377690802348
0 0.1122715404699739 0.24070450097847357 0.0391644908616188 0.1761252446183953
0 0.8949086161879896 0.24266144814090018 0.04569190600522193 0.1917808219178082
0 0.1468668407310705 0.2436399217221135 0.04046997389033943 0.18590998043052837
0 0.4856396866840731 0.2465753424657534 0.033942558746736295 0.10567514677103718
0 0.5143603133159269 0.25048923679060664 0.03655352480417755 0.07045009784735812
0 0.9660574412532638 0.25244618395303325 0.04177545691906005 0.1761252446183953
0 0.7506527415143603 0.2573385518590998 0.02610966057441253 0.15459882583170254
0 0.412532637075718 0.25929549902152643 0.04177545691906005 0.2054794520547945
0 0.5724543080939948 0.25929549902152643 0.024804177545691905 0.0684931506849315
0 0.2519582245430809 0.2602739726027397 0.031331592689295036 0.18395303326810175
0 0.1181462140992167 0.2622309197651663 0.05613577023498695 0.20743639921722112
0 0.17428198433420367 0.26418786692759294 0.04308093994778068 0.18003913894324852
0 0.46866840731070497 0.26614481409001955 0.0391644908616188 0.10176125244618395
0 0.8113577023498695 0.2671232876712329 0.024804177545691905 0.18590998043052837
0 0.04046997389033943 0.26810176125244617 0.0731070496083551 0.18786692759295498
0 0.21801566579634465 0.2710371819960861 0.05221932114882506 0.19765166340508805
0 0.3426892950391645 0.27495107632093935 0.05352480417754569 0.2172211350293542
0 0.8883812010443864 0.27690802348336596 0.048302872062663184 0.19373776908023482
0 0.8198433420365535 0.27788649706457924 0.028720626631853787 0.16829745596868884
0 0.8446475195822454 0.2808219178082192 0.04960835509138381 0.19373776908023482
0 0.2669712793733681 0.2827788649706458 0.03524804177545692 0.18199608610567514
0 0.7349869451697127 0.2876712328767123 0.033942558746736295 0.1917808219178082
0 0.43537859007832896 0.29060665362035226 0.037859007832898174 0.18199608610567514
0 0.7754569190600522 0.30039138943248533 0.044386422976501305 0.1780821917808219
0 0.3002610966057441 0.30528375733855184 0.057441253263707574 0.2191780821917808
0 0.6285900783289817 0.31604696673189825 0.04569190600522193 0.20939334637964774
0 0.7284595300261096 0.31898238747553814 0.044386422976501305 0.20743639921722112
0 0.5156657963446475 0.34148727984344424 0.05483028720626632 0.20939334637964774
0 0.36945169712793735 0.3493150684931507 0.04960835509138381 0.20939334637964774
0 0.4751958224543081 0.35909980430528377 0.08616187989556136 0.20939334637964774
0 0.5881201044386423 0.3649706457925636 0.048302872062663184 0.24070450097847357
0 0.7016971279373369 0.3835616438356164 0.0639686684073107 0.2583170254403131
0 0.6174934725848564 0.388454011741683 0.07049608355091384 0.2328767123287671
0 0.7904699738903395 0.3904109589041096 0.05352480417754569 0.22113502935420742
0 0.1031331592689295 0.4021526418786693 0.044386422976501305 0.11154598825831702
0 0.10052219321148825 0.5225048923679061 0.08093994778067885 0.2583170254403131
0 0.1377284595300261 0.5391389432485323 0.11357702349869452 0.2837573385518591
0 0.6194516971279374 0.5518590998043053 0.097911227154047 0.19569471624266144
0 0.7767624020887729 0.5538160469667319 0.18276762402088773 0.31702544031311153
0 0.5221932114882507 0.6095890410958904 0.0783289817232376 0.3111545988258317
0 0.6148825065274152 0.6223091976516634 0.0783289817232376 0.12524461839530332
0 0.4223237597911227 0.649706457925636 0.10052219321148825 0.34442270058708413
0 0.5039164490861618 0.06653620352250489 0.02610966057441253 0.09393346379647749
0 0.6129242819843342 0.7201565557729941 0.11096605744125326 0.18786692759295498
0 0.48825065274151436 0.7504892367906066 0.08093994778067885 0.2563600782778865
0 0.0195822454308094 0.7818003913894325 0.0391644908616188 0.11154598825831702
0 0.49869451697127937 0.8473581213307241 0.09921671018276762 0.3013698630136986
0 0.6331592689295039 0.8571428571428571 0.09921671018276762 0.28180039138943247
0 0.7734986945169713 0.8659491193737769 0.12663185378590078 0.26418786692759294
0 0.044386422976501305 0.8806262230919765 0.08877284595300261 0.23483365949119372
0 0.9556135770234987 0.9227005870841487 0.08616187989556136 0.1506849315068493
0 0.06788511749347259 0.11056751467710371 0.02349869451697128 0.07240704500978473
0 0.13120104438642297 0.11154598825831702 0.04046997389033943 0.14481409001956946
0 0.0391644908616188 0.11350293542074363 0.033942558746736295 0.07045009784735812
0 0.26240208877284593 0.11741682974559686 0.031331592689295036 0.11741682974559686
0 0.21409921671018275 0.12133072407045009 0.02610966057441253 0.05870841487279843
0 0.0195822454308094 0.12622309197651663 0.02610966057441253 0.05675146771037182
0 0.239556135770235 0.12622309197651663 0.03524804177545692 0.09197651663405088
0 0.48433420365535246 0.12818003913894324 0.033942558746736295 0.06457925636007827
0 0.8015665796344648 0.12915851272015655 0.03655352480417755 0.07045009784735812
0 0.43929503916449086 0.13013698630136986 0.016971279373368148 0.033268101761252444
0 0.9184073107049608 0.13209393346379647 0.014360313315926894 0.03718199608610567
0 0.2800261096605744 0.136986301369863 0.03524804177545692 0.07045009784735812
0 0.7480417754569191 0.13894324853228962 0.04177545691906005 0.08610567514677103
0 0.42689295039164493 0.14187866927592954 0.018276762402088774 0.0410958904109589
0 0.5835509138381201 0.14481409001956946 0.04699738903394256 0.14090019569471623
0 0.2819843342036554 0.15264187866927592 0.02349869451697128 0.050880626223091974
0 0.8524804177545692 0.15264187866927592 0.03655352480417755 0.09393346379647749
0 0.16906005221932116 0.15362035225048923 0.03524804177545692 0.09197651663405088
0 0.5163185378590078 0.15949119373776907 0.037859007832898174 0.14677103718199608
0 0.2506527415143603 0.1643835616438356 0.028720626631853787 0.050880626223091974
0 0.7878590078328982 0.16731898238747553 0.02741514360313316 0.05675146771037182
0 0.3668407310704961 0.16829745596868884 0.0391644908616188 0.09001956947162426
0 0.29765013054830286 0.16927592954990214 0.031331592689295036 0.0684931506849315
0 0.8335509138381201 0.17123287671232876 0.024804177545691905 0.04892367906066536
0 0.35443864229765015 0.17221135029354206 0.014360313315926894 0.0547945205479452
0 0.22715404699738903 0.17416829745596868 0.02610966057441253 0.07827788649706457
0 0.49281984334203655 0.1780821917808219 0.04308093994778068 0.14481409001956946
0 0.8022193211488251 0.18003913894324852 0.04308093994778068 0.07827788649706457
0 0.4386422976501306 0.18493150684931506 0.033942558746736295 0.09197651663405088
0 0.9823759791122716 0.18493150684931506 0.03263707571801567 0.17025440313111545
0 0.09203655352480418 0.1888454011741683 0.037859007832898174 0.1780821917808219
0 0.47715404699738906 0.1908023483365949 0.030026109660574413 0.060665362035225046
0 0.45430809399477806 0.1917808219178082 0.031331592689295036 0.08610567514677103
0 0.7728459530026109 0.1917808219178082 0.018276762402088774 0.03131115459882583
0 0.01174934725848564 0.19373776908023482 0.02349869451697128 0.1643835616438356