0 0.25600961538461536 0.5348557692307693 0.07091346153846154 0.2848557692307692
0 0.36778846153846156 0.5865384615384616 0.03485576923076923 0.08413461538461539
0 0.5060096153846154 0.5444711538461539 0.03365384615384615 0.16346153846153846
0 0.4423076923076923 0.6141826923076923 0.18389423076923078 0.4338942307692308
0 0.5769230769230769 0.6153846153846154 0.25841346153846156 0.4567307692307692
0 0.7475961538461539 0.5420673076923077 0.038461538461538464 0.17668269230769232
0 0.7896634615384616 0.5408653846153846 0.04447115384615385 0.20432692307692307
0 0.8317307692307693 0.5685096153846154 0.04326923076923077 0.11899038461538461
0 0.8725961538461539 0.5504807692307693 0.0625 0.20673076923076922
0 0.9507211538461539 0.546875 0.0985576923076923 0.359375
0 0.9747596153846154 0.5504807692307693 0.05048076923076923 0.7824519230769231
0 0.1814903846153846 0.06610576923076923 0.04927884615384615 0.11538461538461539
0 0.31850961538461536 0.08533653846153846 0.014423076923076924 0.056490384615384616
0 0.3389423076923077 0.078125 0.03365384615384615 0.10697115384615384
0 0.38341346153846156 0.11298076923076923 0.030048076923076924 0.037259615384615384
0 0.41586538461538464 0.09254807692307693 0.03245192307692308 0.08653846153846154
0 0.8954326923076923 0.5276442307692307 0.0625 0.30288461538461536
0 0.44471153846153844 0.06850961538461539 0.046875 0.13341346153846154
0 0.5120192307692307 0.06971153846153846 0.036057692307692304 0.13942307692307693
0 0.5348557692307693 0.06850961538461539 0.037259615384615384 0.13701923076923078
0 0.5721153846153846 0.06850961538461539 0.03485576923076923 0.13701923076923078