0 0.29447115384615385 0.9651442307692307 0.07932692307692307 0.06971153846153846
0 0.29927884615384615 0.9230769230769231 0.06129807692307692 0.09615384615384616
0 0.43509615384615385 0.9591346153846154 0.08653846153846154 0.08173076923076923
0 0.2932692307692308 0.8485576923076923 0.0889423076923077 0.14903846153846154
0 0.3713942307692308 0.8677884615384616 0.07932692307692307 0.20192307692307693
0 0.46274038461538464 0.8473557692307693 0.07692307692307693 0.18870192307692307
0 0.5564903846153846 0.8329326923076923 0.06971153846153846 0.17427884615384615
0 0.625 0.8209134615384616 0.07451923076923077 0.16826923076923078
0 0.2848557692307692 0.7668269230769231 0.0829326923076923 0.08533653846153846
0 0.203125 0.7632211538461539 0.09254807692307693 0.15504807692307693
0 0.28365384615384615 0.7163461538461539 0.039663461538461536 0.08774038461538461
0 0.35336538461538464 0.7644230769230769 0.0733173076923077 0.16706730769230768
0 0.421875 0.7331730769230769 0.07572115384615384 0.14543269230769232
0 0.3641826923076923 0.6838942307692307 0.042067307692307696 0.07692307692307693
0 0.39783653846153844 0.7175480769230769 0.039663461538461536 0.15745192307692307
0 0.45913461538461536 0.71875 0.057692307692307696 0.14903846153846154
0 0.53125 0.7163461538461539 0.06009615384615385 0.140625
0 0.4579326923076923 0.6382211538461539 0.056490384615384616 0.07572115384615384
0 0.49278846153846156 0.6454326923076923 0.030048076923076924 0.08653846153846154
0 0.5216346153846154 0.6322115384615384 0.051682692307692304 0.0889423076923077
0 0.5697115384615384 0.6586538461538461 0.038461538461538464 0.08533653846153846
0 0.4831730769230769 0.6117788461538461 0.030048076923076924 0.09375
0 0.5540865384615384 0.5528846153846154 0.036057692307692304 0.05889423076923077
0 0.5805288461538461 0.546875 0.03245192307692308 0.05889423076923077
0 0.5985576923076923 0.5649038461538461 0.03485576923076923 0.078125
0 0.5372596153846154 0.4831730769230769 0.021634615384615384 0.04447115384615385
0 0.6165865384615384 0.578125 0.026442307692307692 0.039663461538461536
0 0.6286057692307693 0.6670673076923077 0.026442307692307692 0.07932692307692307