0 0.43028846153846156 0.5060096153846154 0.20192307692307693 0.9879807692307693
0 0.6418269230769231 0.5024038461538461 0.2548076923076923 0.9915865384615384
0 0.7956730769230769 0.7548076923076923 0.06129807692307692 0.21514423076923078
0 0.171875 0.7079326923076923 0.055288461538461536 0.24759615384615385
0 0.25240384615384615 0.7043269230769231 0.05048076923076923 0.21514423076923078
0 0.018028846153846152 0.7055288461538461 0.036057692307692304 0.23197115384615385
0 0.9699519230769231 0.8161057692307693 0.04927884615384615 0.11658653846153846
0 0.9002403846153846 0.6778846153846154 0.026442307692307692 0.08413461538461539
0 0.7584134615384616 0.7091346153846154 0.028846153846153848 0.13221153846153846
0 0.7752403846153846 0.6826923076923077 0.020432692307692308 0.07211538461538461
0 0.5216346153846154 0.7331730769230769 0.030048076923076924 0.24519230769230768
0 0.36658653846153844 0.6899038461538461 0.025240384615384616 0.13942307692307693
0 0.21394230769230768 0.7235576923076923 0.037259615384615384 0.21634615384615385
0 0.14423076923076922 0.7127403846153846 0.039663461538461536 0.22235576923076922
0 0.12620192307692307 0.703125 0.030048076923076924 0.1622596153846154
0 0.1875 0.7043269230769231 0.03245192307692308 0.17427884615384615