0 0.7908653846153846 0.6574519230769231 0.01201923076923077 0.046875
0 0.8064903846153846 0.6598557692307693 0.016826923076923076 0.051682692307692304
0 0.9338942307692307 0.7235576923076923 0.06129807692307692 0.12139423076923077
0 0.6706730769230769 0.7259615384615384 0.03485576923076923 0.09735576923076923
0 0.5192307692307693 0.7572115384615384 0.015625 0.078125
0 0.546875 0.7632211538461539 0.01201923076923077 0.0889423076923077
0 0.5360576923076923 0.7668269230769231 0.01201923076923077 0.08413461538461539
0 0.18629807692307693 0.7944711538461539 0.010817307692307692 0.021634615384615384
0 0.17908653846153846 0.8004807692307693 0.027644230769230768 0.07211538461538461
0 0.1466346153846154 0.8028846153846154 0.009615384615384616 0.02403846153846154
0 0.22235576923076922 0.8064903846153846 0.02403846153846154 0.08774038461538461
0 0.18028846153846154 0.8257211538461539 0.007211538461538462 0.027644230769230768
0 0.7800480769230769 0.8341346153846154 0.015625 0.11778846153846154
0 0.7932692307692307 0.8449519230769231 0.020432692307692308 0.0985576923076923
0 0.3125 0.8605769230769231 0.030048076923076924 0.10096153846153846