0 0.507421875 0.780250347705146 0.01484375 0.07232267037552156
0 0.520703125 0.7878998609179416 0.01640625 0.048678720445062586
0 0.28359375 0.7934631432545202 0.0125 0.037552155771905425
0 0.336328125 0.7955493741307371 0.02421875 0.04172461752433936
0 0.4265625 0.7969401947148818 0.01875 0.03337969401947149
0 0.46015625 0.7990264255910987 0.0125 0.02642559109874826
0 0.412890625 0.8004172461752433 0.01484375 0.031988873435326845
0 0.547265625 0.8011126564673157 0.01796875 0.0584144645340751
0 0.271875 0.8031988873435327 0.015625 0.0458970792767733
0 0.90234375 0.803894297635605 0.0203125 0.03616133518776078
0 0.171484375 0.8052851182197497 0.01640625 0.03616133518776078
0 0.499609375 0.805980528511822 0.01640625 0.0737134909596662
0 0.48515625 0.8087621696801113 0.0125 0.0737134909596662
0 0.616015625 0.8108484005563282 0.02109375 0.05285118219749652
0 0.497265625 0.8115438108484005 0.01796875 0.09318497913769123
0 0.105078125 0.8150208623087621 0.02109375 0.04450625869262865
0 0.2 0.8157162726008345 0.015625 0.043115438108484005
0 0.3828125 0.8157162726008345 0.0265625 0.05702364394993046
0 0.077734375 0.8157162726008345 0.02109375 0.048678720445062586
0 0.08984375 0.8171070931849791 0.0125 0.03477051460361613
0 0.336328125 0.8171070931849791 0.02734375 0.059805285118219746
0 0.47578125 0.8178025034770514 0.0171875 0.09457579972183588
0 0.6703125 0.8184979137691237 0.0296875 0.054242002781641166
0 0.05 0.8198887343532685 0.021875 0.04033379694019471
0 0.159375 0.8212795549374131 0.0296875 0.06815020862308763
0 0.306640625 0.8219749652294854 0.02578125 0.04728789986091794
0 0.18203125 0.8240611961057024 0.021875 0.04033379694019471
0 0.45546875 0.8240611961057024 0.0265625 0.07093184979137691
0 0.4796875 0.8247566063977747 0.0140625 0.0584144645340751
0 0.58125 0.8282336578581363 0.0203125 0.037552155771905425
0 0.86640625 0.8317107093184979 0.0328125 0.055632823365785816
0 0.91875 0.8317107093184979 0.021875 0.04728789986091794
0 0.253125 0.8331015299026425 0.01875 0.06675938803894298
0 0.4078125 0.8344923504867872 0.021875 0.04728789986091794
0 0.209375 0.8358831710709318 0.028125 0.07510431154381085
0 0.096875 0.8379694019471489 0.0171875 0.03477051460361613
0 0.083984375 0.8400556328233658 0.02265625 0.04728789986091794
0 0.167578125 0.8421418636995828 0.01484375 0.04033379694019471
0 0.29921875 0.8421418636995828 0.0171875 0.0458970792767733
0 0.123828125 0.8442280945757997 0.02109375 0.055632823365785816
0 0.048046875 0.844923504867872 0.01796875 0.054242002781641166
0 0.697265625 0.8463143254520167 0.02734375 0.06815020862308763
0 0.637109375 0.847009735744089 0.02734375 0.055632823365785816
0 0.36328125 0.8477051460361613 0.0234375 0.05702364394993046
0 0.559375 0.8477051460361613 0.0265625 0.09596662030598054
0 0.241796875 0.8504867872044506 0.02109375 0.05146036161335188
0 0.01640625 0.8525730180806675 0.0203125 0.07510431154381085
0 0.623046875 0.8525730180806675 0.02890625 0.05285118219749652
0 0.787890625 0.8539638386648123 0.03046875 0.09735744089012517
0 0.11875 0.8546592489568846 0.0265625 0.1043115438108484
0 0.00859375 0.8560500695410292 0.015625 0.059805285118219746
0 0.08671875 0.8630041724617524 0.015625 0.02920723226703755
0 0.136328125 0.8636995827538247 0.03046875 0.08066759388038942
0 0.1921875 0.8643949930458971 0.01875 0.054242002781641166
0 0.227734375 0.8713490959666204 0.03671875 0.08205841446453407
0 0.56640625 0.872739916550765 0.028125 0.07093184979137691
0 0.723046875 0.8734353268428373 0.03671875 0.09457579972183588
0 0.25546875 0.8741307371349096 0.0296875 0.0737134909596662
0 0.446484375 0.8741307371349096 0.02578125 0.1376912378303199
0 0.98125 0.8796940194714882 0.025 0.06258692628650904
0 0.10546875 0.8796940194714882 0.0234375 0.07093184979137691
0 0.164453125 0.8824756606397774 0.01640625 0.04033379694019471
0 0.069140625 0.885952712100139 0.03046875 0.09735744089012517
0 0.6 0.8873435326842837 0.0625 0.10292072322670376
0 0.675 0.8880389429763561 0.0265625 0.06536856745479833
0 0.208203125 0.8908205841446454 0.01953125 0.043115438108484005
0 0.6578125 0.8929068150208623 0.0390625 0.10292072322670376
0 0.356640625 0.8956884561891516 0.03515625 0.10013908205841446
0 0.276953125 0.8970792767732962 0.06484375 0.09735744089012517
0 0.1453125 0.8977746870653686 0.0359375 0.09596662030598054
0 0.77890625 0.8977746870653686 0.0390625 0.07093184979137691
0 0.634375 0.9005563282336578 0.021875 0.059805285118219746
0 0.42734375 0.9026425591098748 0.053125 0.18915159944367177
0 0.505078125 0.9082058414464534 0.06484375 0.1808066759388039
0 0.184765625 0.9095966620305981 0.04921875 0.13908205841446453
0 0.8328125 0.911682892906815 0.0390625 0.08205841446453407
0 0.311328125 0.9144645340751043 0.04765625 0.16828929068150209
0 0.9578125 0.9158553546592489 0.0609375 0.1376912378303199
0 0.014453125 0.9179415855354659 0.02734375 0.08623087621696801
0 0.746875 0.9200278164116829 0.0578125 0.11265646731571627
0 0.03515625 0.9207232267037552 0.0515625 0.15577190542420027
0 0.384765625 0.9207232267037552 0.04296875 0.15577190542420027
0 0.275 0.9221140472878998 0.046875 0.10292072322670376
0 0.2234375 0.9297635605006954 0.0765625 0.1376912378303199
0 0.087109375 0.933240611961057 0.05234375 0.13073713490959665
0 0.906640625 0.9367176634214186 0.04765625 0.12378303198887343
0 0.61484375 0.9429763560500696 0.065625 0.11126564673157163
0 0.874609375 0.9464534075104312 0.04609375 0.1043115438108484
0 0.12109375 0.9464534075104312 0.05 0.1043115438108484
0 0.155859375 0.9478442280945758 0.07421875 0.10152990264255911
0 0.22890625 0.9492350486787204 0.05625 0.09874826147426982
0 0.359375 0.9499304589707928 0.0609375 0.09735744089012517
0 0.27734375 0.9520166898470097 0.065625 0.09318497913769123
0 0.689453125 0.9575799721835884 0.05390625 0.08205841446453407
0 0.78515625 0.9582753824756607 0.05 0.08066759388038942
0 0.73984375 0.9582753824756607 0.0421875 0.08066759388038942