0 0.06850961538461539 0.6802884615384616 0.09975961538461539 0.17067307692307693
0 0.1310096153846154 0.6334134615384616 0.09014423076923077 0.24158653846153846
0 0.23317307692307693 0.5444711538461539 0.14903846153846154 0.40865384615384615
0 0.36658653846153844 0.5192307692307693 0.18629807692307693 0.4411057692307692
0 0.30649038461538464 0.5793269230769231 0.07091346153846154 0.32211538461538464
0 0.48677884615384615 0.4735576923076923 0.1045673076923077 0.3173076923076923
0 0.4266826923076923 0.5877403846153846 0.05889423076923077 0.20793269230769232
0 0.5372596153846154 0.5456730769230769 0.057692307692307696 0.2920673076923077
0 0.5757211538461539 0.5588942307692307 0.07572115384615384 0.21153846153846154
0 0.6706730769230769 0.546875 0.24158653846153846 0.38461538461538464
0 0.7211538461538461 0.49759615384615385 0.07451923076923077 0.38461538461538464
0 0.7704326923076923 0.6814903846153846 0.10697115384615384 0.3629807692307692
0 0.8557692307692307 0.5012019230769231 0.14182692307692307 0.5180288461538461
0 0.8100961538461539 0.8930288461538461 0.09495192307692307 0.21394230769230768
0 0.39903846153846156 0.796875 0.125 0.19831730769230768
0 0.2692307692307692 0.8341346153846154 0.15745192307692307 0.1935096153846154