0 0.01633333333333333 0.48653061224489796 0.028666666666666667 0.08489795918367347
0 0.034333333333333334 0.4869387755102041 0.023333333333333334 0.07755102040816327
0 0.049 0.4869387755102041 0.03266666666666666 0.08897959183673469
0 0.09533333333333334 0.5302040816326531 0.04933333333333333 0.15755102040816327
0 0.14533333333333334 0.5269387755102041 0.042666666666666665 0.1657142857142857
0 0.19433333333333333 0.5771428571428572 0.09666666666666666 0.2742857142857143
0 0.223 0.5073469387755102 0.04066666666666666 0.1657142857142857
0 0.314 0.5379591836734694 0.028 0.08979591836734693
0 0.33466666666666667 0.5457142857142857 0.036 0.08244897959183674
0 0.313 0.5085714285714286 0.03933333333333333 0.11591836734693878
0 0.3303333333333333 0.48 0.024666666666666667 0.08163265306122448
0 0.352 0.5012244897959184 0.029333333333333333 0.11918367346938775
0 0.37333333333333335 0.5081632653061224 0.05466666666666667 0.1510204081632653
0 0.428 0.44326530612244897 0.008 0.0163265306122449
0 0.436 0.4493877551020408 0.008 0.03346938775510204
0 0.45 0.4514285714285714 0.008 0.026122448979591838
0 0.4563333333333333 0.45346938775510204 0.007333333333333333 0.030204081632653063
0 0.462 0.45346938775510204 0.009333333333333334 0.030204081632653063
0 0.469 0.45346938775510204 0.008666666666666666 0.03183673469387755
0 0.4796666666666667 0.4477551020408163 0.019333333333333334 0.025306122448979593
0 0.49066666666666664 0.4559183673469388 0.012 0.04
0 0.5016666666666667 0.4546938775510204 0.012666666666666666 0.044081632653061226
0 0.5363333333333333 0.4669387755102041 0.018 0.027755102040816326
0 0.5506666666666666 0.46040816326530615 0.016 0.05714285714285714
0 0.566 0.45918367346938777 0.018666666666666668 0.061224489795918366
0 0.5743333333333334 0.4412244897959184 0.01 0.026938775510204082
0 0.5813333333333334 0.44285714285714284 0.013333333333333334 0.02040816326530612
0 0.5853333333333334 0.4648979591836735 0.016 0.06612244897959184
0 0.5743333333333334 0.5008163265306123 0.018 0.09877551020408164
0 0.6023333333333334 0.46816326530612246 0.018 0.05795918367346939
0 0.617 0.4648979591836735 0.014 0.06285714285714286
0 0.63 0.45755102040816326 0.016 0.061224489795918366
0 0.7123333333333334 0.5024489795918368 0.058 0.15918367346938775
0 0.7386666666666667 0.4742857142857143 0.02666666666666667 0.03428571428571429
0 0.774 0.4987755102040816 0.036 0.1126530612244898
0 0.7853333333333333 0.5265306122448979 0.034666666666666665 0.08816326530612245
0 0.903 0.45755102040816326 0.03 0.08408163265306122
0 0.8683333333333333 0.5395918367346939 0.07133333333333333 0.2546938775510204