0 0.016826923076923076 0.09134615384615384 0.026442307692307692 0.10216346153846154
0 0.03365384615384615 0.09495192307692307 0.028846153846153848 0.10817307692307693
0 0.06129807692307692 0.10697115384615384 0.04326923076923077 0.109375
0 0.07451923076923077 0.19471153846153846 0.04807692307692308 0.14302884615384615
0 0.13701923076923078 0.0829326923076923 0.026442307692307692 0.109375
0 0.15504807692307693 0.025240384615384616 0.014423076923076924 0.030048076923076924
0 0.17067307692307693 0.03365384615384615 0.026442307692307692 0.06129807692307692
0 0.15745192307692307 0.07692307692307693 0.020432692307692308 0.09375
0 0.17307692307692307 0.10216346153846154 0.03245192307692308 0.1201923076923077
0 0.14903846153846154 0.12980769230769232 0.03125 0.11177884615384616
0 0.27403846153846156 0.078125 0.020432692307692308 0.1045673076923077
0 0.296875 0.06490384615384616 0.026442307692307692 0.1045673076923077
0 0.30649038461538464 0.1045673076923077 0.04567307692307692 0.11899038461538461
0 0.37259615384615385 0.055288461538461536 0.027644230769230768 0.11057692307692307
0 0.39663461538461536 0.04326923076923077 0.020432692307692308 0.08653846153846154
0 0.4182692307692308 0.08173076923076923 0.03125 0.10576923076923077
0 0.453125 0.056490384615384616 0.02283653846153846 0.09375
0 0.6045673076923077 0.15745192307692307 0.03125 0.11298076923076923
0 0.6802884615384616 0.15625 0.03485576923076923 0.11177884615384616
0 0.7175480769230769 0.11057692307692307 0.03485576923076923 0.09254807692307693
0 0.7980769230769231 0.05048076923076923 0.02403846153846154 0.0985576923076923
0 0.7355769230769231 0.04927884615384615 0.030048076923076924 0.0985576923076923
0 0.7944711538461539 0.052884615384615384 0.020432692307692308 0.09254807692307693
0 0.9278846153846154 0.04326923076923077 0.02403846153846154 0.08653846153846154
0 0.9338942307692307 0.12259615384615384 0.03125 0.109375
0 0.9663461538461539 0.3473557692307692 0.06490384615384616 0.15264423076923078
0 0.8641826923076923 0.3798076923076923 0.056490384615384616 0.15865384615384615
0 0.8485576923076923 0.3605769230769231 0.04807692307692308 0.16706730769230768
0 0.7920673076923077 0.4579326923076923 0.04807692307692308 0.16826923076923078
0 0.7355769230769231 0.3737980769230769 0.03365384615384615 0.16105769230769232
0 0.7331730769230769 0.3076923076923077 0.014423076923076924 0.027644230769230768
0 0.7235576923076923 0.4326923076923077 0.06490384615384616 0.18389423076923078
0 0.6887019230769231 0.40625 0.037259615384615384 0.18389423076923078
0 0.6730769230769231 0.41225961538461536 0.026442307692307692 0.1466346153846154
0 0.7019230769230769 0.328125 0.028846153846153848 0.15504807692307693
0 0.7259615384615384 0.21875 0.037259615384615384 0.13341346153846154
0 0.6213942307692307 0.2860576923076923 0.040865384615384616 0.1466346153846154
0 0.5661057692307693 0.2920673076923077 0.04447115384615385 0.15144230769230768
0 0.5949519230769231 0.375 0.04807692307692308 0.17307692307692307
0 0.5240384615384616 0.234375 0.039663461538461536 0.11057692307692307
0 0.5216346153846154 0.2512019230769231 0.03485576923076923 0.08653846153846154
0 0.38822115384615385 0.28125 0.039663461538461536 0.12860576923076922
0 0.3894230769230769 0.2980769230769231 0.03245192307692308 0.14182692307692307
0 0.43509615384615385 0.29927884615384615 0.038461538461538464 0.14302884615384615
0 0.4326923076923077 0.3076923076923077 0.03485576923076923 0.14903846153846154
0 0.47475961538461536 0.31490384615384615 0.036057692307692304 0.1622596153846154
0 0.4987980769230769 0.32572115384615385 0.027644230769230768 0.1141826923076923
0 0.5240384615384616 0.3629807692307692 0.051682692307692304 0.1346153846153846
0 0.5661057692307693 0.43028846153846156 0.07211538461538461 0.1658653846153846
0 0.5036057692307693 0.47596153846153844 0.04927884615384615 0.17908653846153846
0 0.35697115384615385 0.5865384615384616 0.05048076923076923 0.1971153846153846
0 0.3870192307692308 0.625 0.057692307692307696 0.22596153846153846
0 0.5985576923076923 0.6670673076923077 0.06370192307692307 0.20552884615384615
0 0.6394230769230769 0.6574519230769231 0.055288461538461536 0.19230769230769232
0 0.08173076923076923 0.41466346153846156 0.04927884615384615 0.17668269230769232
0 0.21875 0.2956730769230769 0.042067307692307696 0.1466346153846154
0 0.24519230769230768 0.2860576923076923 0.052884615384615384 0.13701923076923078