0 0.8581730769230769 0.8353365384615384 0.12259615384615384 0.3293269230769231
0 0.9759615384615384 0.8112980769230769 0.04807692307692308 0.3329326923076923
0 0.9411057692307693 0.7572115384615384 0.06610576923076923 0.2644230769230769
0 0.8930288461538461 0.7391826923076923 0.04927884615384615 0.21514423076923078
0 0.78125 0.7560096153846154 0.042067307692307696 0.2403846153846154
0 0.8149038461538461 0.7415865384615384 0.037259615384615384 0.1935096153846154
0 0.8810096153846154 0.6995192307692307 0.018028846153846152 0.11057692307692307
0 0.8677884615384616 0.6971153846153846 0.038461538461538464 0.13942307692307693
0 0.7475961538461539 0.7259615384615384 0.030048076923076924 0.11778846153846154
0 0.7319711538461539 0.7151442307692307 0.021634615384615384 0.12860576923076922
0 0.6802884615384616 0.7271634615384616 0.025240384615384616 0.09375
0 0.6658653846153846 0.7079326923076923 0.020432692307692308 0.12620192307692307
0 0.6730769230769231 0.6622596153846154 0.027644230769230768 0.039663461538461536
0 0.6334134615384616 0.7319711538461539 0.038461538461538464 0.17548076923076922
0 0.6514423076923077 0.7019230769230769 0.018028846153846152 0.10697115384615384
0 0.6129807692307693 0.7115384615384616 0.016826923076923076 0.07572115384615384
0 0.5721153846153846 0.7307692307692307 0.03365384615384615 0.16947115384615385
0 0.5637019230769231 0.703125 0.021634615384615384 0.12620192307692307
0 0.5348557692307693 0.7319711538461539 0.036057692307692304 0.17548076923076922
0 0.5096153846153846 0.703125 0.026442307692307692 0.09975961538461539
0 0.49038461538461536 0.7067307692307693 0.019230769230769232 0.08413461538461539
0 0.46274038461538464 0.7848557692307693 0.04447115384615385 0.23076923076923078
0 0.41225961538461536 0.7800480769230769 0.054086538461538464 0.2439903846153846
0 0.4326923076923077 0.7199519230769231 0.016826923076923076 0.08413461538461539
0 0.44471153846153844 0.7211538461538461 0.018028846153846152 0.06490384615384616
0 0.3954326923076923 0.7175480769230769 0.028846153846153848 0.13822115384615385
0 0.37259615384615385 0.7211538461538461 0.03365384615384615 0.13942307692307693
0 0.19951923076923078 0.8185096153846154 0.06610576923076923 0.32211538461538464
0 0.13701923076923078 0.8413461538461539 0.0733173076923077 0.29086538461538464
0 0.06610576923076923 0.7800480769230769 0.03125 0.11057692307692307
0 0.04447115384615385 0.8774038461538461 0.051682692307692304 0.11538461538461539
0 0.08173076923076923 0.8737980769230769 0.038461538461538464 0.10216346153846154
0 0.1045673076923077 0.8701923076923077 0.030048076923076924 0.08173076923076923
0 0.02283653846153846 0.7475961538461539 0.021634615384615384 0.09615384615384616
0 0.009615384615384616 0.7536057692307693 0.019230769230769232 0.10216346153846154
0 0.6177884615384616 0.7127403846153846 0.016826923076923076 0.0733173076923077
0 0.8701923076923077 0.7127403846153846 0.019230769230769232 0.07572115384615384