0 0.0721875 0.7805555555555556 0.144375 0.43666666666666665
0 0.00009082031250000001 0.0009617283950617284 0.00001914062500000001 0.00030123456790123455
0 0.2871875 0.8611111111111112 0.083125 0.27555555555555555
0 0.3803125 0.8572222222222222 0.058125 0.2833333333333333
0 0.421875 0.87 0.06375 0.2577777777777778
0 0.0002896484375 0.0010148148148148147 0.00003164062500000002 0.00019753086419753077
0 0.00031171875000000004 0.0009604938271604938 0.00003828125000000002 0.00030370370370370355
0 0.5509375 0.8577777777777778 0.061875 0.2822222222222222
0 0.53 0.7366666666666667 0.02125 0.10222222222222223
0 0.6196875 0.8538888888888889 0.070625 0.29
0 0.00038593750000000005 0.0009506172839506172 0.00004140624999999995 0.0003234567901234568
0 0.6096875 0.8533333333333334 0.060625 0.2911111111111111
0 0.00043730468750000003 0.0009296296296296296 0.00004257812499999999 0.000365432098765432
0 0.5859375 0.6488888888888888 0.021875 0.05555555555555555
0 0.5803125 0.675 0.031875 0.1322222222222222
0 0.72875 0.7916666666666666 0.045 0.23
0 0.678125 0.7383333333333333 0.025 0.08555555555555555
0 0.95125 0.7622222222222222 0.09625 0.47333333333333333
0 0.8140625 0.7538888888888889 0.209375 0.49
0 0.745 0.7733333333333333 0.02375 0.14666666666666667
0 0.675 0.8261111111111111 0.03 0.2588888888888889
0 0.65375 0.685 0.02375 0.043333333333333335
0 0.8409375 0.74 0.039375 0.1288888888888889
0 0.8715625 0.8216666666666667 0.038125 0.2611111111111111
0 0.906875 0.8211111111111111 0.0425 0.3111111111111111
0 0.9059375 0.7988888888888889 0.040625 0.26666666666666666
0 0.8840625 0.7005555555555556 0.026875 0.06111111111111111
0 0.8603125 0.7094444444444444 0.026875 0.06333333333333334
0 0.6721875 0.6333333333333333 0.023125 0.09333333333333334
0 0.6765625 0.5766666666666667 0.021875 0.07333333333333333
0 0.7134375 0.6138888888888889 0.025625 0.08555555555555555
0 0.7315625 0.6355555555555555 0.025625 0.07333333333333333
0 0.7490625 0.61 0.030625 0.08
0 0.7615625 0.5905555555555555 0.018125 0.07888888888888888
0 0.7571875 0.5666666666666667 0.013125 0.022222222222222223
0 0.6878125 0.52 0.019375 0.08444444444444445
0 0.7121875 0.505 0.015625 0.04111111111111111
0 0.724375 0.515 0.015 0.05444444444444444
0 0.74 0.5261111111111111 0.02625 0.06777777777777778
0 0.7325 0.5166666666666667 0.01375 0.06222222222222222
0 0.744375 0.525 0.01625 0.07
0 0.7646875 0.5311111111111111 0.016875 0.08666666666666667
0 0.7765625 0.5183333333333333 0.016875 0.03888888888888889
0 0.780625 0.5011111111111111 0.0175 0.051111111111111114
0 0.7934375 0.5022222222222222 0.011875 0.042222222222222223
0 0.8109375 0.49777777777777776 0.016875 0.03333333333333333
0 0.853125 0.5216666666666666 0.01625 0.09222222222222222
0 0.874375 0.5222222222222223 0.02 0.09555555555555556
0 0.889375 0.5294444444444445 0.01625 0.0811111111111111
0 0.848125 0.56 0.01375 0.04