0 0.20416666666666666 0.33709273182957394 0.021666666666666667 0.10025062656641603
0 0.010416666666666666 0.24937343358395989 0.0175 0.06265664160401002
0 0.005416666666666667 0.3533834586466165 0.010833333333333334 0.09523809523809523
0 0.01875 0.3558897243107769 0.0275 0.09273182957393483
0 0.014166666666666666 0.44360902255639095 0.02666666666666667 0.13533834586466165
0 0.009166666666666667 0.46365914786967416 0.018333333333333333 0.08771929824561403
0 0.04125 0.4868421052631579 0.0375 0.13909774436090225
0 0.058333333333333334 0.35463659147869675 0.021666666666666667 0.06516290726817042
0 0.06625 0.41040100250626566 0.024166666666666666 0.08395989974937343
0 0.08333333333333333 0.39285714285714285 0.023333333333333334 0.06641604010025062
0 0.07791666666666666 0.45614035087719296 0.03916666666666667 0.12781954887218044
0 0.12833333333333333 0.4197994987468672 0.023333333333333334 0.08771929824561403
0 0.10833333333333334 0.45363408521303256 0.03 0.12781954887218044
0 0.08166666666666667 0.4567669172932331 0.03333333333333333 0.12907268170426064
0 0.00625 0.5300751879699248 0.0125 0.05012531328320802
0 0.01625 0.5889724310776943 0.025833333333333333 0.16290726817042606
0 0.03125 0.6015037593984962 0.04083333333333333 0.18045112781954886
0 0.04791666666666667 0.6347117794486216 0.0325 0.16416040100250626
0 0.07416666666666667 0.5275689223057645 0.023333333333333334 0.07017543859649122
0 0.06666666666666667 0.5469924812030075 0.035 0.06892230576441102
0 0.08166666666666667 0.600250626566416 0.04833333333333333 0.10776942355889724
0 0.07833333333333334 0.7136591478696742 0.04833333333333333 0.20927318295739347
0 0.095 0.5808270676691729 0.028333333333333332 0.11152882205513784
0 0.09791666666666667 0.5018796992481203 0.0375 0.08395989974937343
0 0.125 0.518796992481203 0.025 0.05513784461152882
0 0.135 0.4899749373433584 0.025 0.06015037593984962
0 0.13125 0.5758145363408521 0.04083333333333333 0.12155388471177944
0 0.1325 0.681077694235589 0.058333333333333334 0.20426065162907267
0 0.14541666666666667 0.5169172932330827 0.024166666666666666 0.05889724310776942
0 0.15708333333333332 0.5494987468671679 0.0275 0.08145363408521303
0 0.15916666666666668 0.6221804511278195 0.02666666666666667 0.18170426065162906
0 0.18458333333333332 0.6265664160401002 0.06583333333333333 0.19298245614035087
0 0.1975 0.5595238095238095 0.03 0.07894736842105263
0 0.16041666666666668 0.4893483709273183 0.0275 0.05889724310776942
0 0.14916666666666667 0.4617794486215539 0.025 0.06140350877192982
0 0.16875 0.47117794486215536 0.030833333333333334 0.08521303258145363
0 0.17916666666666667 0.44110275689223055 0.018333333333333333 0.07017543859649122
0 0.19375 0.4573934837092732 0.024166666666666666 0.08020050125313283
0 0.19291666666666665 0.4223057644110276 0.025833333333333333 0.06015037593984962
0 0.18958333333333333 0.5325814536340853 0.020833333333333332 0.10025062656641603
0 0.20291666666666666 0.49624060150375937 0.020833333333333332 0.06015037593984962
0 0.23791666666666667 0.4216791979949875 0.025833333333333333 0.041353383458646614
0 0.24 0.4573934837092732 0.035 0.09523809523809523
0 0.27166666666666667 0.4517543859649123 0.02 0.06390977443609022
0 0.28458333333333335 0.43107769423558895 0.025833333333333333 0.07769423558897243
0 0.29791666666666666 0.40852130325814534 0.015833333333333335 0.05263157894736842
0 0.30583333333333335 0.43045112781954886 0.016666666666666666 0.043859649122807015
0 0.31708333333333333 0.44862155388471175 0.0225 0.06516290726817042
0 0.30416666666666664 0.4805764411027569 0.025 0.06140350877192982
0 0.26958333333333334 0.474937343358396 0.020833333333333332 0.05012531328320802
0 0.2575 0.5031328320802005 0.03666666666666667 0.08395989974937343
0 0.23541666666666666 0.5162907268170426 0.020833333333333332 0.05263157894736842
0 0.21625 0.5325814536340853 0.025833333333333333 0.08020050125313283
0 0.3541666666666667 0.44862155388471175 0.02 0.07268170426065163
0 0.33958333333333335 0.45551378446115287 0.025833333333333333 0.06641604010025062
0 0.3233333333333333 0.4924812030075188 0.025 0.07518796992481203
0 0.34958333333333336 0.5112781954887218 0.030833333333333334 0.09022556390977443
0 0.345 0.48370927318295737 0.023333333333333334 0.05263157894736842
0 0.35 0.5708020050125313 0.025 0.08145363408521303
0 0.32958333333333334 0.5545112781954887 0.020833333333333332 0.04887218045112782
0 0.3179166666666667 0.5332080200501254 0.015833333333333335 0.02882205513784461
0 0.30583333333333335 0.5720551378446115 0.02666666666666667 0.07142857142857142
0 0.28208333333333335 0.5639097744360902 0.025833333333333333 0.09273182957393483
0 0.26916666666666667 0.5375939849624061 0.018333333333333333 0.05764411027568922
0 0.26666666666666666 0.5081453634085213 0.023333333333333334 0.05137844611528822
0 0.26 0.6215538847117794 0.03333333333333333 0.18546365914786966
0 0.24375 0.5958646616541353 0.024166666666666666 0.11904761904761904
0 0.23291666666666666 0.5651629072681704 0.0275 0.05513784461152882
0 0.25375 0.7117794486215538 0.03916666666666667 0.16040100250626566
0 0.22 0.6547619047619048 0.045 0.12155388471177944
0 0.23125 0.7286967418546366 0.04583333333333333 0.22932330827067668
0 0.20833333333333334 0.756265664160401 0.056666666666666664 0.17167919799498746
0 0.13166666666666665 0.8201754385964912 0.04833333333333333 0.15664160401002505
0 0.16 0.818295739348371 0.041666666666666664 0.11528822055137844
0 0.2920833333333333 0.6629072681704261 0.0375 0.18796992481203006
0 0.31875 0.7023809523809523 0.03916666666666667 0.20676691729323307
0 0.35041666666666665 0.6102756892230576 0.0375 0.10776942355889724
0 0.35875 0.6604010025062657 0.0375 0.12531328320802004
0 0.00023819444444444444 0.001202096720497987 0.000040277777777777785 0.00010835359074377669
0 0.0004013888888888889 0.0012028818914454056 0.000055555555555555545 0.00010678324884893924
0 0.0004947916666666667 0.0011958153529186375 0.000050694444444444416 0.00011777564211280069
0 0.71125 0.9730576441102757 0.04416666666666667 0.05137844611528822
0 0.31166666666666665 0.8408521303258145 0.03833333333333333 0.08020050125313283
0 0.00028680555555555555 0.0010945283007016287 0.00004305555555555553 0.000320349746546818
0 0.35625 0.8446115288220551 0.059166666666666666 0.23558897243107768
0 0.41333333333333333 0.9172932330827067 0.07333333333333333 0.16290726817042606
0 0.4116666666666667 0.8583959899749374 0.06166666666666667 0.10275689223057644
0 0.45208333333333334 0.8834586466165414 0.0525 0.20551378446115287
0 0.5091666666666667 0.8878446115288221 0.06 0.22180451127819548
0 0.5083333333333333 0.8038847117794486 0.07 0.15914786967418545
0 0.58625 0.8840852130325815 0.0675 0.20175438596491227
0 0.5683333333333334 0.8101503759398496 0.055 0.16416040100250626
0 0.0005378472222222222 0.0011196537710190264 0.00005347222222222225 0.000270098805912023
0 0.6241666666666666 0.8489974937343359 0.05 0.20676691729323307
0 0.6279166666666667 0.7418546365914787 0.04083333333333333 0.10275689223057644
0 0.59125 0.7368421052631579 0.049166666666666664 0.12280701754385964
0 0.5679166666666666 0.7036340852130326 0.035833333333333335 0.07142857142857142
0 0.5316666666666666 0.7130325814536341 0.03833333333333333 0.13283208020050125
0 0.5120833333333333 0.6697994987468672 0.035833333333333335 0.11403508771929824
0 0.4866666666666667 0.6710526315789473 0.03833333333333333 0.19172932330827067
0 0.4475 0.7593984962406015 0.04 0.12781954887218044
0 0.45208333333333334 0.6303258145363408 0.035833333333333335 0.19047619047619047
0 0.45666666666666667 0.4818295739348371 0.03166666666666667 0.10150375939849623
0 0.5225 0.5889724310776943 0.04 0.11278195488721804
0 0.53875 0.5588972431077694 0.0225 0.09022556390977443
0 0.5504166666666667 0.5795739348370927 0.0225 0.08145363408521303
0 0.5683333333333334 0.5927318295739349 0.03166666666666667 0.13032581453634084
0 0.5604166666666667 0.6466165413533834 0.035833333333333335 0.14035087719298245
0 0.6041666666666666 0.6804511278195489 0.03 0.08270676691729323
0 0.62875 0.6942355889724311 0.0375 0.10776942355889724
0 0.5175 0.45614035087719296 0.021666666666666667 0.12280701754385964
0 0.50375 0.4448621553884712 0.0225 0.12280701754385964
0 0.4870833333333333 0.41353383458646614 0.0275 0.08270676691729323
0 0.4920833333333333 0.37593984962406013 0.0175 0.03759398496240601
0 0.515 0.38596491228070173 0.023333333333333334 0.07769423558897243
0 0.4775 0.2506265664160401 0.02 0.05764411027568922
0 0.5725 0.38533834586466165 0.016666666666666666 0.07393483709273183
0 0.5633333333333334 0.4342105263157895 0.025 0.12656641604010024
0 0.5616666666666666 0.4197994987468672 0.023333333333333334 0.11779448621553884
0 0.5775 0.44862155388471175 0.03333333333333333 0.06015037593984962
0 0.5854166666666667 0.4223057644110276 0.015833333333333335 0.05263157894736842
0 0.5820833333333333 0.39097744360902253 0.0175 0.06265664160401002
0 0.5995833333333334 0.42293233082706766 0.0225 0.11403508771929824
0 0.6129166666666667 0.4630325814536341 0.04083333333333333 0.10401002506265664
0 0.6125 0.39285714285714285 0.025 0.07644110275689223
0 0.6583333333333333 0.39097744360902253 0.02666666666666667 0.07518796992481203
0 0.6695833333333333 0.38095238095238093 0.019166666666666665 0.09523809523809523
0 0.6854166666666667 0.39974937343358397 0.0275 0.11278195488721804
0 0.72125 0.38596491228070173 0.020833333333333332 0.08020050125313283
0 0.7429166666666667 0.39786967418546365 0.019166666666666665 0.10651629072681704
0 0.76625 0.40852130325814534 0.020833333333333332 0.08521303258145363
0 0.7516666666666667 0.4843358395989975 0.03333333333333333 0.12907268170426064
0 0.7354166666666667 0.46365914786967416 0.014166666666666666 0.07268170426065163
0 0.75125 0.5494987468671679 0.0375 0.17167919799498746
0 0.7504166666666666 0.593358395989975 0.049166666666666664 0.17418546365914786
0 0.74 0.5263157894736842 0.03166666666666667 0.06766917293233082
0 0.7354166666666667 0.6716791979949874 0.04583333333333333 0.23558897243107768
0 0.6125 0.6372180451127819 0.035 0.08897243107769423
0 0.6175 0.568922305764411 0.02666666666666667 0.05764411027568922
0 0.6370833333333333 0.6647869674185464 0.04083333333333333 0.21679197994987467
0 0.6866666666666666 0.6892230576441103 0.05 0.21052631578947367
0 0.6841666666666667 0.6735588972431078 0.045 0.18922305764411027
0 0.7075 0.8847117794486216 0.06333333333333334 0.22807017543859648
0 0.80875 0.9630325814536341 0.0725 0.07142857142857142
0 0.0006798611111111111 0.001096098642596466 0.000054166666666666624 0.0003172090627571434
0 0.7758333333333334 0.8627819548872181 0.07666666666666666 0.2719298245614035
0 0.0007503472222222222 0.0011667640278641466 0.000060416666666666674 0.00017587829222178252
0 0.9283333333333333 0.8765664160401002 0.07666666666666666 0.24436090225563908
0 0.8758333333333334 0.8427318295739349 0.08 0.31203007518796994
0 0.81625 0.7380952380952381 0.0475 0.12280701754385964
0 0.7983333333333333 0.6610275689223057 0.04833333333333333 0.15162907268170425
0 0.865 0.6616541353383458 0.06 0.13533834586466165
0 0.9366666666666666 0.7575187969924813 0.06333333333333334 0.22431077694235588
0 0.9520833333333333 0.6390977443609023 0.030833333333333334 0.07769423558897243
0 0.9283333333333333 0.593358395989975 0.04833333333333333 0.18671679197994986
0 0.92125 0.6027568922305765 0.034166666666666665 0.19548872180451127
0 0.7870833333333334 0.37781954887218044 0.020833333333333332 0.05639097744360902
0 0.7820833333333334 0.43358395989974935 0.03916666666666667 0.07518796992481203
0 0.7820833333333334 0.5006265664160401 0.0225 0.15914786967418545
0 0.7979166666666667 0.5413533834586466 0.04416666666666667 0.17543859649122806
0 0.81625 0.5075187969924813 0.0375 0.18045112781954886
0 0.81875 0.43546365914786966 0.030833333333333334 0.09398496240601503
0 0.8020833333333334 0.4066416040100251 0.019166666666666665 0.10902255639097744
0 0.8329166666666666 0.4197994987468672 0.029166666666666667 0.13784461152882205
0 0.8329166666666666 0.4041353383458647 0.034166666666666665 0.13157894736842105
0 0.8316666666666667 0.35651629072681706 0.035 0.07894736842105263
0 0.8475 0.35275689223057644 0.02666666666666667 0.10150375939849623
0 0.9008333333333334 0.36027568922305764 0.02 0.11152882205513784
0 0.9233333333333333 0.3634085213032581 0.025 0.10025062656641603
0 0.9104166666666667 0.40100250626566414 0.0325 0.07017543859649122
0 0.9420833333333334 0.4617794486215539 0.034166666666666665 0.14912280701754385
0 0.8825 0.46115288220551376 0.03 0.14536340852130325
0 0.9070833333333334 0.4342105263157895 0.030833333333333334 0.07393483709273183
0 0.8895833333333333 0.4799498746867168 0.0275 0.13032581453634084
0 0.8695833333333334 0.4830827067669173 0.025833333333333333 0.11152882205513784
0 0.9554166666666667 0.5137844611528822 0.0225 0.14035087719298245
0 0.8383333333333334 0.6372180451127819 0.03666666666666667 0.19924812030075187
0 0.8641666666666666 0.5733082706766918 0.03 0.07393483709273183
0 0.8841666666666667 0.6228070175438597 0.028333333333333332 0.15789473684210525
0 0.4241666666666667 0.3233082706766917 0.023333333333333334 0.05012531328320802