0 0.04807692307692308 0.23317307692307693 0.030048076923076924 0.06009615384615385
0 0.1201923076923077 0.2608173076923077 0.036057692307692304 0.0673076923076923
0 0.19591346153846154 0.20432692307692307 0.02403846153846154 0.039663461538461536
0 0.22355769230769232 0.2620192307692308 0.046875 0.046875
0 0.2848557692307692 0.27524038461538464 0.02403846153846154 0.052884615384615384
0 0.296875 0.28125 0.027644230769230768 0.051682692307692304
0 0.31971153846153844 0.28966346153846156 0.03125 0.05889423076923077
0 0.3762019230769231 0.28966346153846156 0.03125 0.06850961538461539
0 0.40384615384615385 0.21754807692307693 0.038461538461538464 0.08413461538461539
0 0.42908653846153844 0.23557692307692307 0.030048076923076924 0.055288461538461536
0 0.5961538461538461 0.16346153846153846 0.039663461538461536 0.11298076923076923
0 0.7091346153846154 0.1658653846153846 0.02403846153846154 0.052884615384615384
0 0.7475961538461539 0.13942307692307693 0.02283653846153846 0.055288461538461536
0 0.7295673076923077 0.19831730769230768 0.036057692307692304 0.06610576923076923
0 0.7680288461538461 0.17067307692307693 0.028846153846153848 0.06971153846153846
0 0.8737980769230769 0.18990384615384615 0.03245192307692308 0.0829326923076923
0 0.29927884615384615 0.6538461538461539 0.5985576923076923 0.6923076923076923
0 0.5408653846153846 0.6141826923076923 0.8317307692307693 0.7716346153846154
0 0.8894230769230769 0.6550480769230769 0.22115384615384615 0.6899038461538461
0 0.10697115384615384 0.3425480769230769 0.07572115384615384 0.09735576923076923
0 0.3713942307692308 0.4651442307692308 0.16826923076923078 0.2439903846153846