0 0.6069711538461539 0.4987980769230769 0.027644230769230768 0.06850961538461539
0 0.6394230769230769 0.5348557692307693 0.04567307692307692 0.11057692307692307
0 0.2127403846153846 0.5528846153846154 0.055288461538461536 0.1466346153846154
0 0.14423076923076922 0.5901442307692307 0.056490384615384616 0.2512019230769231
0 0.3701923076923077 0.5901442307692307 0.07451923076923077 0.2704326923076923
0 0.5733173076923077 0.5901442307692307 0.038461538461538464 0.0829326923076923
0 0.6141826923076923 0.6165865384615384 0.08774038461538461 0.2439903846153846
0 0.10576923076923077 0.6189903846153846 0.06370192307692307 0.2608173076923077
0 0.44591346153846156 0.6430288461538461 0.05889423076923077 0.30649038461538464
0 0.5192307692307693 0.7163461538461539 0.16105769230769232 0.41586538461538464
0 0.23317307692307693 0.7980769230769231 0.23918269230769232 0.4026442307692308