0 0.030048076923076924 0.33653846153846156 0.052884615384615384 0.22956730769230768
0 0.13942307692307693 0.5408653846153846 0.1875 0.7920673076923077
0 0.2536057692307692 0.5697115384615384 0.125 0.7355769230769231
0 0.32572115384615385 0.6153846153846154 0.15865384615384615 0.6550480769230769
0 0.41586538461538464 0.6262019230769231 0.12860576923076922 0.6334134615384616
0 0.5372596153846154 0.6310096153846154 0.13221153846153846 0.6706730769230769
0 0.6466346153846154 0.625 0.13822115384615385 0.6802884615384616
0 0.7475961538461539 0.6153846153846154 0.16826923076923078 0.7548076923076923
0 0.9050480769230769 0.6069711538461539 0.12980769230769232 0.7536057692307693
0 0.8185096153846154 0.5757211538461539 0.12740384615384615 0.7295673076923077
0 0.6153846153846154 0.5637019230769231 0.10336538461538461 0.6694711538461539
0 0.515625 0.5600961538461539 0.12860576923076922 0.6634615384615384
0 0.42427884615384615 0.5504807692307693 0.11658653846153846 0.6598557692307693
0 0.34375 0.5600961538461539 0.08653846153846154 0.6478365384615384