0 0.7457142857142857 0.25 0.011428571428571429 0.04
0 0.6807142857142857 0.2675 0.024285714285714285 0.085
0 0.06357142857142857 0.2975 0.024285714285714285 0.055
0 0.09071428571428572 0.30875 0.02142857142857143 0.1075
0 0.8364285714285714 0.325 0.032857142857142856 0.125
0 0.7678571428571429 0.33125 0.024285714285714285 0.0825
0 0.7107142857142857 0.34375 0.024285714285714285 0.1275
0 0.745 0.34875 0.02142857142857143 0.1125
0 0.6821428571428572 0.35125 0.03 0.0725
0 0.7685714285714286 0.38375 0.03142857142857143 0.0825
0 0.8628571428571429 0.3875 0.03428571428571429 0.125
0 0.6385714285714286 0.39 0.025714285714285714 0.075
0 0.5057142857142857 0.39125 0.022857142857142857 0.1025
0 0.5571428571428572 0.39625 0.02857142857142857 0.1425
0 0.47928571428571426 0.40625 0.027142857142857142 0.0475
0 0.2664285714285714 0.41125 0.027142857142857142 0.0725
0 0.46214285714285713 0.41125 0.03571428571428571 0.0925
0 0.7928571428571428 0.41875 0.02857142857142857 0.1125
0 0.5721428571428572 0.425 0.024285714285714285 0.07
0 0.8157142857142857 0.42625 0.02857142857142857 0.1225
0 0.6728571428571428 0.43125 0.025714285714285714 0.1125
0 0.2903428571428572 0.43235 0.02142857142857143 0.0575
0 0.8471428571428572 0.4325 0.025714285714285714 0.07
0 0.265 0.4375 0.03 0.06
0 0.40714285714285714 0.44 0.022857142857142857 0.045
0 0.6378571428571429 0.4425 0.027142857142857142 0.105
0 0.42642857142857143 0.44375 0.027142857142857142 0.0375
0 0.47214285714285714 0.44375 0.027142857142857142 0.0375
0 0.765 0.45375 0.03857142857142857 0.0675
0 0.965 0.45875 0.018571428571428572 0.0675
0 0.9871428571428571 0.4625 0.022857142857142857 0.06
0 0.9142857142857143 0.46375 0.022857142857142857 0.1975
0 0.21642857142857144 0.47125 0.027142857142857142 0.1225
0 0.885 0.4825 0.024285714285714285 0.17
0 0.8307142857142857 0.51375 0.03 0.1775
0 0.05785714285714286 0.53125 0.041428571428571426 0.1375
0 0.15214285714285714 0.53375 0.03857142857142857 0.1775
0 0.2042857142857143 0.55875 0.02 0.1525
0 0.17714285714285713 0.56625 0.04 0.1775
0 0.12571428571428572 0.575 0.03428571428571429 0.17
0 0.14357142857142857 0.6275 0.03857142857142857 0.15
0 0.09714285714285714 0.645 0.045714285714285714 0.2
0 0.8614285714285714 0.65 0.03142857142857143 0.135
0 0.06428571428571428 0.665 0.04857142857142857 0.135
0 0.019285714285714285 0.6675 0.03 0.11
0 0.5128571428571429 0.68125 0.025714285714285714 0.0675
0 0.9692857142857143 0.69375 0.02142857142857143 0.0875
0 0.5714285714285714 0.69625 0.02857142857142857 0.0675
0 0.685 0.69875 0.027142857142857142 0.0625
0 0.77 0.69875 0.022857142857142857 0.0725
0 0.5485714285714286 0.70125 0.022857142857142857 0.0725
0 0.81 0.705 0.037142857142857144 0.06
0 0.6164285714285714 0.70875 0.027142857142857142 0.0325
0 0.4035714285714286 0.71 0.02142857142857143 0.04
0 0.48 0.72 0.04285714285714286 0.145
0 0.027857142857142858 0.725 0.03857142857142857 0.115
0 0.79 0.72625 0.05142857142857143 0.1075
0 0.24571428571428572 0.73 0.03142857142857143 0.115
0 0.48142857142857143 0.73125 0.04285714285714286 0.0875
0 0.5242857142857142 0.7325 0.022857142857142857 0.05
0 0.7528571428571429 0.7325 0.025714285714285714 0.07
0 0.8478571428571429 0.7325 0.04428571428571428 0.145
0 0.9871428571428571 0.7425 0.022857142857142857 0.2
0 0.49857142857142855 0.7425 0.02857142857142857 0.06
0 0.4057142857142857 0.7525 0.025714285714285714 0.045
0 0.31142857142857144 0.75625 0.02857142857142857 0.1325
0 0.6164285714285714 0.76 0.018571428571428572 0.065
0 0.5464285714285714 0.7675 0.018571428571428572 0.07
0 0.59 0.77375 0.03142857142857143 0.0675
0 0.27 0.775 0.04857142857142857 0.165
0 0.37285714285714283 0.7825 0.054285714285714284 0.175
0 0.05357142857142857 0.78375 0.041428571428571426 0.1825
0 0.7206285714285715 0.7856000000000001 0.04285714285714294 0.0675
0 0.525 0.7875 0.027142857142857142 0.075
0 0.36857142857142855 0.7925 0.025714285714285714 0.075
0 0.14285714285714285 0.79375 0.05142857142857143 0.1975
0 0.30142857142857143 0.795 0.037142857142857144 0.095
0 0.6907142857142857 0.79875 0.024285714285714285 0.0925
0 0.78 0.8 0.054285714285714284 0.095
0 0.105 0.805 0.03 0.13
0 0.1707142857142857 0.80875 0.03571428571428571 0.2175
0 0.38357142857142856 0.81 0.03857142857142857 0.085
0 0.6478571428571429 0.81125 0.024285714285714285 0.0725
0 0.8757142857142857 0.815 0.037142857142857144 0.085
0 0.075 0.8275 0.05 0.185
0 0.43142857142857144 0.835 0.05714285714285714 0.17
0 0.48 0.84375 0.045714285714285714 0.1325
0 0.24714285714285714 0.85 0.045714285714285714 0.155
0 0.2978571428571429 0.85 0.047142857142857146 0.135
0 0.9114285714285715 0.85 0.04857142857142857 0.095
0 0.6235714285714286 0.85375 0.02142857142857143 0.0925
0 0.017142857142857144 0.8575 0.03428571428571429 0.28
0 0.7264285714285714 0.8725 0.05 0.11
0 0.22714285714285715 0.875 0.04857142857142857 0.125
0 0.97 0.87625 0.054285714285714284 0.1225
0 0.38357142857142856 0.87875 0.06142857142857143 0.1125
0 0.6085714285714285 0.88375 0.05142857142857143 0.1575
0 0.5364285714285715 0.88625 0.047142857142857146 0.1525
0 0.20785714285714285 0.88875 0.06428571428571428 0.2175
0 0.6735714285714286 0.8975 0.055714285714285716 0.2
0 0.5764285714285714 0.90625 0.05 0.1525
0 0.905 0.9075 0.032857142857142856 0.15
0 0.8357142857142857 0.90875 0.04 0.1525
0 0.27285714285714285 0.91875 0.06571428571428571 0.1475
0 0.43357142857142855 0.91875 0.05285714285714286 0.1475
0 0.7607142857142857 0.91875 0.06142857142857143 0.1575
0 0.8535714285714285 0.92 0.041428571428571426 0.13
0 0.13071428571428573 0.9225 0.05285714285714286 0.13
0 0.4692857142857143 0.92875 0.03571428571428571 0.1375
0 0.87 0.92875 0.06571428571428571 0.1375
0 0.9557142857142857 0.93875 0.05714285714285714 0.1175
0 0.37714285714285717 0.94375 0.06 0.1075
0 0.3057142857142857 0.94875 0.07428571428571429 0.0975
0 0.5492857142857143 0.95125 0.055714285714285716 0.0925
0 0.7214285714285714 0.95625 0.054285714285714284 0.0825
0 0.31357142857142856 0.19875 0.012857142857142857 0.0725