0 0.11057692307692307 0.5036057692307693 0.19110576923076922 0.6862980769230769
0 0.24519230769230768 0.4879807692307692 0.14302884615384615 0.4951923076923077
0 0.2848557692307692 0.6850961538461539 0.14182692307692307 0.46634615384615385
0 0.3425480769230769 0.5168269230769231 0.09735576923076923 0.5300480769230769
0 0.39663461538461536 0.6586538461538461 0.17427884615384615 0.43509615384615385
0 0.5180288461538461 0.6622596153846154 0.13221153846153846 0.41346153846153844
0 0.6117788461538461 0.6730769230769231 0.13701923076923078 0.42788461538461536
0 0.7151442307692307 0.6971153846153846 0.14783653846153846 0.44471153846153844
0 0.4110576923076923 0.39302884615384615 0.09495192307692307 0.296875
0 0.5012019230769231 0.38461538461538464 0.11778846153846154 0.3329326923076923
0 0.6069711538461539 0.3762019230769231 0.12379807692307693 0.3605769230769231
0 0.7043269230769231 0.3870192307692308 0.3088942307692308 0.35697115384615385
0 0.7824519230769231 0.5252403846153846 0.18389423076923078 0.6550480769230769
0 0.9014423076923077 0.5480769230769231 0.19591346153846154 0.7596153846153846
0 0.42908653846153844 0.1141826923076923 0.030048076923076924 0.1045673076923077
0 0.05889423076923077 0.40024038461538464 0.028846153846153848 0.15384615384615385
0 0.01201923076923077 0.41346153846153844 0.02403846153846154 0.17307692307692307
0 0.9891826923076923 0.43990384615384615 0.021634615384615384 0.15985576923076922