0 0.5324519230769231 0.6911057692307693 0.04326923076923077 0.18990384615384615
0 0.5588942307692307 0.6875 0.02403846153846154 0.14543269230769232
0 0.4579326923076923 0.6838942307692307 0.03125 0.13581730769230768
0 0.43509615384615385 0.6911057692307693 0.025240384615384616 0.1310096153846154
0 0.41466346153846156 0.6862980769230769 0.02283653846153846 0.12740384615384615
0 0.39783653846153844 0.6995192307692307 0.025240384615384616 0.11899038461538461
0 0.9891826923076923 0.5649038461538461 0.021634615384615384 0.16826923076923078
0 0.9447115384615384 0.6274038461538461 0.11057692307692307 0.3557692307692308
0 0.8701923076923077 0.6526442307692307 0.07091346153846154 0.3557692307692308
0 0.7548076923076923 0.6586538461538461 0.042067307692307696 0.23798076923076922
0 0.7019230769230769 0.6610576923076923 0.037259615384615384 0.22716346153846154
0 0.6995192307692307 0.6634615384615384 0.07692307692307693 0.30649038461538464
0 0.6550480769230769 0.7115384615384616 0.05889423076923077 0.24759615384615385
0 0.6237980769230769 0.6502403846153846 0.036057692307692304 0.13701923076923078
0 0.016826923076923076 0.7487980769230769 0.03245192307692308 0.1310096153846154
0 0.04326923076923077 0.7259615384615384 0.054086538461538464 0.18990384615384615
0 0.06971153846153846 0.7283653846153846 0.03125 0.14783653846153846
0 0.09495192307692307 0.7355769230769231 0.030048076923076924 0.11298076923076923
0 0.28125 0.6887019230769231 0.019230769230769232 0.13581730769230768
0 0.23677884615384615 0.7584134615384616 0.04567307692307692 0.17548076923076922
0 0.2536057692307692 0.7007211538461539 0.07451923076923077 0.2980769230769231
0 0.8028846153846154 0.6598557692307693 0.1310096153846154 0.6646634615384616
0 0.9747596153846154 0.3786057692307692 0.04927884615384615 0.4651442307692308
0 0.15865384615384615 0.7175480769230769 0.13942307692307693 0.4855769230769231
0 0.33413461538461536 0.6838942307692307 0.0889423076923077 0.4098557692307692
0 0.18990384615384615 0.7103365384615384 0.040865384615384616 0.27524038461538464