0 0.02403846153846154 0.43149038461538464 0.046875 0.14423076923076922
0 0.0985576923076923 0.44591346153846156 0.0733173076923077 0.17427884615384615
0 0.1778846153846154 0.43509615384615385 0.07211538461538461 0.16826923076923078
0 0.14543269230769232 0.4050480769230769 0.06850961538461539 0.16706730769230768
0 0.22956730769230768 0.4074519230769231 0.07451923076923077 0.14903846153846154
0 0.26322115384615385 0.4375 0.06009615384615385 0.14423076923076922
0 0.3125 0.42427884615384615 0.06129807692307692 0.14423076923076922
0 0.2860576923076923 0.4050480769230769 0.016826923076923076 0.08653846153846154
0 0.28125 0.39903846153846156 0.027644230769230768 0.07451923076923077
0 0.34375 0.4266826923076923 0.04447115384615385 0.13822115384615385
0 0.390625 0.4206730769230769 0.054086538461538464 0.13221153846153846
0 0.39783653846153844 0.421875 0.038461538461538464 0.13221153846153846
0 0.40865384615384615 0.38341346153846156 0.021634615384615384 0.06850961538461539
0 0.43990384615384615 0.41586538461538464 0.057692307692307696 0.15384615384615385
0 0.4723557692307692 0.4411057692307692 0.039663461538461536 0.20072115384615385
0 0.45552884615384615 0.43149038461538464 0.02283653846153846 0.18629807692307693
0 0.4951923076923077 0.46153846153846156 0.051682692307692304 0.21514423076923078
0 0.546875 0.45072115384615385 0.06490384615384616 0.22596153846153846
0 0.5228365384615384 0.4338942307692308 0.028846153846153848 0.1778846153846154
0 0.59375 0.4579326923076923 0.056490384615384616 0.22956730769230768
0 0.6153846153846154 0.3605769230769231 0.021634615384615384 0.04807692307692308
0 0.6262019230769231 0.46634615384615385 0.06850961538461539 0.23197115384615385
0 0.6706730769230769 0.3870192307692308 0.051682692307692304 0.11899038461538461
0 0.65625 0.3557692307692308 0.016826923076923076 0.026442307692307692
0 0.671875 0.4807692307692308 0.0733173076923077 0.22596153846153846
0 0.7295673076923077 0.46274038461538464 0.06490384615384616 0.27403846153846156
0 0.7992788461538461 0.46634615384615385 0.07451923076923077 0.24278846153846154
0 0.8617788461538461 0.45552884615384615 0.06850961538461539 0.24158653846153846
0 0.9134615384615384 0.4170673076923077 0.046875 0.07091346153846154