0 0.1201923076923077 0.5516826923076923 0.12379807692307693 0.40024038461538464
0 0.18870192307692307 0.5901442307692307 0.09975961538461539 0.5
0 0.2608173076923077 0.5384615384615384 0.11778846153846154 0.3293269230769231
0 0.31971153846153844 0.43028846153846156 0.09254807692307693 0.2776442307692308
0 0.37740384615384615 0.4963942307692308 0.11298076923076923 0.24759615384615385
0 0.4831730769230769 0.5072115384615384 0.14423076923076922 0.38341346153846156
0 0.5877403846153846 0.6045673076923077 0.11177884615384616 0.4831730769230769
0 0.6923076923076923 0.5516826923076923 0.12620192307692307 0.47596153846153844
0 0.8016826923076923 0.6538461538461539 0.14423076923076922 0.6923076923076923
0 0.90625 0.6826923076923077 0.15264423076923078 0.6334134615384616
0 0.38341346153846156 0.6574519230769231 0.16947115384615385 0.2956730769230769
0 0.5372596153846154 0.6574519230769231 0.18269230769230768 0.36899038461538464