0 0.8413461538461539 0.6598557692307693 0.09014423076923077 0.15745192307692307
0 0.9507211538461539 0.7692307692307693 0.07932692307692307 0.14903846153846154
0 0.9855769230769231 0.7572115384615384 0.027644230769230768 0.08774038461538461
0 0.9182692307692307 0.7403846153846154 0.026442307692307692 0.07451923076923077
0 0.7439903846153846 0.7872596153846154 0.054086538461538464 0.15384615384615385
0 0.6935096153846154 0.7235576923076923 0.03485576923076923 0.056490384615384616
0 0.65625 0.8112980769230769 0.11538461538461539 0.3762019230769231
0 0.6310096153846154 0.7115384615384616 0.07451923076923077 0.21514423076923078
0 0.5769230769230769 0.7920673076923077 0.057692307692307696 0.36177884615384615
0 0.48197115384615385 0.7007211538461539 0.04807692307692308 0.14783653846153846
0 0.5036057692307693 0.7067307692307693 0.04447115384615385 0.1466346153846154
0 0.5552884615384616 0.7139423076923077 0.04326923076923077 0.13942307692307693
0 0.5144230769230769 0.6790865384615384 0.027644230769230768 0.07572115384615384
0 0.34134615384615385 0.6923076923076923 0.038461538461538464 0.1502403846153846
0 0.2764423076923077 0.6862980769230769 0.06490384615384616 0.1346153846153846
0 0.21754807692307693 0.7415865384615384 0.0625 0.21634615384615385
0 0.28125 0.7956730769230769 0.13221153846153846 0.171875
0 0.2548076923076923 0.7944711538461539 0.052884615384615384 0.16346153846153846
0 0.14302884615384615 0.7572115384615384 0.06009615384615385 0.2403846153846154
0 0.17668269230769232 0.7079326923076923 0.03125 0.14423076923076922
0 0.055288461538461536 0.8016826923076923 0.10336538461538461 0.36658653846153844
0 0.390625 0.8052884615384616 0.11538461538461539 0.26322115384615385
0 0.8293269230769231 0.8052884615384616 0.13221153846153846 0.3894230769230769