0 0.17548076923076922 0.5384615384615384 0.051682692307692304 0.17307692307692307
0 0.21033653846153846 0.5276442307692307 0.025240384615384616 0.13822115384615385
0 0.22115384615384615 0.5420673076923077 0.03245192307692308 0.15504807692307693
0 0.25240384615384615 0.5564903846153846 0.0733173076923077 0.19110576923076922
0 0.25600961538461536 0.5408653846153846 0.039663461538461536 0.16947115384615385
0 0.30649038461538464 0.5697115384615384 0.08052884615384616 0.3016826923076923
0 0.33653846153846156 0.47115384615384615 0.02403846153846154 0.056490384615384616
0 0.3629807692307692 0.5625 0.056490384615384616 0.23798076923076922
0 0.37740384615384615 0.4723557692307692 0.027644230769230768 0.04927884615384615
0 0.40024038461538464 0.5625 0.052884615384615384 0.25841346153846156
0 0.421875 0.5408653846153846 0.040865384615384616 0.2608173076923077
0 0.43028846153846156 0.5889423076923077 0.08533653846153846 0.3389423076923077
0 0.5012019230769231 0.5685096153846154 0.07692307692307693 0.40384615384615385
0 0.5637019230769231 0.6021634615384616 0.09495192307692307 0.47475961538461536
0 0.6622596153846154 0.6141826923076923 0.1346153846153846 0.5288461538461539