0 0.3557692307692308 0.65625 0.06009615384615385 0.22956730769230768
0 0.3918269230769231 0.6574519230769231 0.039663461538461536 0.21754807692307693
0 0.5216346153846154 0.671875 0.030048076923076924 0.07211538461538461
0 0.5564903846153846 0.6574519230769231 0.04326923076923077 0.14302884615384615
0 0.5793269230769231 0.6574519230769231 0.03125 0.14302884615384615
0 0.6021634615384616 0.6454326923076923 0.010817307692307692 0.056490384615384616
0 0.59375 0.6502403846153846 0.01201923076923077 0.057692307692307696
0 0.7007211538461539 0.6550480769230769 0.020432692307692308 0.0673076923076923
0 0.7391826923076923 0.6670673076923077 0.037259615384615384 0.1466346153846154
0 0.7716346153846154 0.671875 0.027644230769230768 0.13341346153846154
0 0.7860576923076923 0.6658653846153846 0.018028846153846152 0.14543269230769232
0 0.8233173076923077 0.6610576923076923 0.014423076923076924 0.09134615384615384
0 0.84375 0.6454326923076923 0.016826923076923076 0.06610576923076923
0 0.8834134615384616 0.671875 0.039663461538461536 0.1466346153846154
0 0.8918269230769231 0.6646634615384616 0.03365384615384615 0.13221153846153846
0 0.90625 0.6574519230769231 0.018028846153846152 0.0985576923076923
0 0.9182692307692307 0.6634615384615384 0.026442307692307692 0.13822115384615385
0 0.9651442307692307 0.6586538461538461 0.02283653846153846 0.14302884615384615