0 0.05048076923076923 0.671875 0.09735576923076923 0.5
0 0.18028846153846154 0.5733173076923077 0.1045673076923077 0.28966346153846156
0 0.1875 0.7644230769230769 0.15384615384615385 0.47115384615384615
0 0.31490384615384615 0.7007211538461539 0.10216346153846154 0.49759615384615385
0 0.3894230769230769 0.6009615384615384 0.05889423076923077 0.25240384615384615
0 0.4206730769230769 0.5925480769230769 0.06009615384615385 0.26802884615384615
0 0.46875 0.5925480769230769 0.046875 0.203125
0 0.5144230769230769 0.6286057692307693 0.06971153846153846 0.27524038461538464
0 0.5168269230769231 0.5048076923076923 0.025240384615384616 0.06490384615384616
0 0.5853365384615384 0.4891826923076923 0.021634615384615384 0.0673076923076923
0 0.5997596153846154 0.4831730769230769 0.025240384615384616 0.08533653846153846
0 0.71875 0.484375 0.021634615384615384 0.0625
0 0.7548076923076923 0.5637019230769231 0.03245192307692308 0.08052884615384616
0 0.8016826923076923 0.5240384615384616 0.02283653846153846 0.030048076923076924
0 0.8293269230769231 0.6418269230769231 0.12860576923076922 0.38221153846153844
0 0.8461538461538461 0.640625 0.08052884615384616 0.3473557692307692