0 0.24879807692307693 0.7668269230769231 0.1814903846153846 0.4639423076923077
0 0.5649038461538461 0.7692307692307693 0.07692307692307693 0.24519230769230768
0 0.3233173076923077 0.8028846153846154 0.109375 0.390625
0 0.07451923076923077 0.8052884615384616 0.14543269230769232 0.3762019230769231
0 0.8137019230769231 0.8100961538461539 0.09254807692307693 0.3737980769230769
0 0.34975961538461536 0.8125 0.0625 0.34375
0 0.47115384615384615 0.8185096153846154 0.07211538461538461 0.3545673076923077
0 0.6237980769230769 0.8197115384615384 0.12980769230769232 0.3557692307692308
0 0.7199519230769231 0.8245192307692307 0.09975961538461539 0.3485576923076923
0 0.4026442307692308 0.8269230769230769 0.0829326923076923 0.3389423076923077
0 0.5168269230769231 0.8401442307692307 0.08774038461538461 0.31850961538461536