0 0.9723557692307693 0.8786057692307693 0.052884615384615384 0.14543269230769232
0 0.9387019230769231 0.8581730769230769 0.06009615384615385 0.13942307692307693
0 0.9314903846153846 0.8521634615384616 0.036057692307692304 0.13341346153846154
0 0.9086538461538461 0.8377403846153846 0.036057692307692304 0.10817307692307693
0 0.9050480769230769 0.8197115384615384 0.06009615384615385 0.12980769230769232
0 0.9014423076923077 0.8161057692307693 0.025240384615384616 0.08774038461538461
0 0.7259615384615384 0.9435096153846154 0.052884615384615384 0.109375
0 0.7331730769230769 0.9254807692307693 0.04927884615384615 0.14783653846153846
0 0.7620192307692307 0.9002403846153846 0.046875 0.1971153846153846
0 0.7139423076923077 0.8725961538461539 0.042067307692307696 0.11778846153846154
0 0.7439903846153846 0.7980769230769231 0.028846153846153848 0.1346153846153846
0 0.7512019230769231 0.7572115384615384 0.021634615384615384 0.10096153846153846
0 0.7091346153846154 0.8004807692307693 0.03485576923076923 0.18028846153846154
0 0.6814903846153846 0.8016826923076923 0.03365384615384615 0.18028846153846154
0 0.6670673076923077 0.7704326923076923 0.027644230769230768 0.15504807692307693
0 0.6394230769230769 0.8016826923076923 0.038461538461538464 0.18389423076923078
0 0.640625 0.7704326923076923 0.03245192307692308 0.16466346153846154
0 0.5949519230769231 0.8882211538461539 0.051682692307692304 0.1201923076923077
0 0.6117788461538461 0.8653846153846154 0.042067307692307696 0.15745192307692307
0 0.5144230769230769 0.8329326923076923 0.037259615384615384 0.18509615384615385
0 0.5408653846153846 0.8365384615384616 0.03485576923076923 0.17307692307692307
0 0.5492788461538461 0.8185096153846154 0.025240384615384616 0.17548076923076922
0 0.5721153846153846 0.8173076923076923 0.028846153846153848 0.16105769230769232
0 0.5949519230769231 0.7632211538461539 0.04567307692307692 0.11658653846153846
0 0.5961538461538461 0.7019230769230769 0.03365384615384615 0.06610576923076923
0 0.5805288461538461 0.7512019230769231 0.030048076923076924 0.10576923076923077
0 0.5588942307692307 0.7295673076923077 0.025240384615384616 0.0733173076923077
0 0.5384615384615384 0.7175480769230769 0.03245192307692308 0.10216346153846154
0 0.5540865384615384 0.6706730769230769 0.027644230769230768 0.08052884615384616
0 0.5853365384615384 0.671875 0.028846153846153848 0.09134615384615384
0 0.5060096153846154 0.703125 0.036057692307692304 0.13942307692307693
0 0.46274038461538464 0.7091346153846154 0.030048076923076924 0.13942307692307693
0 0.43149038461538464 0.7079326923076923 0.030048076923076924 0.14543269230769232
0 0.38461538461538464 0.8449519230769231 0.04567307692307692 0.18269230769230768
0 0.33774038461538464 0.8425480769230769 0.04326923076923077 0.18990384615384615
0 0.1935096153846154 0.7980769230769231 0.040865384615384616 0.1778846153846154
0 0.20432692307692307 0.734375 0.03245192307692308 0.15504807692307693
0 0.22355769230769232 0.6730769230769231 0.03245192307692308 0.14903846153846154
0 0.29927884615384615 0.6995192307692307 0.042067307692307696 0.046875
0 0.32091346153846156 0.65625 0.028846153846153848 0.07572115384615384
0 0.359375 0.6670673076923077 0.02403846153846154 0.09495192307692307
0 0.3942307692307692 0.6778846153846154 0.028846153846153848 0.14302884615384615
0 0.390625 0.6646634615384616 0.04326923076923077 0.14783653846153846
0 0.5060096153846154 0.5637019230769231 0.036057692307692304 0.11658653846153846
0 0.5492788461538461 0.5564903846153846 0.03125 0.12860576923076922
0 0.5625 0.515625 0.018028846153846152 0.09735576923076923
0 0.5685096153846154 0.4543269230769231 0.021634615384615384 0.055288461538461536
0 0.5829326923076923 0.4411057692307692 0.01201923076923077 0.04447115384615385
0 0.5757211538461539 0.44350961538461536 0.013221153846153846 0.051682692307692304
0 0.5757211538461539 0.4266826923076923 0.01201923076923077 0.027644230769230768
0 0.5516826923076923 0.4519230769230769 0.016826923076923076 0.055288461538461536
0 0.5288461538461539 0.4891826923076923 0.019230769230769232 0.10697115384615384
0 0.4987980769230769 0.4891826923076923 0.016826923076923076 0.08413461538461539
0 0.4879807692307692 0.49038461538461536 0.014423076923076924 0.09254807692307693
0 0.47596153846153844 0.46634615384615385 0.016826923076923076 0.09495192307692307
0 0.45552884615384615 0.4831730769230769 0.021634615384615384 0.10096153846153846
0 0.4579326923076923 0.4723557692307692 0.015625 0.09134615384615384
0 0.43509615384615385 0.484375 0.020432692307692308 0.10096153846153846
0 0.44471153846153844 0.46274038461538464 0.016826923076923076 0.08413461538461539
0 0.4074519230769231 0.43990384615384615 0.021634615384615384 0.08413461538461539
0 0.4182692307692308 0.5348557692307693 0.026442307692307692 0.0889423076923077
0 0.3942307692307692 0.5396634615384616 0.027644230769230768 0.11177884615384616
0 0.3737980769230769 0.5456730769230769 0.02283653846153846 0.09735576923076923
0 0.3737980769230769 0.4855769230769231 0.021634615384615384 0.06370192307692307
0 0.38822115384615385 0.45552884615384615 0.018028846153846152 0.06009615384615385
0 0.35697115384615385 0.4543269230769231 0.018028846153846152 0.08052884615384616
0 0.36538461538461536 0.41466346153846156 0.013221153846153846 0.06850961538461539
0 0.37259615384615385 0.390625 0.013221153846153846 0.06490384615384616
0 0.3545673076923077 0.3870192307692308 0.013221153846153846 0.06129807692307692
0 0.36177884615384615 0.36658653846153844 0.010817307692307692 0.03245192307692308
0 0.33774038461538464 0.3870192307692308 0.013221153846153846 0.056490384615384616
0 0.3389423076923077 0.43149038461538464 0.015625 0.056490384615384616
0 0.33052884615384615 0.46033653846153844 0.02283653846153846 0.06009615384615385
0 0.3317307692307692 0.4963942307692308 0.021634615384615384 0.08413461538461539
0 0.34615384615384615 0.5612980769230769 0.026442307692307692 0.11298076923076923
0 0.34134615384615385 0.6201923076923077 0.026442307692307692 0.12379807692307693
0 0.2644230769230769 0.5805288461538461 0.036057692307692304 0.1141826923076923
0 0.24759615384615385 0.5612980769230769 0.027644230769230768 0.10697115384615384
0 0.2704326923076923 0.5204326923076923 0.025240384615384616 0.06610576923076923
0 0.24639423076923078 0.5216346153846154 0.019230769230769232 0.09495192307692307
0 0.20072115384615385 0.5252403846153846 0.02403846153846154 0.10697115384615384
0 0.15504807692307693 0.5252403846153846 0.03365384615384615 0.109375
0 0.12980769230769232 0.5264423076923077 0.030048076923076924 0.109375
0 0.14543269230769232 0.5228365384615384 0.020432692307692308 0.10817307692307693
0 0.0985576923076923 0.5348557692307693 0.013221153846153846 0.08052884615384616
0 0.15504807692307693 0.6790865384615384 0.036057692307692304 0.1310096153846154
0 0.14543269230769232 0.7920673076923077 0.036057692307692304 0.15745192307692307
0 0.08653846153846154 0.8305288461538461 0.03485576923076923 0.18990384615384615
0 0.10096153846153846 0.7512019230769231 0.04927884615384615 0.18629807692307693
0 0.0673076923076923 0.796875 0.03485576923076923 0.17307692307692307
0 0.02403846153846154 0.7836538461538461 0.038461538461538464 0.17908653846153846
0 0.037259615384615384 0.9074519230769231 0.038461538461538464 0.04807692307692308
0 0.06370192307692307 0.7475961538461539 0.03125 0.1622596153846154
0 0.042067307692307696 0.703125 0.03485576923076923 0.15384615384615385
0 0.06850961538461539 0.6694711538461539 0.02403846153846154 0.06009615384615385
0 0.10216346153846154 0.6478365384615384 0.030048076923076924 0.08533653846153846
0 0.10216346153846154 0.6177884615384616 0.02283653846153846 0.03485576923076923
0 0.08052884615384616 0.6742788461538461 0.019230769230769232 0.09014423076923077
0 0.056490384615384616 0.6310096153846154 0.020432692307692308 0.05048076923076923
0 0.06370192307692307 0.6117788461538461 0.02283653846153846 0.051682692307692304
0 0.10576923076923077 0.40865384615384615 0.010817307692307692 0.020432692307692308
0 0.09375 0.4050480769230769 0.014423076923076924 0.03485576923076923
0 0.07451923076923077 0.3894230769230769 0.016826923076923076 0.06850961538461539
0 0.06370192307692307 0.3473557692307692 0.010817307692307692 0.04447115384615385
0 0.09254807692307693 0.34615384615384615 0.010817307692307692 0.046875
0 0.09975961538461539 0.33653846153846156 0.009615384615384616 0.027644230769230768
0 0.14182692307692307 0.3269230769230769 0.010817307692307692 0.051682692307692304
0 0.16346153846153846 0.33413461538461536 0.010817307692307692 0.052884615384615384
0 0.17668269230769232 0.33413461538461536 0.01201923076923077 0.04927884615384615
0 0.19831730769230768 0.3713942307692308 0.010817307692307692 0.054086538461538464
0 0.20432692307692307 0.35697115384615385 0.009615384615384616 0.051682692307692304
0 0.20072115384615385 0.31490384615384615 0.013221153846153846 0.04567307692307692
0 0.20552884615384615 0.2980769230769231 0.004807692307692308 0.015625
0 0.20552884615384615 0.28125 0.009615384615384616 0.03485576923076923
0 0.22596153846153846 0.3245192307692308 0.01201923076923077 0.046875
0 0.23197115384615385 0.3317307692307692 0.01201923076923077 0.03125
0 0.23798076923076922 0.3245192307692308 0.010817307692307692 0.021634615384615384
0 0.24639423076923078 0.37259615384615385 0.014423076923076924 0.05889423076923077
0 0.25961538461538464 0.3701923076923077 0.013221153846153846 0.06610576923076923
0 0.22956730769230768 0.36899038461538464 0.01201923076923077 0.04567307692307692
0 0.22956730769230768 0.3473557692307692 0.010817307692307692 0.02403846153846154
0 0.24278846153846154 0.3545673076923077 0.013221153846153846 0.06490384615384616
0 0.2403846153846154 0.3161057692307692 0.010817307692307692 0.025240384615384616
0 0.23197115384615385 0.30649038461538464 0.010817307692307692 0.037259615384615384
0 0.25721153846153844 0.32211538461538464 0.010817307692307692 0.04807692307692308
0 0.25600961538461536 0.30288461538461536 0.010817307692307692 0.027644230769230768
0 0.2668269230769231 0.3004807692307692 0.010817307692307692 0.040865384615384616
0 0.2824519230769231 0.30288461538461536 0.01201923076923077 0.039663461538461536
0 0.29086538461538464 0.3004807692307692 0.010817307692307692 0.04927884615384615
0 0.3016826923076923 0.3233173076923077 0.009615384615384616 0.04567307692307692
0 0.31490384615384615 0.30288461538461536 0.009615384615384616 0.016826923076923076
0 0.31490384615384615 0.31971153846153844 0.009615384615384616 0.04447115384615385
0 0.3137019230769231 0.3401442307692308 0.01201923076923077 0.04807692307692308
0 0.32572115384615385 0.3545673076923077 0.013221153846153846 0.06490384615384616
0 0.33413461538461536 0.33413461538461536 0.01201923076923077 0.036057692307692304
0 0.3401442307692308 0.35096153846153844 0.010817307692307692 0.05048076923076923
0 0.3112980769230769 0.38822115384615385 0.018028846153846152 0.06850961538461539
0 0.31971153846153844 0.45072115384615385 0.018028846153846152 0.08413461538461539
0 0.30528846153846156 0.4411057692307692 0.019230769230769232 0.0829326923076923
0 0.31009615384615385 0.41586538461538464 0.013221153846153846 0.05048076923076923
0 0.29447115384615385 0.39903846153846156 0.013221153846153846 0.037259615384615384
0 0.28846153846153844 0.40865384615384615 0.016826923076923076 0.037259615384615384
0 0.28966346153846156 0.42788461538461536 0.013221153846153846 0.02403846153846154
0 0.28846153846153844 0.4675480769230769 0.019230769230769232 0.0889423076923077
0 0.27163461538461536 0.4579326923076923 0.020432692307692308 0.06009615384615385
0 0.26802884615384615 0.4891826923076923 0.020432692307692308 0.036057692307692304
0 0.2920673076923077 0.3545673076923077 0.013221153846153846 0.055288461538461536
0 0.28365384615384615 0.34375 0.010817307692307692 0.046875
0 0.2776442307692308 0.3293269230769231 0.010817307692307692 0.04447115384615385
0 0.27403846153846156 0.3473557692307692 0.008413461538461538 0.03485576923076923
0 0.27163461538461536 0.3233173076923077 0.009615384615384616 0.030048076923076924
0 0.2644230769230769 0.34615384615384615 0.010817307692307692 0.030048076923076924
0 0.2668269230769231 0.34615384615384615 0.009615384615384616 0.036057692307692304
0 0.25240384615384615 0.28365384615384615 0.009615384615384616 0.036057692307692304
0 0.24879807692307693 0.31009615384615385 0.009615384615384616 0.042067307692307696
0 0.2860576923076923 0.2776442307692308 0.009615384615384616 0.036057692307692304
0 0.3329326923076923 0.2932692307692308 0.009615384615384616 0.021634615384615384
0 0.6778846153846154 0.5709134615384616 0.021634615384615384 0.11658653846153846
0 0.6778846153846154 0.5685096153846154 0.020432692307692308 0.10697115384615384
0 0.6923076923076923 0.5612980769230769 0.021634615384615384 0.09735576923076923
0 0.7151442307692307 0.5432692307692307 0.018028846153846152 0.11538461538461539
0 0.8521634615384616 0.31850961538461536 0.01201923076923077 0.027644230769230768
0 0.9855769230769231 0.33774038461538464 0.01201923076923077 0.052884615384615384
0 0.9639423076923077 0.33774038461538464 0.009615384615384616 0.02403846153846154
0 0.27163461538461536 0.2704326923076923 0.009615384615384616 0.039663461538461536
0 0.24879807692307693 0.27524038461538464 0.008413461538461538 0.039663461538461536
0 0.2439903846153846 0.27403846153846156 0.007211538461538462 0.037259615384615384
0 0.23798076923076922 0.2980769230769231 0.007211538461538462 0.03245192307692308
0 0.2283653846153846 0.29086538461538464 0.007211538461538462 0.015625
0 0.23317307692307693 0.29447115384615385 0.007211538461538462 0.03365384615384615
0 0.22716346153846154 0.2800480769230769 0.007211538461538462 0.038461538461538464
0 0.23677884615384615 0.27884615384615385 0.009615384615384616 0.036057692307692304
0 0.23197115384615385 0.25721153846153844 0.007211538461538462 0.026442307692307692
0 0.22956730769230768 0.25 0.009615384615384616 0.03245192307692308
0 0.22355769230769232 0.25841346153846156 0.008413461538461538 0.03245192307692308
0 0.1971153846153846 0.26322115384615385 0.007211538461538462 0.03485576923076923
0 0.20072115384615385 0.24519230769230768 0.007211538461538462 0.03365384615384615
0 0.20432692307692307 0.2439903846153846 0.006009615384615385 0.027644230769230768
0 0.20432692307692307 0.25961538461538464 0.007211538461538462 0.03125
0 0.19110576923076922 0.24639423076923078 0.006009615384615385 0.030048076923076924
0 0.20552884615384615 0.22235576923076922 0.006009615384615385 0.026442307692307692
0 0.19951923076923078 0.22355769230769232 0.006009615384615385 0.028846153846153848
0 0.19591346153846154 0.22596153846153846 0.007211538461538462 0.026442307692307692
0 0.25721153846153844 0.2620192307692308 0.006009615384615385 0.03365384615384615
0 0.24879807692307693 0.2536057692307692 0.007211538461538462 0.019230769230769232
0 0.2644230769230769 0.27283653846153844 0.007211538461538462 0.030048076923076924
0 0.26322115384615385 0.25841346153846156 0.006009615384615385 0.027644230769230768
0 0.9014423076923077 0.8209134615384616 0.021634615384615384 0.06009615384615385
0 0.5 0.8257211538461539 0.028846153846153848 0.16947115384615385
0 0.5384615384615384 0.47596153846153844 0.013221153846153846 0.0829326923076923
0 0.38822115384615385 0.49158653846153844 0.01201923076923077 0.03485576923076923
0 0.2956730769230769 0.3293269230769231 0.014423076923076924 0.036057692307692304
0 0.21754807692307693 0.3557692307692308 0.013221153846153846 0.05889423076923077
0 0.24759615384615385 0.3269230769230769 0.009615384615384616 0.04807692307692308
0 0.21995192307692307 0.2932692307692308 0.004807692307692308 0.040865384615384616