0 0.01653846153846154 0.09119496855345911 0.026923076923076925 0.10272536687631027
0 0.03423076923076923 0.09486373165618449 0.02846153846153846 0.10796645702306079
0 0.061153846153846156 0.1069182389937107 0.04384615384615385 0.1090146750524109
0 0.07461538461538461 0.19444444444444445 0.047692307692307694 0.14360587002096437
0 0.1373076923076923 0.08280922431865828 0.026923076923076925 0.1090146750524109
0 0.15538461538461537 0.025681341719077568 0.013846153846153847 0.03039832285115304
0 0.17076923076923076 0.033542976939203356 0.026153846153846153 0.06079664570230608
0 0.15730769230769232 0.07651991614255765 0.02076923076923077 0.09433962264150944
0 0.17307692307692307 0.10220125786163523 0.03230769230769231 0.12054507337526206
0 0.14884615384615385 0.12945492662473795 0.031538461538461536 0.11215932914046121
0 0.2746153846153846 0.07861635220125786 0.02 0.10482180293501048
0 0.29730769230769233 0.0649895178197065 0.026923076923076925 0.10482180293501048
0 0.3069230769230769 0.10429769392033543 0.046153846153846156 0.11844863731656184
0 0.3730769230769231 0.055031446540880505 0.027692307692307693 0.11006289308176101
0 0.39615384615384613 0.04350104821802935 0.02 0.0870020964360587
0 0.41884615384615387 0.08228511530398323 0.031538461538461536 0.10587002096436059
0 0.4530769230769231 0.05607966457023061 0.023076923076923078 0.09329140461215933
0 0.6046153846153847 0.15723270440251572 0.03076923076923077 0.11320754716981132
0 0.6803846153846154 0.15670859538784068 0.03461538461538462 0.11215932914046121
0 0.7176923076923077 0.11006289308176101 0.03538461538461538 0.09224318658280922
0 0.7976923076923077 0.050314465408805034 0.024615384615384615 0.09853249475890985
0 0.7357692307692307 0.049266247379454925 0.03 0.09853249475890985
0 0.7942307692307692 0.05241090146750524 0.02076923076923077 0.09224318658280922
0 0.9284615384615384 0.0429769392033543 0.024615384615384615 0.0859538784067086
0 0.9334615384615385 0.12264150943396226 0.031538461538461536 0.1090146750524109
0 0.9669230769230769 0.3469601677148847 0.06461538461538462 0.1530398322851153
0 0.8646153846153846 0.379979035639413 0.05692307692307692 0.15828092243186584
0 0.8484615384615385 0.3611111111111111 0.047692307692307694 0.16666666666666666
0 0.7923076923076923 0.4580712788259958 0.047692307692307694 0.16771488469601678
0 0.7357692307692307 0.3742138364779874 0.03307692307692308 0.16142557651991615
0 0.7326923076923076 0.3081761006289308 0.014615384615384615 0.027253668763102725
0 0.7234615384615385 0.4329140461215933 0.06538461538461539 0.18448637316561844
0 0.6892307692307692 0.4061844863731656 0.036923076923076927 0.18343815513626835
0 0.6734615384615384 0.4119496855345912 0.026923076923076925 0.14675052410901468
0 0.7023076923076923 0.3280922431865828 0.02923076923076923 0.15513626834381553
0 0.7253846153846154 0.21855345911949686 0.036923076923076927 0.1331236897274633
0 0.6211538461538462 0.2861635220125786 0.040769230769230766 0.14675052410901468
0 0.5661538461538461 0.29245283018867924 0.04461538461538461 0.1509433962264151
0 0.5953846153846154 0.3747379454926625 0.047692307692307694 0.17295597484276728
0 0.5246153846153846 0.2348008385744235 0.04 0.1111111111111111
0 0.5211538461538462 0.2510482180293501 0.03461538461538462 0.0870020964360587
0 0.3880769230769231 0.28144654088050314 0.03923076923076923 0.1289308176100629
0 0.39 0.29821802935010483 0.03230769230769231 0.14150943396226415
0 0.43538461538461537 0.29979035639413 0.038461538461538464 0.14255765199161424
0 0.4326923076923077 0.30712788259958074 0.03461538461538462 0.1488469601677149
0 0.475 0.3149895178197065 0.036153846153846154 0.16247379454926625
0 0.49846153846153846 0.32547169811320753 0.027692307692307693 0.11425576519916142
0 0.5242307692307693 0.36268343815513626 0.05153846153846154 0.13417190775681342
0 0.5657692307692308 0.4308176100628931 0.07153846153846154 0.16561844863731656
0 0.5038461538461538 0.4753668763102725 0.04923076923076923 0.1792452830188679
0 0.3569230769230769 0.5859538784067087 0.05076923076923077 0.1970649895178197
0 0.3873076923076923 0.6247379454926625 0.057692307692307696 0.22641509433962265
0 0.5980769230769231 0.6666666666666666 0.06384615384615384 0.20545073375262055
0 0.6392307692307693 0.6572327044025157 0.055384615384615386 0.1928721174004193
0 0.0823076923076923 0.41509433962264153 0.04923076923076923 0.1761006289308176
0 0.21846153846153846 0.29559748427672955 0.04153846153846154 0.14675052410901468
0 0.24576923076923077 0.2856394129979036 0.05307692307692308 0.13731656184486374