0 0.08173076923076923 0.40024038461538464 0.0673076923076923 0.23197115384615385
0 0.18870192307692307 0.40024038461538464 0.054086538461538464 0.20072115384615385
0 0.2776442307692308 0.3894230769230769 0.04447115384615385 0.18028846153846154
0 0.38100961538461536 0.4206730769230769 0.04447115384615385 0.0733173076923077
0 0.4639423076923077 0.34975961538461536 0.027644230769230768 0.13581730769230768
0 0.49399038461538464 0.34615384615384615 0.026442307692307692 0.14423076923076922
0 0.578125 0.33413461538461536 0.030048076923076924 0.07211538461538461
0 0.6370192307692307 0.3173076923076923 0.015625 0.02283653846153846
0 0.6430288461538461 0.3269230769230769 0.020432692307692308 0.057692307692307696
0 0.7247596153846154 0.3641826923076923 0.057692307692307696 0.14302884615384615
0 0.71875 0.36778846153846156 0.04447115384615385 0.14783653846153846
0 0.6742788461538461 0.38822115384615385 0.06850961538461539 0.140625
0 0.6274038461538461 0.4110576923076923 0.0889423076923077 0.2127403846153846
0 0.5300480769230769 0.44350961538461536 0.08533653846153846 0.22716346153846154
0 0.4519230769230769 0.4831730769230769 0.12740384615384615 0.2704326923076923
0 0.3137019230769231 0.5108173076923077 0.14783653846153846 0.36538461538461536
0 0.17427884615384615 0.625 0.16105769230769232 0.45913461538461536
0 0.8197115384615384 0.484375 0.0985576923076923 0.33653846153846156
0 0.8701923076923077 0.43149038461538464 0.10336538461538461 0.29086538461538464
0 0.8557692307692307 0.35216346153846156 0.042067307692307696 0.20793269230769232
0 0.6262019230769231 0.39783653846153844 0.07451923076923077 0.16466346153846154