0 0.5108173076923077 0.6478365384615384 0.04927884615384615 0.21995192307692307
0 0.5204326923076923 0.6490384615384616 0.08173076923076923 0.3473557692307692
0 0.6334134615384616 0.5877403846153846 0.040865384615384616 0.21634615384615385
0 0.6382211538461539 0.5805288461538461 0.04447115384615385 0.21394230769230768
0 0.7079326923076923 0.5961538461538461 0.04807692307692308 0.2692307692307692
0 0.7896634615384616 0.7115384615384616 0.08653846153846154 0.5733173076923077
0 0.8389423076923077 0.5685096153846154 0.04447115384615385 0.17067307692307693
0 0.8245192307692307 0.5084134615384616 0.016826923076923076 0.052884615384615384
0 0.8533653846153846 0.5492788461538461 0.025240384615384616 0.16706730769230768
0 0.8581730769230769 0.49278846153846156 0.009615384615384616 0.027644230769230768
0 0.8653846153846154 0.5276442307692307 0.014423076923076924 0.0889423076923077
0 0.8774038461538461 0.5240384615384616 0.01201923076923077 0.08052884615384616