0 0.078125 0.5757211538461539 0.15625 0.84375
0 0.2644230769230769 0.21033653846153846 0.046875 0.10336538461538461
0 0.29447115384615385 0.21634615384615385 0.04567307692307692 0.08774038461538461
0 0.23677884615384615 0.3786057692307692 0.06129807692307692 0.14302884615384615
0 0.9891826923076923 0.7043269230769231 0.021634615384615384 0.3125
0 0.953125 0.7055288461538461 0.06490384615384616 0.3076923076923077
0 0.8762019230769231 0.7764423076923077 0.06009615384615385 0.16826923076923078
0 0.7956730769230769 0.7079326923076923 0.06009615384615385 0.3112980769230769
0 0.703125 0.7067307692307693 0.1201923076923077 0.390625
0 0.5841346153846154 0.6959134615384616 0.18990384615384615 0.5588942307692307
0 0.5060096153846154 0.734375 0.0733173076923077 0.19110576923076922
0 0.6009615384615384 0.7235576923076923 0.08653846153846154 0.3293269230769231
0 0.5276442307692307 0.6778846153846154 0.027644230769230768 0.06971153846153846
0 0.4951923076923077 0.5528846153846154 0.06129807692307692 0.12379807692307693
0 0.8774038461538461 0.6490384615384616 0.1778846153846154 0.7019230769230769
0 0.6370192307692307 0.4362980769230769 0.15985576923076922 0.8137019230769231
0 0.45913461538461536 0.4951923076923077 0.20673076923076922 0.9014423076923077
0 0.3473557692307692 0.4735576923076923 0.19110576923076922 0.8341346153846154
0 0.31971153846153844 0.7752403846153846 0.07572115384615384 0.2127403846153846
0 0.23197115384615385 0.6081730769230769 0.07451923076923077 0.17067307692307693
0 0.24879807692307693 0.5348557692307693 0.051682692307692304 0.13701923076923078
0 0.13942307692307693 0.5913461538461539 0.057692307692307696 0.15865384615384615
0 0.13341346153846154 0.515625 0.052884615384615384 0.13942307692307693
0 0.14302884615384615 0.38341346153846156 0.06490384615384616 0.12139423076923077
0 0.3137019230769231 0.39302884615384615 0.046875 0.13221153846153846
0 0.6394230769230769 0.6875 0.038461538461538464 0.07451923076923077