0 0.07572115384615384 0.6646634615384616 0.14182692307692307 0.6706730769230769
0 0.7512019230769231 0.359375 0.04567307692307692 0.171875
0 0.7908653846153846 0.3401442307692308 0.05048076923076923 0.14903846153846154
0 0.8125 0.35216346153846156 0.036057692307692304 0.0985576923076923
0 0.8545673076923077 0.4026442307692308 0.051682692307692304 0.24519230769230768
0 0.8978365384615384 0.3545673076923077 0.03365384615384615 0.125
0 0.9242788461538461 0.3473557692307692 0.042067307692307696 0.12620192307692307
0 0.9423076923076923 0.3798076923076923 0.039663461538461536 0.18509615384615385
0 0.9495192307692307 0.375 0.04567307692307692 0.17307692307692307
0 0.9939903846153846 0.3473557692307692 0.01201923076923077 0.04927884615384615
0 0.9771634615384616 0.3269230769230769 0.010817307692307692 0.019230769230769232