0 0.8329326923076923 0.515625 0.19951923076923078 0.7427884615384616
0 0.5673076923076923 0.5252403846153846 0.3269230769230769 0.5997596153846154
0 0.5853365384615384 0.49278846153846156 0.21875 0.7199519230769231
0 0.2091346153846154 0.5576923076923077 0.390625 0.8834134615384616
0 0.8713942307692307 0.24278846153846154 0.04326923076923077 0.07211538461538461
0 0.7872596153846154 0.2512019230769231 0.0625 0.1622596153846154
0 0.7259615384615384 0.3269230769230769 0.0829326923076923 0.3317307692307692
0 0.6526442307692307 0.3161057692307692 0.0829326923076923 0.3641826923076923
0 0.5564903846153846 0.20673076923076922 0.04447115384615385 0.11899038461538461
0 0.5012019230769231 0.32211538461538464 0.08533653846153846 0.3737980769230769
0 0.43509615384615385 0.3269230769230769 0.07692307692307693 0.3737980769230769
0 0.359375 0.34134615384615385 0.08413461538461539 0.36177884615384615
0 0.28966346153846156 0.31971153846153844 0.06490384615384616 0.328125
0 0.1875 0.20072115384615385 0.05048076923076923 0.12980769230769232
0 0.13822115384615385 0.35336538461538464 0.10216346153846154 0.36538461538461536
0 0.06850961538461539 0.3545673076923077 0.08413461538461539 0.36899038461538464
0 0.016826923076923076 0.39663461538461536 0.03365384615384615 0.29086538461538464
0 0.026442307692307692 0.2776442307692308 0.052884615384615384 0.3786057692307692
0 0.09134615384615384 0.3004807692307692 0.0625 0.359375
0 0.15264423076923078 0.171875 0.07451923076923077 0.10096153846153846
0 0.30528846153846156 0.1935096153846154 0.046875 0.13822115384615385
0 0.35697115384615385 0.1814903846153846 0.07211538461538461 0.11658653846153846
0 0.40384615384615385 0.28966346153846156 0.055288461538461536 0.34375
0 0.5060096153846154 0.15865384615384615 0.08052884615384616 0.08653846153846154
0 0.5564903846153846 0.14302884615384615 0.05048076923076923 0.09375
0 0.6382211538461539 0.16466346153846154 0.04807692307692308 0.0829326923076923
0 0.7091346153846154 0.265625 0.0829326923076923 0.359375
0 0.7776442307692307 0.1778846153846154 0.05889423076923077 0.1141826923076923
0 0.8028846153846154 0.11899038461538461 0.06370192307692307 0.14543269230769232
0 0.47596153846153844 0.12980769230769232 0.057692307692307696 0.12620192307692307
0 0.30288461538461536 0.13581730769230768 0.06610576923076923 0.11899038461538461
0 0.22716346153846154 0.09254807692307693 0.0733173076923077 0.10216346153846154
0 0.13701923076923078 0.13221153846153846 0.09254807692307693 0.1141826923076923
0 0.051682692307692304 0.1310096153846154 0.054086538461538464 0.109375
0 0.03365384615384615 0.06370192307692307 0.06610576923076923 0.12620192307692307
0 0.07451923076923077 0.08653846153846154 0.07692307692307693 0.171875
0 0.15144230769230768 0.10336538461538461 0.08173076923076923 0.20552884615384615
0 0.21995192307692307 0.06610576923076923 0.06971153846153846 0.12980769230769232
0 0.30408653846153844 0.06129807692307692 0.06971153846153846 0.12139423076923077
0 0.3557692307692308 0.06129807692307692 0.06129807692307692 0.1201923076923077
0 0.5324519230769231 0.07692307692307693 0.07211538461538461 0.12620192307692307
0 0.609375 0.08173076923076923 0.08533653846153846 0.13341346153846154
0 0.6730769230769231 0.08052884615384616 0.057692307692307696 0.09375