0 0.3404365904365904 0.14771048744460857 0.059251559251559255 0.11225997045790251
0 0.3492723492723493 0.1779911373707533 0.060291060291060294 0.11078286558345643
0 0.3892931392931393 0.1809453471196455 0.04054054054054054 0.08124076809453472
0 0.14916839916839916 0.19571639586410636 0.036382536382536385 0.05465288035450517
0 0.9604989604989606 0.19793205317577547 0.062370062370062374 0.11521418020679468
0 0.08108108108108109 0.20088626292466766 0.08523908523908524 0.14771048744460857
0 0.9126819126819127 0.21122599704579026 0.06652806652806653 0.23338257016248154
0 0.46153846153846156 0.21565731166912852 0.0395010395010395 0.09453471196454949
0 0.5602910602910602 0.2259970457902511 0.060291060291060294 0.10635155096011817
0 0.5077962577962578 0.23190546528803546 0.059251559251559255 0.15657311669128507
0 0.4106029106029106 0.25258493353028066 0.033264033264033266 0.10044313146233383
0 0.34303534303534305 0.2621861152141802 0.09355509355509356 0.16100443131462333
0 0.8378378378378378 0.26292466765140327 0.07484407484407485 0.17429837518463812
0 0.8872141372141372 0.26292466765140327 0.04885654885654886 0.2717872968980798
0 0.061330561330561334 0.2776957163958641 0.12266112266112267 0.23929098966026588
0 0.38617463617463615 0.2880354505169867 0.036382536382536385 0.11521418020679468
0 0.9604989604989606 0.30428360413589367 0.0498960498960499 0.1240768094534712
0 0.5363825363825364 0.3064992614475628 0.04781704781704782 0.11669128508124077
0 0.2785862785862786 0.3205317577548006 0.0498960498960499 0.12998522895125553
0 0.3762993762993763 0.32348596750369274 0.06444906444906445 0.11521418020679468
0 0.4028066528066528 0.327178729689808 0.02598752598752599 0.060561299852289516
0 0.9480249480249481 0.32791728212703103 0.033264033264033266 0.09748892171344166
0 0.4604989604989605 0.3330871491875923 0.0997920997920998 0.20827178729689808
0 0.9043659043659044 0.3330871491875923 0.07484407484407485 0.16691285081240767
0 0.7292099792099792 0.3360413589364845 0.08627858627858628 0.19940915805022155
0 0.5873180873180873 0.33677991137370755 0.10602910602910603 0.2038404726735598
0 0.04313929313929314 0.33825701624815363 0.08627858627858628 0.17134416543574593
0 0.5893970893970893 0.33825701624815363 0.0997920997920998 0.19497784342688332
0 0.6876299376299376 0.3914327917282127 0.12162162162162163 0.19793205317577547
0 0.3586278586278586 0.39364844903988183 0.08316008316008316 0.08124076809453472
0 0.3373180873180873 0.3995568685376662 0.07796257796257797 0.19054652880354506
0 0.737006237006237 0.41063515509601184 0.1496881496881497 0.38404726735598227
0 0.4267151767151767 0.41802067946824223 0.06340956340956341 0.13884785819793205
0 0.08835758835758836 0.4194977843426883 0.07484407484407485 0.22451994091580502
0 0.14812889812889812 0.42097488921713444 0.0945945945945946 0.17725258493353027
0 0.25675675675675674 0.4261447562776957 0.10395010395010396 0.2466765140324963
0 0.818087318087318 0.42688330871491875 0.1288981288981289 0.3072378138847858
0 0.9241164241164241 0.44165435745937964 0.08731808731808732 0.2688330871491876
0 0.5103950103950103 0.45568685376661744 0.06860706860706861 0.155096011816839
0 0.8248440748440748 0.4734121122599705 0.11954261954261955 0.23190546528803546
0 0.037941787941787944 0.4815361890694239 0.07588357588357589 0.18020679468242246
0 0.20686070686070687 0.4844903988183161 0.0893970893970894 0.23042836041358936
0 0.11798336798336799 0.5059084194977843 0.12370062370062371 0.1964549483013294
0 0.3872141372141372 0.5221565731166913 0.16112266112266113 0.24076809453471196
0 0.604989604989605 0.5369276218611522 0.14760914760914762 0.36779911373707536
0 0.9261954261954262 0.5731166912850812 0.11850311850311851 0.206794682422452
0 0.46621621621621623 0.5768094534711965 0.20686070686070687 0.2998522895125554
0 0.7385654885654885 0.6189069423929099 0.12162162162162163 0.2717872968980798
0 0.6897089397089398 0.6927621861152142 0.13825363825363826 0.3604135893648449
0 0.2801455301455301 0.6942392909896603 0.10083160083160084 0.20088626292466766
0 0.5015592515592515 0.7016248153618907 0.12993762993762994 0.2895125553914328
0 0.13825363825363826 0.7127031019202363 0.11850311850311851 0.48005908419497784
0 0.14241164241164242 0.723781388478582 0.2661122661122661 0.5494830132939439
0 0.2515592515592516 0.7385524372230429 0.1288981288981289 0.22156573116691286
0 0.8731808731808732 0.7791728212703102 0.1600831600831601 0.361890694239291
0 0.49428274428274427 0.792466765140325 0.24636174636174638 0.4121122599704579
0 0.9158004158004158 0.8286558345642541 0.16632016632016633 0.3397341211225997
0 0.26403326403326405 0.8530280649926145 0.1787941787941788 0.22895125553914328
0 0.7146569646569647 0.8559822747415067 0.13617463617463618 0.28508124076809455
0 0.3108108108108108 0.896602658788774 0.2681912681912682 0.2038404726735598
0 0.39604989604989604 0.1307237813884786 0.05405405405405406 0.12259970457902511