0 0.019230769230769232 0.8305288461538461 0.020432692307692308 0.22596153846153846
0 0.020432692307692308 0.7728365384615384 0.02403846153846154 0.1045673076923077
0 0.04807692307692308 0.8497596153846154 0.06129807692307692 0.28966346153846156
0 0.07572115384615384 0.828125 0.04447115384615385 0.24879807692307693
0 0.13822115384615385 0.8233173076923077 0.057692307692307696 0.20432692307692307
0 0.18870192307692307 0.7307692307692307 0.02283653846153846 0.04326923076923077
0 0.1935096153846154 0.7415865384615384 0.057692307692307696 0.11538461538461539
0 0.234375 0.7992788461538461 0.24158653846153846 0.4014423076923077
0 0.29927884615384615 0.7427884615384616 0.042067307692307696 0.0985576923076923
0 0.33774038461538464 0.8173076923076923 0.04447115384615385 0.22355769230769232
0 0.38100961538461536 0.8257211538461539 0.05048076923076923 0.21394230769230768
0 0.39903846153846156 0.7620192307692307 0.026442307692307692 0.10096153846153846
0 0.4182692307692308 0.8473557692307693 0.056490384615384616 0.2608173076923077
0 0.45913461538461536 0.8245192307692307 0.07091346153846154 0.2860576923076923
0 0.5072115384615384 0.7367788461538461 0.07451923076923077 0.17548076923076922
0 0.5180288461538461 0.8377403846153846 0.16706730769230768 0.3233173076923077
0 0.6502403846153846 0.8401442307692307 0.15384615384615385 0.31971153846153844
0 0.7175480769230769 0.8245192307692307 0.10576923076923077 0.35096153846153844
0 0.7319711538461539 0.8245192307692307 0.054086538461538464 0.28725961538461536
0 0.7752403846153846 0.8149038461538461 0.04807692307692308 0.23197115384615385
0 0.8100961538461539 0.7848557692307693 0.055288461538461536 0.23557692307692307
0 0.8473557692307693 0.7427884615384616 0.039663461538461536 0.09254807692307693
0 0.8689903846153846 0.7115384615384616 0.04807692307692308 0.0733173076923077
0 0.875 0.7716346153846154 0.03245192307692308 0.09014423076923077
0 0.8413461538461539 0.8689903846153846 0.09495192307692307 0.2608173076923077
0 0.90625 0.7043269230769231 0.027644230769230768 0.09254807692307693
0 0.921875 0.8401442307692307 0.11538461538461539 0.31971153846153844
0 0.9699519230769231 0.8485576923076923 0.055288461538461536 0.30288461538461536