0 0.7331730769230769 0.6959134615384616 0.27403846153846156 0.6081730769230769
0 0.5180288461538461 0.7019230769230769 0.1502403846153846 0.4182692307692308
0 0.44350961538461536 0.7007211538461539 0.21875 0.5709134615384616
0 0.24158653846153846 0.6358173076923077 0.12980769230769232 0.2860576923076923
0 0.1778846153846154 0.6742788461538461 0.18870192307692307 0.359375
0 0.14783653846153846 0.6754807692307693 0.1310096153846154 0.3545673076923077
0 0.2512019230769231 0.46274038461538464 0.04927884615384615 0.09975961538461539
0 0.35336538461538464 0.5480769230769231 0.06610576923076923 0.13942307692307693
0 0.4326923076923077 0.6105769230769231 0.040865384615384616 0.21995192307692307
0 0.484375 0.5588942307692307 0.051682692307692304 0.16706730769230768
0 0.5637019230769231 0.6153846153846154 0.06971153846153846 0.22716346153846154
0 0.6875 0.515625 0.030048076923076924 0.11057692307692307
0 0.7620192307692307 0.5685096153846154 0.02283653846153846 0.0733173076923077
0 0.7692307692307693 0.5396634615384616 0.020432692307692308 0.07932692307692307
0 0.796875 0.5216346153846154 0.030048076923076924 0.07572115384615384
0 0.9230769230769231 0.5733173076923077 0.051682692307692304 0.11177884615384616
0 0.9807692307692307 0.53125 0.028846153846153848 0.0889423076923077
0 0.9459134615384616 0.5745192307692307 0.04807692307692308 0.1141826923076923
0 0.9831730769230769 0.5865384615384616 0.03245192307692308 0.12259615384615384