0 0.02403846153846154 0.6274038461538461 0.04807692307692308 0.04927884615384615
0 0.051682692307692304 0.5805288461538461 0.0733173076923077 0.17668269230769232
0 0.11538461538461539 0.5432692307692307 0.036057692307692304 0.16466346153846154
0 0.17427884615384615 0.6117788461538461 0.10096153846153846 0.3894230769230769
0 0.41466346153846156 0.4675480769230769 0.013221153846153846 0.04326923076923077
0 0.4170673076923077 0.49278846153846156 0.019230769230769232 0.04326923076923077
0 0.4266826923076923 0.49038461538461536 0.016826923076923076 0.04326923076923077
0 0.46033653846153844 0.49278846153846156 0.013221153846153846 0.039663461538461536
0 0.4543269230769231 0.5024038461538461 0.007211538461538462 0.020432692307692308
0 0.44350961538461536 0.4951923076923077 0.013221153846153846 0.039663461538461536
0 0.6334134615384616 0.46875 0.018028846153846152 0.037259615384615384
0 0.6141826923076923 0.4951923076923077 0.013221153846153846 0.051682692307692304
0 0.7019230769230769 0.48197115384615385 0.021634615384615384 0.03485576923076923
0 0.7319711538461539 0.47596153846153844 0.04326923076923077 0.051682692307692304
0 0.765625 0.47716346153846156 0.010817307692307692 0.040865384615384616
0 0.8473557692307693 0.5408653846153846 0.026442307692307692 0.0985576923076923
0 0.9723557692307693 0.6009615384615384 0.055288461538461536 0.1935096153846154
0 0.47115384615384615 0.6069711538461539 0.04567307692307692 0.04567307692307692
0 0.5228365384615384 0.59375 0.020432692307692308 0.03485576923076923
0 0.5685096153846154 0.6117788461538461 0.04567307692307692 0.10096153846153846
0 0.5865384615384616 0.671875 0.06850961538461539 0.07572115384615384
0 0.5721153846153846 0.8185096153846154 0.0889423076923077 0.08173076923076923
0 0.4639423076923077 0.7403846153846154 0.09495192307692307 0.11538461538461539
0 0.46153846153846156 0.6754807692307693 0.0673076923076923 0.07451923076923077
0 0.15865384615384615 0.3629807692307692 0.016826923076923076 0.06009615384615385
0 0.17427884615384615 0.36778846153846156 0.014423076923076924 0.06129807692307692
0 0.23798076923076922 0.3918269230769231 0.014423076923076924 0.06370192307692307