0 0.1622596153846154 0.7680288461538461 0.038461538461538464 0.12980769230769232
0 0.20192307692307693 0.7644230769230769 0.03125 0.13341346153846154
0 0.22115384615384615 0.7680288461538461 0.038461538461538464 0.12379807692307693
0 0.41346153846153844 0.7512019230769231 0.036057692307692304 0.14182692307692307
0 0.5637019230769231 0.7512019230769231 0.027644230769230768 0.14182692307692307
0 0.5817307692307693 0.7295673076923077 0.019230769230769232 0.07211538461538461
0 0.6310096153846154 0.7548076923076923 0.036057692307692304 0.14543269230769232
0 0.7199519230769231 0.7620192307692307 0.04807692307692308 0.14903846153846154
0 0.8978365384615384 0.7536057692307693 0.027644230769230768 0.11658653846153846
0 0.9206730769230769 0.7427884615384616 0.026442307692307692 0.08533653846153846
0 0.9362980769230769 0.7560096153846154 0.026442307692307692 0.1201923076923077
0 0.9831730769230769 0.7211538461538461 0.02403846153846154 0.057692307692307696
0 0.640625 0.7536057692307693 0.03125 0.13581730769230768