0 0.7512019230769231 0.6598557692307693 0.04326923076923077 0.22355769230769232
0 0.41586538461538464 0.6971153846153846 0.0829326923076923 0.27524038461538464
0 0.3137019230769231 0.6514423076923077 0.04567307692307692 0.16947115384615385
0 0.35336538461538464 0.6310096153846154 0.040865384615384616 0.14783653846153846
0 0.38822115384615385 0.640625 0.03125 0.12740384615384615
0 0.23317307692307693 0.640625 0.028846153846153848 0.12740384615384615
0 0.2704326923076923 0.6346153846153846 0.04447115384615385 0.1346153846153846
0 0.18028846153846154 0.6322115384615384 0.028846153846153848 0.0985576923076923
0 0.2091346153846154 0.6057692307692307 0.019230769230769232 0.05889423076923077
0 0.05889423076923077 0.7379807692307693 0.06610576923076923 0.3425480769230769
0 0.09495192307692307 0.7379807692307693 0.042067307692307696 0.2980769230769231
0 0.3317307692307692 0.6286057692307693 0.016826923076923076 0.09975961538461539
0 0.37259615384615385 0.6298076923076923 0.016826923076923076 0.1045673076923077
0 0.19831730769230768 0.6550480769230769 0.03365384615384615 0.04807692307692308