0 0.35336538461538464 0.4855769230769231 0.08774038461538461 0.3786057692307692
0 0.41225961538461536 0.49038461538461536 0.09375 0.38100961538461536
0 0.0889423076923077 0.6141826923076923 0.04927884615384615 0.1814903846153846
0 0.17668269230769232 0.6069711538461539 0.04927884615384615 0.19831730769230768
0 0.20192307692307693 0.5588942307692307 0.02403846153846154 0.12740384615384615
0 0.234375 0.5564903846153846 0.05048076923076923 0.12379807692307693
0 0.2824519230769231 0.5576923076923077 0.028846153846153848 0.11057692307692307
0 0.2824519230769231 0.5516826923076923 0.028846153846153848 0.11778846153846154
0 0.2776442307692308 0.640625 0.06370192307692307 0.07692307692307693
0 0.30528846153846156 0.6454326923076923 0.06129807692307692 0.06370192307692307
0 0.5420673076923077 0.6430288461538461 0.09615384615384616 0.0733173076923077
0 0.5408653846153846 0.6514423076923077 0.0889423076923077 0.06009615384615385
0 0.6274038461538461 0.5841346153846154 0.0625 0.20673076923076922
0 0.7271634615384616 0.5204326923076923 0.042067307692307696 0.19951923076923078
0 0.7572115384615384 0.5120192307692307 0.016826923076923076 0.11177884615384616
0 0.7944711538461539 0.3894230769230769 0.05889423076923077 0.19230769230769232