0 0.9002403846153846 0.7608173076923077 0.07211538461538461 0.12379807692307693
0 0.9338942307692307 0.7283653846153846 0.08653846153846154 0.18028846153846154
0 0.5673076923076923 0.6274038461538461 0.265625 0.7439903846153846
0 0.3233173076923077 0.6502403846153846 0.24278846153846154 0.6995192307692307
0 0.22355769230769232 0.6971153846153846 0.09495192307692307 0.22355769230769232
0 0.44591346153846156 0.6875 0.10216346153846154 0.2548076923076923
0 0.515625 0.6959134615384616 0.06850961538461539 0.23677884615384615
0 0.9375 0.3605769230769231 0.078125 0.2091346153846154
0 0.8725961538461539 0.3713942307692308 0.0673076923076923 0.18990384615384615
0 0.7692307692307693 0.3629807692307692 0.078125 0.20793269230769232
0 0.7067307692307693 0.3605769230769231 0.07692307692307693 0.21634615384615385
0 0.6298076923076923 0.37740384615384615 0.06129807692307692 0.18269230769230768
0 0.5685096153846154 0.31971153846153844 0.06610576923076923 0.0673076923076923
0 0.3701923076923077 0.328125 0.06490384615384616 0.28846153846153844
0 0.29927884615384615 0.34615384615384615 0.0673076923076923 0.2704326923076923
0 0.18990384615384615 0.30408653846153844 0.07692307692307693 0.234375
0 0.11538461538461539 0.3269230769230769 0.0829326923076923 0.33533653846153844