0 0.8221153846153846 0.6887019230769231 0.3485576923076923 0.5384615384615384
0 0.6346153846153846 0.6598557692307693 0.3870192307692308 0.45913461538461536
0 0.2848557692307692 0.7536057692307693 0.22956730769230768 0.49158653846153844
0 0.09975961538461539 0.7199519230769231 0.19831730769230768 0.5600961538461539
0 0.21514423076923078 0.42908653846153844 0.10096153846153846 0.2764423076923077
0 0.38100961538461536 0.6478365384615384 0.203125 0.3954326923076923
0 0.10096153846153846 0.1778846153846154 0.1346153846153846 0.3557692307692308
0 0.19831730769230768 0.16826923076923078 0.08173076923076923 0.30408653846153844
0 0.1045673076923077 0.40024038461538464 0.1346153846153846 0.20552884615384615
0 0.2668269230769231 0.390625 0.171875 0.3557692307692308
0 0.5072115384615384 0.12860576923076922 0.140625 0.23918269230769232
0 0.6622596153846154 0.16105769230769232 0.10576923076923077 0.2764423076923077
0 0.9122596153846154 0.5096153846153846 0.1201923076923077 0.32091346153846156
0 0.9579326923076923 0.5180288461538461 0.08413461538461539 0.35096153846153844
0 0.6887019230769231 0.5144230769230769 0.18870192307692307 0.3016826923076923
0 0.53125 0.4807692307692308 0.1814903846153846 0.34375
0 0.7487980769230769 0.359375 0.09375 0.23197115384615385
0 0.8966346153846154 0.328125 0.06850961538461539 0.0889423076923077
0 0.9182692307692307 0.25600961538461536 0.08413461538461539 0.15264423076923078
0 0.8461538461538461 0.39302884615384615 0.0985576923076923 0.2764423076923077
0 0.8317307692307693 0.29447115384615385 0.09375 0.18990384615384615