0 0.8713942307692307 0.3088942307692308 0.038461538461538464 0.09615384615384616
0 0.8004807692307693 0.34375 0.04447115384615385 0.1658653846153846
0 0.7536057692307693 0.35216346153846156 0.054086538461538464 0.19951923076923078
0 0.9110576923076923 0.4423076923076923 0.054086538461538464 0.12379807692307693
0 0.9591346153846154 0.45913461538461536 0.08052884615384616 0.1201923076923077
0 0.9483173076923077 0.7211538461538461 0.10336538461538461 0.49038461538461536
0 0.7992788461538461 0.6899038461538461 0.20552884615384615 0.5072115384615384
0 0.7295673076923077 0.5492788461538461 0.08653846153846154 0.18269230769230768
0 0.9435096153846154 0.5012019230769231 0.057692307692307696 0.11298076923076923
0 0.4110576923076923 0.6790865384615384 0.14543269230769232 0.6286057692307693
0 0.36778846153846156 0.4831730769230769 0.08533653846153846 0.18028846153846154
0 0.23557692307692307 0.6754807692307693 0.19471153846153846 0.49278846153846156
0 0.08052884615384616 0.5180288461538461 0.16105769230769232 0.9639423076923077
0 0.22716346153846154 0.4098557692307692 0.10216346153846154 0.2776442307692308
0 0.33653846153846156 0.4074519230769231 0.1045673076923077 0.33653846153846156
0 0.4483173076923077 0.32572115384615385 0.036057692307692304 0.11298076923076923
0 0.484375 0.48197115384615385 0.07211538461538461 0.39783653846153844
0 0.6177884615384616 0.36778846153846156 0.057692307692307696 0.22596153846153846
0 0.5877403846153846 0.3605769230769231 0.037259615384615384 0.19471153846153846
0 0.5661057692307693 0.3713942307692308 0.036057692307692304 0.12860576923076922
0 0.5384615384615384 0.4266826923076923 0.056490384615384616 0.14903846153846154
0 0.5444711538461539 0.3942307692307692 0.055288461538461536 0.11057692307692307
0 0.8569711538461539 0.4326923076923077 0.0673076923076923 0.16105769230769232