0 0.6162109375 0.52 0.009765625 0.03826086956521739
0 0.32763671875 0.6765217391304348 0.0146484375 0.06608695652173913
0 0.82958984375 0.6791304347826087 0.0166015625 0.057391304347826085
0 0.34375 0.6808695652173913 0.013671875 0.050434782608695654
0 0.33349609375 0.6834782608695652 0.0126953125 0.03826086956521739
0 0.2802734375 0.6860869565217391 0.01953125 0.050434782608695654
0 0.3115234375 0.6860869565217391 0.021484375 0.04
0 0.015625 0.691304347826087 0.021484375 0.04
0 0.693359375 0.6939130434782609 0.017578125 0.05565217391304348
0 0.29736328125 0.697391304347826 0.0205078125 0.05565217391304348
0 0.4462890625 0.697391304347826 0.01953125 0.06260869565217392
0 0.8310546875 0.6982608695652174 0.021484375 0.057391304347826085
0 0.22802734375 0.7008695652173913 0.0166015625 0.03826086956521739
0 0.31005859375 0.7095652173913043 0.0185546875 0.04869565217391304
0 0.7607421875 0.7121739130434782 0.015625 0.06086956521739131
0 0.6123046875 0.7182608695652174 0.015625 0.08347826086956522
0 0.02001953125 0.72 0.0185546875 0.04869565217391304
0 0.26416015625 0.7208695652173913 0.0224609375 0.12
0 0.63623046875 0.7208695652173913 0.0205078125 0.09565217391304348
0 0.8837890625 0.7208695652173913 0.01953125 0.057391304347826085
0 0.21337890625 0.7226086956521739 0.0185546875 0.06782608695652174
0 0.50244140625 0.7226086956521739 0.0185546875 0.09565217391304348
0 0.6767578125 0.7243478260869565 0.01953125 0.08521739130434783
0 0.43359375 0.7252173913043478 0.021484375 0.07304347826086957
0 0.62451171875 0.7252173913043478 0.0185546875 0.09043478260869565
0 0.64990234375 0.7252173913043478 0.0185546875 0.09739130434782609
0 0.46044921875 0.7269565217391304 0.0244140625 0.08
0 0.66650390625 0.7286956521739131 0.0166015625 0.11478260869565217
0 0.9169921875 0.7304347826086957 0.02734375 0.09391304347826086
0 0.4912109375 0.731304347826087 0.015625 0.09913043478260869
0 0.5419921875 0.731304347826087 0.021484375 0.10956521739130434
0 0.13818359375 0.7321739130434782 0.0185546875 0.07304347826086957
0 0.2802734375 0.7373913043478261 0.0234375 0.08347826086956522
0 0.9013671875 0.7382608695652174 0.03515625 0.0782608695652174
0 0.48095703125 0.7460869565217392 0.0224609375 0.13217391304347825
0 0.04736328125 0.7469565217391304 0.0244140625 0.10260869565217391
0 0.22216796875 0.7504347826086957 0.0205078125 0.07130434782608695
0 0.060546875 0.7504347826086957 0.02734375 0.13391304347826086
0 0.5224609375 0.7547826086956522 0.033203125 0.1391304347826087
0 0.23583984375 0.7556521739130435 0.0283203125 0.12347826086956522
0 0.0126953125 0.7591304347826087 0.025390625 0.11304347826086956
0 0.126953125 0.7608695652173914 0.01953125 0.1408695652173913
0 0.1611328125 0.7634782608695653 0.015625 0.1565217391304348
0 0.203125 0.7634782608695653 0.02734375 0.1356521739130435
0 0.849609375 0.7643478260869565 0.02734375 0.14782608695652175
0 0.11572265625 0.7660869565217391 0.0205078125 0.1408695652173913
0 0.6064453125 0.7678260869565218 0.021484375 0.1408695652173913
0 0.81689453125 0.7695652173913043 0.0224609375 0.12695652173913044
0 0.3115234375 0.7704347826086957 0.0234375 0.13217391304347825
0 0.59326171875 0.7713043478260869 0.0244140625 0.1373913043478261
0 0.75048828125 0.7713043478260869 0.0224609375 0.13391304347826086
0 0.68310546875 0.7721739130434783 0.0361328125 0.12173913043478261
0 0.1748046875 0.7747826086956522 0.025390625 0.15130434782608695
0 0.78662109375 0.7747826086956522 0.0263671875 0.1408695652173913
0 0.447265625 0.7756521739130435 0.033203125 0.10782608695652174
0 0.5546875 0.7756521739130435 0.02734375 0.16695652173913045
0 0.73095703125 0.7773913043478261 0.0263671875 0.1634782608695652
0 0.7998046875 0.7834782608695652 0.025390625 0.1617391304347826
0 0.080078125 0.7834782608695652 0.0234375 0.16521739130434782
0 0.09130859375 0.7834782608695652 0.0263671875 0.1826086956521739
0 0.24853515625 0.7869565217391304 0.0380859375 0.12347826086956522
0 0.900390625 0.7878260869565218 0.025390625 0.10086956521739131
0 0.9375 0.7895652173913044 0.029296875 0.1634782608695652
0 0.1484375 0.7913043478260869 0.041015625 0.17739130434782607
0 0.18603515625 0.7930434782608695 0.0283203125 0.16695652173913045
0 0.09912109375 0.7982608695652174 0.0380859375 0.18782608695652173
0 0.33740234375 0.802608695652174 0.0400390625 0.20695652173913043
0 0.978515625 0.8043478260869565 0.041015625 0.22086956521739132
0 0.87451171875 0.8034782608695652 0.0458984375 0.19478260869565217
0 0.6298828125 0.8052173913043478 0.0390625 0.12521739130434784
0 0.8193359375 0.8060869565217391 0.04296875 0.1791304347826087
0 0.29296875 0.82 0.041015625 0.2382608695652174
0 0.56591796875 0.8208695652173913 0.0419921875 0.19478260869565217
0 0.423828125 0.8278260869565217 0.048828125 0.16695652173913045
0 0.03125 0.8547826086956521 0.0625 0.25565217391304346
0 0.46630859375 0.8573913043478261 0.0400390625 0.1808695652173913
0 0.68212890625 0.8573913043478261 0.0537109375 0.17043478260869566
0 0.8515625 0.88 0.072265625 0.22260869565217392
0 0.91943359375 0.88 0.0517578125 0.23652173913043478
0 0.36572265625 0.8817391304347826 0.0791015625 0.22260869565217392
0 0.57568359375 0.8843478260869565 0.0478515625 0.22782608695652173
0 0.23974609375 0.8895652173913043 0.0712890625 0.21739130434782608
0 0.5029296875 0.9026086956521739 0.041015625 0.19130434782608696
0 0.43701171875 0.9052173913043479 0.0517578125 0.18608695652173912
0 0.60107421875 0.9147826086956522 0.0654296875 0.16695652173913045