0 0.14302884615384615 0.5961538461538461 0.12139423076923077 0.6442307692307693
0 0.24639423076923078 0.41947115384615385 0.10096153846153846 0.2644230769230769
0 0.33653846153846156 0.4567307692307692 0.109375 0.22355769230769232
0 0.4230769230769231 0.5805288461538461 0.11177884615384616 0.5793269230769231
0 0.5348557692307693 0.44591346153846156 0.12259615384615384 0.296875
0 0.6370192307692307 0.6129807692307693 0.0985576923076923 0.6346153846153846
0 0.734375 0.6274038461538461 0.14302884615384615 0.6310096153846154
0 0.7668269230769231 0.7199519230769231 0.12379807692307693 0.4855769230769231
0 0.6634615384615384 0.7127403846153846 0.11177884615384616 0.49399038461538464
0 0.5528846153846154 0.7007211538461539 0.12740384615384615 0.5108173076923077
0 0.44591346153846156 0.703125 0.10576923076923077 0.49038461538461536
0 0.3485576923076923 0.7043269230769231 0.10817307692307693 0.4855769230769231
0 0.24519230769230768 0.6826923076923077 0.12379807692307693 0.5360576923076923