0 0.38450520833333335 0.4756944444444444 0.0018229166666666667 0.006944444444444444
0 0.38203125 0.4761574074074074 0.0020833333333333333 0.005092592592592593
0 0.3795572916666667 0.4775462962962963 0.00234375 0.006944444444444444
0 0.3907552083333333 0.47800925925925924 0.002864583333333333 0.013425925925925926
0 0.3977864583333333 0.47800925925925924 0.004427083333333333 0.0125
0 0.520703125 0.47800925925925924 0.002864583333333333 0.009722222222222222
0 0.39361979166666666 0.47824074074074074 0.0049479166666666664 0.01574074074074074
0 0.8864583333333333 0.47824074074074074 0.011979166666666667 0.025925925925925925
0 0.455859375 0.47962962962962963 0.004427083333333333 0.017592592592592594
0 0.46263020833333335 0.4798611111111111 0.004427083333333333 0.01712962962962963
0 0.444140625 0.48009259259259257 0.00390625 0.014814814814814815
0 0.459765625 0.48009259259259257 0.0049479166666666664 0.016666666666666666
0 0.4375 0.48032407407407407 0.004166666666666667 0.013425925925925926
0 0.47044270833333335 0.48055555555555557 0.004427083333333333 0.017592592592592594
0 0.6075520833333333 0.48055555555555557 0.0036458333333333334 0.006481481481481481
0 0.5236979166666667 0.4810185185185185 0.005208333333333333 0.022222222222222223
0 0.5134114583333333 0.48194444444444445 0.0049479166666666664 0.020370370370370372
0 0.44583333333333336 0.4824074074074074 0.004166666666666667 0.018518518518518517
0 0.5169270833333334 0.4842592592592593 0.005208333333333333 0.024074074074074074
0 0.61953125 0.4847222222222222 0.011458333333333333 0.03148148148148148
0 0.5049479166666667 0.4849537037037037 0.007291666666666667 0.014351851851851852
0 0.6145833333333334 0.48541666666666666 0.008854166666666666 0.029166666666666667
0 0.9252604166666667 0.48541666666666666 0.0036458333333333334 0.011574074074074073
0 0.8032552083333333 0.4858796296296296 0.0049479166666666664 0.01898148148148148
0 0.5317708333333333 0.4877314814814815 0.0046875 0.01898148148148148
0 0.65078125 0.48842592592592593 0.0078125 0.03333333333333333
0 0.6584635416666667 0.4895833333333333 0.007552083333333333 0.033796296296296297
0 0.36015625 0.49027777777777776 0.0020833333333333333 0.012962962962962963
0 0.945703125 0.4912037037037037 0.01171875 0.05
0 0.33958333333333335 0.49189814814814814 0.0026041666666666665 0.00787037037037037
0 0.35208333333333336 0.49189814814814814 0.0036458333333333334 0.008796296296296297
0 0.6673177083333334 0.49189814814814814 0.009114583333333334 0.03287037037037037
0 0.3444010416666667 0.4925925925925926 0.002864583333333333 0.010185185185185186
0 0.628515625 0.4925925925925926 0.005989583333333334 0.040740740740740744
0 0.37578125 0.493287037037037 0.0026041666666666665 0.0060185185185185185
0 0.717578125 0.49375 0.014322916666666666 0.060648148148148145
0 0.7541666666666667 0.49375 0.011979166666666667 0.059722222222222225
0 0.37278645833333335 0.49398148148148147 0.002864583333333333 0.005555555555555556
0 0.369921875 0.49444444444444446 0.002864583333333333 0.004629629629629629
0 0.8235677083333334 0.49583333333333335 0.014322916666666666 0.05925925925925926
0 0.8303385416666667 0.4979166666666667 0.007552083333333333 0.0587962962962963
0 0.7235677083333333 0.4988425925925926 0.005989583333333334 0.05694444444444444
0 0.7365885416666667 0.4997685185185185 0.009114583333333334 0.05416666666666667
0 0.7447916666666666 0.5 0.011979166666666667 0.05555555555555555
0 0.44921875 0.5064814814814815 0.0026041666666666665 0.006481481481481481
0 0.3951822916666667 0.5074074074074074 0.004427083333333333 0.010185185185185186
0 0.39817708333333335 0.5087962962962963 0.0036458333333333334 0.011111111111111112
0 0.7606770833333333 0.5092592592592593 0.016666666666666666 0.09814814814814815
0 0.4505208333333333 0.5104166666666666 0.003125 0.008796296296296297
0 0.4334635416666667 0.5106481481481482 0.00703125 0.021296296296296296
0 0.455859375 0.5106481481481482 0.00390625 0.009259259259259259
0 0.438671875 0.5111111111111111 0.0049479166666666664 0.022222222222222223
0 0.414453125 0.512962962962963 0.00546875 0.017592592592592594
0 0.40546875 0.5138888888888888 0.005729166666666666 0.013888888888888888
0 0.4100260416666667 0.5157407407407407 0.00703125 0.014814814814814815
0 0.905078125 0.5201388888888889 0.02890625 0.14212962962962963
0 0.9610677083333333 0.5236111111111111 0.028385416666666666 0.17037037037037037
0 0.84375 0.5254629629629629 0.026041666666666668 0.1398148148148148
0 0.405859375 0.5273148148148148 0.009635416666666667 0.011111111111111112
0 0.87578125 0.5284722222222222 0.028125 0.1412037037037037
0 0.403515625 0.5324074074074074 0.009114583333333334 0.017592592592592594
0 0.982421875 0.5324074074074074 0.02265625 0.1361111111111111
0 0.4373697916666667 0.5365740740740741 0.005989583333333334 0.014814814814814815
0 0.44609375 0.5377314814814815 0.005208333333333333 0.014351851851851852
0 0.4231770833333333 0.5402777777777777 0.010416666666666666 0.04259259259259259
0 0.4412760416666667 0.5405092592592593 0.006510416666666667 0.01712962962962963
0 0.44947916666666665 0.5416666666666666 0.008854166666666666 0.01574074074074074
0 0.437890625 0.5425925925925926 0.00859375 0.013888888888888888
0 0.4134114583333333 0.5435185185185185 0.009635416666666667 0.03888888888888889
0 0.6032552083333333 0.5467592592592593 0.00390625 0.012037037037037037
0 0.6041666666666666 0.549074074074074 0.007291666666666667 0.013888888888888888
0 0.45286458333333335 0.5497685185185185 0.0067708333333333336 0.033796296296296297
0 0.483203125 0.5539351851851851 0.00859375 0.014351851851851852
0 0.43268229166666666 0.5548611111111111 0.004427083333333333 0.0125
0 0.42994791666666665 0.5578703703703703 0.005729166666666666 0.013888888888888888
0 0.5174479166666667 0.5590277777777778 0.008854166666666666 0.0375
0 0.53203125 0.5592592592592592 0.010416666666666666 0.03611111111111111
0 0.5475260416666666 0.5613425925925926 0.01015625 0.03657407407407407
0 0.42486979166666666 0.5622685185185186 0.00859375 0.01898148148148148
0 0.5404947916666667 0.5631944444444444 0.008072916666666667 0.034722222222222224
0 0.41940104166666664 0.5685185185185185 0.007552083333333333 0.022222222222222223
0 0.5904947916666666 0.5717592592592593 0.00859375 0.027777777777777776
0 0.4127604166666667 0.5726851851851852 0.009375 0.021296296296296296
0 0.40859375 0.5752314814814815 0.007291666666666667 0.018055555555555554
0 0.5919270833333333 0.5780092592592593 0.008854166666666666 0.01990740740740741
0 0.5970052083333334 0.5787037037037037 0.01015625 0.014814814814814815
0 0.4029947916666667 0.5861111111111111 0.012239583333333333 0.026851851851851852
0 0.39036458333333335 0.5928240740740741 0.009895833333333333 0.02546296296296296
0 0.37786458333333334 0.6006944444444444 0.014583333333333334 0.03564814814814815
0 0.37747395833333336 0.6013888888888889 0.01484375 0.03611111111111111
0 0.35885416666666664 0.6108796296296296 0.026041666666666668 0.04027777777777778
0 0.35546875 0.6152777777777778 0.0203125 0.040740740740740744
0 0.3397135416666667 0.6233796296296297 0.014322916666666666 0.03935185185185185
0 0.26666666666666666 0.6270833333333333 0.04114583333333333 0.11435185185185186
0 0.46822916666666664 0.6386574074074074 0.015625 0.04583333333333333
0 0.31197916666666664 0.643287037037037 0.019791666666666666 0.043055555555555555
0 0.2942708333333333 0.6488425925925926 0.0234375 0.052314814814814814
0 0.234765625 0.6689814814814815 0.030989583333333334 0.08148148148148149
0 0.47486979166666665 0.6731481481481482 0.01640625 0.037037037037037035
0 0.23541666666666666 0.6766203703703704 0.03854166666666667 0.1486111111111111
0 0.737890625 0.680787037037037 0.010677083333333334 0.03935185185185185
0 0.46432291666666664 0.6854166666666667 0.019791666666666666 0.0375
0 0.20052083333333334 0.7081018518518518 0.021875 0.056018518518518516
0 0.17174479166666667 0.7379629629629629 0.04296875 0.08796296296296297
0 0.10455729166666666 0.7534722222222222 0.04505208333333333 0.07083333333333333
0 0.140234375 0.7983796296296296 0.04348958333333333 0.16805555555555557
0 0.5264322916666667 0.8039351851851851 0.026302083333333334 0.06805555555555555
0 0.5401041666666667 0.8055555555555556 0.06458333333333334 0.07777777777777778
0 0.07513020833333334 0.819675925925926 0.04973958333333333 0.16064814814814815
0 0.5328125 0.9254629629629629 0.0703125 0.14814814814814814
0 0.597265625 0.9310185185185185 0.05390625 0.13703703703703704
0 0.46236979166666664 0.42060185185185184 0.002864583333333333 0.010648148148148148
0 0.58828125 0.4303240740740741 0.005208333333333333 0.0125
0 0.5921875 0.4305555555555556 0.0036458333333333334 0.013888888888888888
0 0.5536458333333333 0.43125 0.0026041666666666665 0.010648148148148148
0 0.6234375 0.4324074074074074 0.003125 0.012962962962962963
0 0.5627604166666667 0.43310185185185185 0.0046875 0.009722222222222222
0 0.5717447916666667 0.43310185185185185 0.0033854166666666668 0.008796296296296297
0 0.5755208333333334 0.4335648148148148 0.0046875 0.010648148148148148
0 0.6092447916666667 0.43449074074074073 0.002864583333333333 0.008796296296296297
0 0.61171875 0.43495370370370373 0.003125 0.00787037037037037
0 0.606640625 0.4351851851851852 0.00390625 0.009259259259259259
0 0.7208333333333333 0.4372685185185185 0.0026041666666666665 0.005092592592592593
0 0.548046875 0.43796296296296294 0.0033854166666666668 0.017592592592592594
0 0.5494791666666666 0.43796296296296294 0.0046875 0.016666666666666666
0 0.64921875 0.4398148148148148 0.0026041666666666665 0.012962962962962963
0 0.6506510416666667 0.44189814814814815 0.002864583333333333 0.014351851851851852
0 0.6536458333333334 0.44212962962962965 0.0026041666666666665 0.013888888888888888
0 0.6803385416666666 0.44328703703703703 0.00234375 0.010648148148148148
0 0.686328125 0.44328703703703703 0.002864583333333333 0.0125
0 0.6708333333333333 0.44375 0.004166666666666667 0.008796296296296297
0 0.6739583333333333 0.44375 0.004166666666666667 0.008796296296296297
0 0.6821614583333333 0.4439814814814815 0.002864583333333333 0.010185185185185186
0 0.7677083333333333 0.4449074074074074 0.003125 0.012962962962962963
0 0.7658854166666667 0.44537037037037036 0.0026041666666666665 0.011111111111111112
0 0.7006510416666667 0.44699074074074074 0.00234375 0.00787037037037037
0 0.7223958333333333 0.4474537037037037 0.0020833333333333333 0.006944444444444444
0 0.769921875 0.4474537037037037 0.00234375 0.009722222222222222
0 0.7901041666666667 0.4474537037037037 0.0036458333333333334 0.011574074074074073
0 0.7841145833333333 0.4479166666666667 0.003125 0.011574074074074073
0 0.8174479166666667 0.4479166666666667 0.0026041666666666665 0.009722222222222222
0 0.7552083333333334 0.4486111111111111 0.0020833333333333333 0.007407407407407408
0 0.7610677083333334 0.44907407407407407 0.00234375 0.006481481481481481
0 0.8029947916666667 0.449537037037037 0.00390625 0.012037037037037037
0 0.78125 0.45 0.0026041666666666665 0.006481481481481481
0 0.7567708333333333 0.45046296296296295 0.0020833333333333333 0.011111111111111112
0 0.8223958333333333 0.45069444444444445 0.004166666666666667 0.013425925925925926
0 0.753515625 0.45092592592592595 0.002864583333333333 0.012037037037037037
0 0.675 0.4550925925925926 0.0036458333333333334 0.016666666666666666
0 0.6783854166666666 0.45578703703703705 0.003125 0.016203703703703703
0 0.6829427083333334 0.4564814814814815 0.0033854166666666668 0.013888888888888888
0 0.680859375 0.456712962962963 0.002864583333333333 0.015277777777777777
0 0.6453125 0.45717592592592593 0.003125 0.0125
0 0.6649739583333333 0.4583333333333333 0.002864583333333333 0.012962962962962963
0 0.7419270833333333 0.46041666666666664 0.004166666666666667 0.015277777777777777
0 0.8061197916666667 0.4622685185185185 0.00390625 0.014351851851851852
0 0.809765625 0.46273148148148147 0.0033854166666666668 0.0125