0 0.07091346153846154 0.859375 0.14182692307692307 0.28125
0 0.17668269230769232 0.8653846153846154 0.16826923076923078 0.2692307692307692
0 0.35216346153846156 0.8028846153846154 0.08653846153846154 0.1346153846153846
0 0.5252403846153846 0.9038461538461539 0.14783653846153846 0.19110576923076922
0 0.859375 0.8713942307692307 0.18389423076923078 0.25721153846153844
0 0.6442307692307693 0.8557692307692307 0.12139423076923077 0.28846153846153844
0 0.46274038461538464 0.7740384615384616 0.10697115384615384 0.1971153846153846
0 0.5661057692307693 0.7920673076923077 0.07091346153846154 0.3701923076923077
0 0.5180288461538461 0.7608173076923077 0.046875 0.125
0 0.75 0.7692307692307693 0.10697115384615384 0.19230769230769232
0 0.6899038461538461 0.6911057692307693 0.10817307692307693 0.17307692307692307
0 0.8125 0.7740384615384616 0.0829326923076923 0.2439903846153846
0 0.875 0.7007211538461539 0.07932692307692307 0.19230769230769232
0 0.9423076923076923 0.7956730769230769 0.10697115384615384 0.2692307692307692
0 0.1141826923076923 0.7127403846153846 0.055288461538461536 0.09254807692307693
0 0.14302884615384615 0.7536057692307693 0.07692307692307693 0.125
0 0.23076923076923078 0.7463942307692307 0.06129807692307692 0.14423076923076922
0 0.2692307692307692 0.8125 0.05889423076923077 0.22115384615384615
0 0.30649038461538464 0.8161057692307693 0.08052884615384616 0.1935096153846154
0 0.02283653846153846 0.7055288461538461 0.04447115384615385 0.056490384615384616
0 0.1346153846153846 0.6947115384615384 0.028846153846153848 0.055288461538461536
0 0.14903846153846154 0.6622596153846154 0.02283653846153846 0.037259615384615384
0 0.1875 0.7043269230769231 0.03245192307692308 0.08653846153846154
0 0.27524038461538464 0.6935096153846154 0.030048076923076924 0.03125
0 0.3870192307692308 0.7223557692307693 0.04326923076923077 0.08774038461538461
0 0.4182692307692308 0.7043269230769231 0.027644230769230768 0.04807692307692308
0 0.44471153846153844 0.6935096153846154 0.03125 0.06490384615384616
0 0.5420673076923077 0.6754807692307693 0.026442307692307692 0.06490384615384616
0 0.5540865384615384 0.6622596153846154 0.013221153846153846 0.028846153846153848
0 0.5649038461538461 0.6742788461538461 0.02403846153846154 0.046875
0 0.6947115384615384 0.6862980769230769 0.027644230769230768 0.07451923076923077
0 0.38822115384615385 0.6826923076923077 0.03125 0.051682692307692304
0 0.125 0.7596153846153846 0.039663461538461536 0.04807692307692308
0 0.5961538461538461 0.7692307692307693 0.040865384615384616 0.16105769230769232
0 0.24519230769230768 0.7127403846153846 0.030048076923076924 0.0673076923076923
0 0.6153846153846154 0.7487980769230769 0.051682692307692304 0.21754807692307693