0 0.013221153846153846 0.5685096153846154 0.025240384615384616 0.1875
0 0.018028846153846152 0.5588942307692307 0.02403846153846154 0.1310096153846154
0 0.03485576923076923 0.5516826923076923 0.019230769230769232 0.09735576923076923
0 0.052884615384615384 0.5504807692307693 0.018028846153846152 0.08774038461538461
0 0.09375 0.5949519230769231 0.08774038461538461 0.3004807692307692
0 0.19831730769230768 0.671875 0.09615384615384616 0.4723557692307692
0 0.32211538461538464 0.6802884615384616 0.11778846153846154 0.5913461538461539
0 0.41947115384615385 0.7019230769230769 0.11298076923076923 0.5949519230769231
0 0.5745192307692307 0.6658653846153846 0.15745192307692307 0.47115384615384615
0 0.7259615384615384 0.7067307692307693 0.125 0.5865384615384616
0 0.8233173076923077 0.734375 0.15985576923076922 0.53125
0 0.8894230769230769 0.6911057692307693 0.07211538461538461 0.4723557692307692
0 0.953125 0.6959134615384616 0.09375 0.6081730769230769
0 0.6850961538461539 0.6105769230769231 0.056490384615384616 0.296875
0 0.7824519230769231 0.5324519230769231 0.018028846153846152 0.055288461538461536
0 0.6550480769230769 0.5757211538461539 0.042067307692307696 0.21754807692307693
0 0.5949519230769231 0.5901442307692307 0.046875 0.2764423076923077
0 0.6213942307692307 0.5745192307692307 0.020432692307692308 0.15504807692307693
0 0.6286057692307693 0.5721153846153846 0.021634615384615384 0.13942307692307693
0 0.6430288461538461 0.5745192307692307 0.014423076923076924 0.140625
0 0.5300480769230769 0.6153846153846154 0.038461538461538464 0.2536057692307692
0 0.5324519230769231 0.5769230769230769 0.038461538461538464 0.20793269230769232
0 0.4987980769230769 0.59375 0.036057692307692304 0.22716346153846154
0 0.47596153846153844 0.5829326923076923 0.02403846153846154 0.1814903846153846
0 0.44591346153846156 0.6141826923076923 0.0625 0.37740384615384615
0 0.2848557692307692 0.6514423076923077 0.055288461538461536 0.4098557692307692
0 0.25961538461538464 0.578125 0.042067307692307696 0.21153846153846154
0 0.13341346153846154 0.5685096153846154 0.025240384615384616 0.15985576923076922
0 0.15384615384615385 0.5661057692307693 0.02403846153846154 0.1310096153846154
0 0.16826923076923078 0.5300480769230769 0.019230769230769232 0.06610576923076923
0 0.24158653846153846 0.578125 0.02283653846153846 0.18389423076923078
0 0.8377403846153846 0.5264423076923077 0.025240384615384616 0.109375
0 0.8509615384615384 0.5228365384615384 0.021634615384615384 0.08533653846153846
0 0.8798076923076923 0.6033653846153846 0.054086538461538464 0.296875