0 0.75 0.14302884615384615 0.021634615384615384 0.0829326923076923
0 0.6658653846153846 0.11899038461538461 0.021634615384615384 0.08653846153846154
0 0.9855769230769231 0.35216346153846156 0.021634615384615384 0.03245192307692308
0 0.9290865384615384 0.3473557692307692 0.025240384615384616 0.046875
0 0.8762019230769231 0.3641826923076923 0.030048076923076924 0.0625
0 0.8954326923076923 0.4266826923076923 0.04326923076923077 0.07451923076923077
0 0.7836538461538461 0.42427884615384615 0.02403846153846154 0.0733173076923077
0 0.7572115384615384 0.42788461538461536 0.02283653846153846 0.06850961538461539
0 0.7415865384615384 0.42908653846153844 0.02403846153846154 0.09735576923076923
0 0.7055288461538461 0.4338942307692308 0.021634615384615384 0.054086538461538464
0 0.7548076923076923 0.36538461538461536 0.026442307692307692 0.06610576923076923
0 0.44711538461538464 0.3737980769230769 0.03245192307692308 0.0625
0 0.06971153846153846 0.44591346153846156 0.019230769230769232 0.06370192307692307
0 0.2403846153846154 0.5973557692307693 0.027644230769230768 0.08653846153846154
0 0.21754807692307693 0.5793269230769231 0.02403846153846154 0.052884615384615384
0 0.234375 0.6766826923076923 0.07451923076923077 0.1502403846153846
0 0.03125 0.6766826923076923 0.0625 0.19951923076923078
0 0.10096153846153846 0.6225961538461539 0.08413461538461539 0.375
0 0.109375 0.453125 0.020432692307692308 0.06009615384615385
0 0.13221153846153846 0.4495192307692308 0.019230769230769232 0.05889423076923077
0 0.15144230769230768 0.6189903846153846 0.12139423076923077 0.41346153846153844
0 0.19831730769230768 0.5552884615384616 0.021634615384615384 0.078125
0 0.14302884615384615 0.5925480769230769 0.02403846153846154 0.0889423076923077
0 0.052884615384615384 0.5973557692307693 0.027644230769230768 0.09495192307692307
0 0.08774038461538461 0.6706730769230769 0.054086538461538464 0.14302884615384615
0 0.31009615384615385 0.6466346153846154 0.12379807692307693 0.2512019230769231
0 0.296875 0.6490384615384616 0.11057692307692307 0.375
0 0.3545673076923077 0.6526442307692307 0.03245192307692308 0.1814903846153846
0 0.36658653846153844 0.6334134615384616 0.03245192307692308 0.19110576923076922
0 0.3870192307692308 0.6454326923076923 0.036057692307692304 0.19831730769230768
0 0.4014423076923077 0.6454326923076923 0.02403846153846154 0.20192307692307693
0 0.43028846153846156 0.6141826923076923 0.055288461538461536 0.375
0 0.4495192307692308 0.6850961538461539 0.021634615384615384 0.1141826923076923
0 0.4735576923076923 0.4855769230769231 0.028846153846153848 0.08413461538461539
0 0.6454326923076923 0.6286057692307693 0.07211538461538461 0.39903846153846156
0 0.5552884615384616 0.6237980769230769 0.2848557692307692 0.7512019230769231
0 0.7487980769230769 0.5480769230769231 0.042067307692307696 0.15264423076923078
0 0.8569711538461539 0.6935096153846154 0.05889423076923077 0.15745192307692307
0 0.9603365384615384 0.6454326923076923 0.037259615384615384 0.07932692307692307
0 0.9507211538461539 0.6346153846153846 0.02403846153846154 0.08052884615384616
0 0.9302884615384616 0.6682692307692307 0.025240384615384616 0.12740384615384615
0 0.5949519230769231 0.6358173076923077 0.04447115384615385 0.07692307692307693
0 0.5829326923076923 0.6117788461538461 0.018028846153846152 0.06490384615384616
0 0.609375 0.6262019230769231 0.026442307692307692 0.06971153846153846
0 0.6153846153846154 0.6057692307692307 0.014423076923076924 0.05048076923076923
0 0.6875 0.6778846153846154 0.057692307692307696 0.1658653846153846
0 0.8137019230769231 0.6887019230769231 0.040865384615384616 0.15745192307692307
0 0.9663461538461539 0.49399038461538464 0.03365384615384615 0.08653846153846154
0 0.8786057692307693 0.6274038461538461 0.02283653846153846 0.06610576923076923
0 0.9026442307692307 0.6442307692307693 0.02403846153846154 0.09014423076923077
0 0.9098557692307693 0.5144230769230769 0.025240384615384616 0.06009615384615385
0 0.8701923076923077 0.5372596153846154 0.02403846153846154 0.07211538461538461
0 0.9447115384615384 0.5072115384615384 0.020432692307692308 0.078125
0 0.5132211538461539 0.7608173076923077 0.040865384615384616 0.15865384615384615