0 0.07572115384615384 0.5637019230769231 0.15144230769230768 0.8725961538461539
0 0.28725961538461536 0.6057692307692307 0.3125 0.7872596153846154
0 0.109375 0.3858173076923077 0.12980769230769232 0.5697115384615384
0 0.17548076923076922 0.3870192307692308 0.08533653846153846 0.5673076923076923
0 0.23918269230769232 0.15504807692307693 0.08052884615384616 0.1658653846153846
0 0.30649038461538464 0.22235576923076922 0.14302884615384615 0.27163461538461536
0 0.3762019230769231 0.25721153846153844 0.09375 0.3137019230769231
0 0.4651442307692308 0.4483173076923077 0.15264423076923078 0.7572115384615384
0 0.7680288461538461 0.5228365384615384 0.3088942307692308 0.8389423076923077
0 0.7235576923076923 0.2932692307692308 0.13942307692307693 0.42427884615384615
0 0.5552884615384616 0.3004807692307692 0.1045673076923077 0.4230769230769231