0 0.27403846153846156 0.6586538461538461 0.14423076923076922 0.4206730769230769
0 0.32091346153846156 0.6598557692307693 0.12980769230769232 0.38822115384615385
0 0.4266826923076923 0.6574519230769231 0.10336538461538461 0.3798076923076923
0 0.5180288461538461 0.5841346153846154 0.109375 0.5120192307692307
0 0.5588942307692307 0.5973557692307693 0.23918269230769232 0.484375
0 0.6887019230769231 0.640625 0.1875 0.40024038461538464
0 0.8377403846153846 0.6514423076923077 0.1875 0.4182692307692308
0 0.875 0.6394230769230769 0.09375 0.3798076923076923
0 0.08173076923076923 0.4362980769230769 0.15144230769230768 0.609375
0 0.10336538461538461 0.4326923076923077 0.07211538461538461 0.5877403846153846
0 0.16346153846153846 0.46274038461538464 0.078125 0.5264423076923077
0 0.22235576923076922 0.43509615384615385 0.0889423076923077 0.5697115384615384
0 0.2860576923076923 0.3557692307692308 0.07451923076923077 0.4014423076923077
0 0.35336538461538464 0.35697115384615385 0.09014423076923077 0.3762019230769231
0 0.40384615384615385 0.4230769230769231 0.055288461538461536 0.4387019230769231
0 0.4387019230769231 0.34975961538461536 0.13581730769230768 0.6370192307692307
0 0.4951923076923077 0.2764423076923077 0.11538461538461539 0.48197115384615385
0 0.5757211538461539 0.3425480769230769 0.07451923076923077 0.33413461538461536
0 0.6430288461538461 0.35096153846153844 0.07091346153846154 0.390625
0 0.7415865384615384 0.28125 0.1502403846153846 0.5132211538461539
0 0.7752403846153846 0.43028846153846156 0.09615384615384616 0.44350961538461536
0 0.8209134615384616 0.3245192307692308 0.09615384615384616 0.390625
0 0.9002403846153846 0.390625 0.08774038461538461 0.41947115384615385
0 0.9591346153846154 0.4254807692307692 0.08052884615384616 0.5757211538461539
0 0.5841346153846154 0.11658653846153846 0.0673076923076923 0.23317307692307693
0 0.9086538461538461 0.11177884615384616 0.078125 0.22235576923076922
0 0.6346153846153846 0.65625 0.109375 0.4014423076923077