0 0.5240384615384616 0.5925480769230769 0.2283653846153846 0.8149038461538461
0 0.7560096153846154 0.5528846153846154 0.16105769230769232 0.8942307692307693
0 0.6358173076923077 0.4879807692307692 0.15384615384615385 0.5997596153846154
0 0.4411057692307692 0.44350961538461536 0.10697115384615384 0.5108173076923077
0 0.9375 0.38221153846153844 0.08413461538461539 0.07572115384615384
0 0.9891826923076923 0.35336538461538464 0.021634615384615384 0.14302884615384615
0 0.953125 0.33533653846153844 0.08653846153846154 0.15264423076923078
0 0.8689903846153846 0.32091346153846156 0.07932692307692307 0.17548076923076922
0 0.8112980769230769 0.33052884615384615 0.05048076923076923 0.15264423076923078
0 0.7992788461538461 0.5192307692307693 0.0625 0.6454326923076923
0 0.9146634615384616 0.3329326923076923 0.04807692307692308 0.15985576923076922
0 0.8701923076923077 0.25 0.06850961538461539 0.12379807692307693
0 0.8233173076923077 0.2776442307692308 0.046875 0.08173076923076923
0 0.7115384615384616 0.3233173076923077 0.036057692307692304 0.10817307692307693
0 0.7019230769230769 0.22115384615384615 0.056490384615384616 0.18269230769230768
0 0.6935096153846154 0.15625 0.052884615384615384 0.10096153846153846
0 0.7463942307692307 0.10096153846153846 0.036057692307692304 0.042067307692307696
0 0.6045673076923077 0.2283653846153846 0.04567307692307692 0.07572115384615384
0 0.5829326923076923 0.18990384615384615 0.054086538461538464 0.13701923076923078
0 0.5144230769230769 0.1778846153846154 0.040865384615384616 0.12139423076923077
0 0.4699519230769231 0.19230769230769232 0.036057692307692304 0.078125
0 0.46875 0.25 0.03365384615384615 0.056490384615384616
0 0.4266826923076923 0.19831730769230768 0.06009615384615385 0.1778846153846154
0 0.3701923076923077 0.4483173076923077 0.0673076923076923 0.40024038461538464
0 0.3858173076923077 0.24158653846153846 0.04807692307692308 0.109375
0 0.30649038461538464 0.4362980769230769 0.09975961538461539 0.3954326923076923
0 0.3473557692307692 0.27283653846153844 0.04326923076923077 0.10576923076923077
0 0.3293269230769231 0.21634615384615385 0.054086538461538464 0.15144230769230768
0 0.30528846153846156 0.17908653846153846 0.04326923076923077 0.13341346153846154
0 0.23076923076923078 0.3269230769230769 0.078125 0.19591346153846154
0 0.26802884615384615 0.21995192307692307 0.07451923076923077 0.16947115384615385
0 0.2403846153846154 0.18389423076923078 0.06129807692307692 0.21394230769230768
0 0.17548076923076922 0.29086538461538464 0.1045673076923077 0.14783653846153846
0 0.17548076923076922 0.21995192307692307 0.09014423076923077 0.140625
0 0.1778846153846154 0.16466346153846154 0.07451923076923077 0.10216346153846154
0 0.08173076923076923 0.28966346153846156 0.09014423076923077 0.1502403846153846
0 0.030048076923076924 0.40625 0.06009615384615385 0.3894230769230769
0 0.042067307692307696 0.18990384615384615 0.078125 0.17548076923076922
0 0.08052884615384616 0.16466346153846154 0.04927884615384615 0.12620192307692307
0 0.015625 0.17548076923076922 0.03125 0.20793269230769232