0 0.04807692307692308 0.7776442307692307 0.09495192307692307 0.39903846153846156
0 0.10697115384615384 0.9122596153846154 0.12740384615384615 0.17427884615384615
0 0.14903846153846154 0.8509615384615384 0.12740384615384615 0.296875
0 0.13822115384615385 0.7175480769230769 0.0985576923076923 0.23317307692307693
0 0.265625 0.7668269230769231 0.09735576923076923 0.39302884615384615
0 0.3762019230769231 0.7367788461538461 0.07692307692307693 0.30649038461538464
0 0.4362980769230769 0.7139423076923077 0.0673076923076923 0.29927884615384615
0 0.4110576923076923 0.5949519230769231 0.027644230769230768 0.08173076923076923
0 0.46274038461538464 0.6634615384615384 0.039663461538461536 0.2127403846153846
0 0.47836538461538464 0.6225961538461539 0.026442307692307692 0.13822115384615385
0 0.5048076923076923 0.6069711538461539 0.02403846153846154 0.11057692307692307
0 0.515625 0.5949519230769231 0.01201923076923077 0.08173076923076923
0 0.5252403846153846 0.5817307692307693 0.02403846153846154 0.0733173076923077
0 0.5396634615384616 0.5853365384615384 0.020432692307692308 0.05889423076923077
0 0.4879807692307692 0.5877403846153846 0.016826923076923076 0.07932692307692307
0 0.5552884615384616 0.5985576923076923 0.016826923076923076 0.04567307692307692
0 0.5697115384615384 0.6117788461538461 0.028846153846153848 0.0889423076923077
0 0.5348557692307693 0.7175480769230769 0.06009615384615385 0.28365384615384615
0 0.5793269230769231 0.6875 0.06009615384615385 0.17307692307692307
0 0.6105769230769231 0.6862980769230769 0.028846153846153848 0.15504807692307693
0 0.5985576923076923 0.5817307692307693 0.02403846153846154 0.06370192307692307
0 0.6237980769230769 0.6502403846153846 0.027644230769230768 0.15144230769230768
0 0.6370192307692307 0.6850961538461539 0.04807692307692308 0.25721153846153844
0 0.8269230769230769 0.7632211538461539 0.06971153846153846 0.3557692307692308
0 0.5853365384615384 0.8689903846153846 0.14903846153846154 0.2620192307692308
0 0.06610576923076923 0.6574519230769231 0.08052884615384616 0.17067307692307693