0 0.9591346153846154 0.84375 0.08173076923076923 0.3076923076923077
0 0.9122596153846154 0.8485576923076923 0.07692307692307693 0.30288461538461536
0 0.8834134615384616 0.8569711538461539 0.06129807692307692 0.2860576923076923
0 0.8004807692307693 0.8629807692307693 0.10576923076923077 0.27403846153846156
0 0.7103365384615384 0.8617788461538461 0.06971153846153846 0.2764423076923077
0 0.7692307692307693 0.8173076923076923 0.06490384615384616 0.28125
0 0.8257211538461539 0.7932692307692307 0.06009615384615385 0.21995192307692307
0 0.9855769230769231 0.796875 0.027644230769230768 0.24519230769230768
0 0.9302884615384616 0.7211538461538461 0.03245192307692308 0.0829326923076923
0 0.8822115384615384 0.6983173076923077 0.028846153846153848 0.052884615384615384
0 0.6262019230769231 0.7932692307692307 0.039663461538461536 0.1875
0 0.6466346153846154 0.7740384615384616 0.038461538461538464 0.18990384615384615
0 0.6754807692307693 0.8064903846153846 0.03365384615384615 0.15264423076923078
0 0.6021634615384616 0.7836538461538461 0.042067307692307696 0.20552884615384615
0 0.5649038461538461 0.7800480769230769 0.039663461538461536 0.1935096153846154
0 0.5144230769230769 0.7524038461538461 0.03365384615384615 0.14783653846153846
0 0.4879807692307692 0.7548076923076923 0.037259615384615384 0.13822115384615385
0 0.4495192307692308 0.8112980769230769 0.042067307692307696 0.1875
0 0.42427884615384615 0.8401442307692307 0.04447115384615385 0.13341346153846154
0 0.3918269230769231 0.8088942307692307 0.05048076923076923 0.20552884615384615
0 0.33052884615384615 0.8112980769230769 0.052884615384615384 0.19591346153846154
0 0.2956730769230769 0.8810096153846154 0.06971153846153846 0.23798076923076922
0 0.20192307692307693 0.8798076923076923 0.1045673076923077 0.2403846153846154
0 0.09014423076923077 0.8990384615384616 0.11177884615384616 0.20072115384615385
0 0.03485576923076923 0.8762019230769231 0.06971153846153846 0.24759615384615385
0 0.14423076923076922 0.7872596153846154 0.039663461538461536 0.13822115384615385
0 0.11538461538461539 0.7956730769230769 0.03365384615384615 0.12740384615384615
0 0.23197115384615385 0.8125 0.052884615384615384 0.14783653846153846
0 0.2608173076923077 0.8088942307692307 0.03485576923076923 0.17548076923076922
0 0.2127403846153846 0.7487980769230769 0.03245192307692308 0.078125
0 0.546875 0.7548076923076923 0.020432692307692308 0.125