0 0.6658653846153846 0.6971153846153846 0.019230769230769232 0.12139423076923077
0 0.6502403846153846 0.7019230769230769 0.025240384615384616 0.11177884615384616
0 0.6298076923076923 0.6971153846153846 0.019230769230769232 0.10336538461538461
0 0.6189903846153846 0.7067307692307693 0.010817307692307692 0.04447115384615385
0 0.5661057692307693 0.7043269230769231 0.018028846153846152 0.11057692307692307
0 0.5552884615384616 0.7103365384615384 0.01201923076923077 0.06971153846153846
0 0.4362980769230769 0.640625 0.009615384615384616 0.056490384615384616
0 0.5192307692307693 0.6418269230769231 0.013221153846153846 0.0733173076923077
0 0.5324519230769231 0.6298076923076923 0.008413461538461538 0.05048076923076923
0 0.5372596153846154 0.6310096153846154 0.007211538461538462 0.04326923076923077
0 0.5444711538461539 0.6358173076923077 0.008413461538461538 0.04807692307692308
0 0.5480769230769231 0.6286057692307693 0.008413461538461538 0.04567307692307692
0 0.5576923076923077 0.6442307692307693 0.014423076923076924 0.06009615384615385
0 0.5564903846153846 0.6310096153846154 0.010817307692307692 0.052884615384615384
0 0.5625 0.6334134615384616 0.008413461538461538 0.05889423076923077
0 0.5733173076923077 0.6418269230769231 0.010817307692307692 0.06490384615384616
0 0.5853365384615384 0.6262019230769231 0.007211538461538462 0.04567307692307692
0 0.5805288461538461 0.6310096153846154 0.009615384615384616 0.051682692307692304
0 0.5685096153846154 0.6237980769230769 0.008413461538461538 0.04807692307692308
0 0.5769230769230769 0.6213942307692307 0.009615384615384616 0.04927884615384615
0 0.5612980769230769 0.5961538461538461 0.008413461538461538 0.036057692307692304
0 0.5769230769230769 0.5997596153846154 0.008413461538461538 0.04326923076923077
0 0.5913461538461539 0.6045673076923077 0.009615384615384616 0.04447115384615385
0 0.6105769230769231 0.6454326923076923 0.014423076923076924 0.06370192307692307
0 0.6081730769230769 0.6346153846153846 0.008413461538461538 0.05889423076923077