0 0.859375 0.8233173076923077 0.27884615384615385 0.3485576923076923
0 0.3605769230769231 0.8197115384615384 0.33533653846153844 0.3605769230769231
0 0.09134615384615384 0.7908653846153846 0.18028846153846154 0.4170673076923077
0 0.20673076923076922 0.6935096153846154 0.2091346153846154 0.39663461538461536
0 0.3161057692307692 0.6009615384615384 0.09615384615384616 0.25721153846153844
0 0.5384615384615384 0.6009615384615384 0.14543269230769232 0.22355769230769232
0 0.7776442307692307 0.6262019230769231 0.15745192307692307 0.265625
0 0.9350961538461539 0.7055288461538461 0.12980769230769232 0.2776442307692308
0 0.8858173076923077 0.5204326923076923 0.08653846153846154 0.1201923076923077
0 0.018028846153846152 0.5 0.03485576923076923 0.1045673076923077
0 0.04807692307692308 0.49038461538461536 0.06009615384615385 0.09975961538461539
0 0.08653846153846154 0.5516826923076923 0.08413461538461539 0.1502403846153846
0 0.24759615384615385 0.5649038461538461 0.09735576923076923 0.18389423076923078
0 0.3713942307692308 0.5612980769230769 0.06370192307692307 0.18269230769230768
0 0.39302884615384615 0.5 0.04927884615384615 0.10216346153846154
0 0.1466346153846154 0.47475961538461536 0.06490384615384616 0.0625
0 0.2800480769230769 0.4855769230769231 0.039663461538461536 0.10096153846153846
0 0.3245192307692308 0.4951923076923077 0.056490384615384616 0.12259615384615384
0 0.3942307692307692 0.5012019230769231 0.051682692307692304 0.1045673076923077
0 0.4639423076923077 0.5372596153846154 0.0625 0.18870192307692307
0 0.5108173076923077 0.5024038461538461 0.036057692307692304 0.09735576923076923
0 0.49038461538461536 0.4375 0.036057692307692304 0.07932692307692307
0 0.6021634615384616 0.5745192307692307 0.07091346153846154 0.2127403846153846
0 0.6826923076923077 0.5973557692307693 0.06610576923076923 0.2247596153846154
0 0.9675480769230769 0.5709134615384616 0.06490384615384616 0.17067307692307693
0 0.9819711538461539 0.47836538461538464 0.036057692307692304 0.042067307692307696
0 0.9447115384615384 0.5084134615384616 0.05048076923076923 0.12860576923076922
0 0.90625 0.43990384615384615 0.05889423076923077 0.09014423076923077
0 0.8485576923076923 0.49038461538461536 0.040865384615384616 0.07932692307692307
0 0.8209134615384616 0.4807692307692308 0.03365384615384615 0.06129807692307692
0 0.7596153846153846 0.5048076923076923 0.054086538461538464 0.11538461538461539
0 0.7800480769230769 0.46875 0.026442307692307692 0.05048076923076923
0 0.703125 0.4735576923076923 0.042067307692307696 0.07932692307692307
0 0.7295673076923077 0.45913461538461536 0.027644230769230768 0.03365384615384615
0 0.5877403846153846 0.49038461538461536 0.03485576923076923 0.08653846153846154
0 0.6298076923076923 0.5024038461538461 0.037259615384615384 0.09134615384615384
0 0.6586538461538461 0.4807692307692308 0.04567307692307692 0.07572115384615384
0 0.6850961538461539 0.4639423076923077 0.020432692307692308 0.04326923076923077
0 0.6574519230769231 0.46274038461538464 0.03485576923076923 0.056490384615384616
0 0.8762019230769231 0.4807692307692308 0.04567307692307692 0.06850961538461539
0 0.6850961538461539 0.46274038461538464 0.020432692307692308 0.042067307692307696