0 0.6971153846153846 0.8161057692307693 0.20673076923076922 0.36177884615384615
0 0.37740384615384615 0.7860576923076923 0.1658653846153846 0.3737980769230769
0 0.17668269230769232 0.7524038461538461 0.14903846153846154 0.3713942307692308
0 0.12259615384615384 0.6838942307692307 0.10096153846153846 0.328125
0 0.1045673076923077 0.5348557692307693 0.039663461538461536 0.15384615384615385
0 0.16466346153846154 0.5240384615384616 0.030048076923076924 0.11177884615384616
0 0.21033653846153846 0.578125 0.046875 0.20192307692307693
0 0.28125 0.5432692307692307 0.03365384615384615 0.10817307692307693
0 0.26322115384615385 0.5204326923076923 0.018028846153846152 0.04567307692307692
0 0.36778846153846156 0.5180288461538461 0.03485576923076923 0.08052884615384616
0 0.3918269230769231 0.546875 0.03365384615384615 0.06009615384615385
0 0.41947115384615385 0.5384615384615384 0.028846153846153848 0.057692307692307696
0 0.44591346153846156 0.5276442307692307 0.028846153846153848 0.04567307692307692
0 0.4735576923076923 0.5420673076923077 0.03365384615384615 0.07211538461538461
0 0.5036057692307693 0.5288461538461539 0.02403846153846154 0.04807692307692308
0 0.5192307692307693 0.5528846153846154 0.03365384615384615 0.09495192307692307
0 0.4735576923076923 0.6730769230769231 0.15144230769230768 0.24879807692307693
0 0.35697115384615385 0.703125 0.09615384615384616 0.3137019230769231
0 0.9314903846153846 0.6358173076923077 0.13221153846153846 0.33774038461538464
0 0.7788461538461539 0.6334134615384616 0.13341346153846154 0.29447115384615385
0 0.6947115384615384 0.6418269230769231 0.13701923076923078 0.28725961538461536
0 0.6262019230769231 0.6081730769230769 0.06009615384615385 0.24278846153846154
0 0.6766826923076923 0.4891826923076923 0.038461538461538464 0.08653846153846154
0 0.6923076923076923 0.5144230769230769 0.021634615384615384 0.04927884615384615
0 0.7271634615384616 0.4807692307692308 0.038461538461538464 0.07451923076923077
0 0.7608173076923077 0.4879807692307692 0.026442307692307692 0.06490384615384616
0 0.796875 0.4723557692307692 0.037259615384615384 0.06490384615384616
0 0.7944711538461539 0.4891826923076923 0.027644230769230768 0.052884615384615384
0 0.7608173076923077 0.5192307692307693 0.03125 0.038461538461538464
0 0.7319711538461539 0.5372596153846154 0.028846153846153848 0.08774038461538461
0 0.8317307692307693 0.4951923076923077 0.016826923076923076 0.0673076923076923
0 0.8233173076923077 0.5673076923076923 0.02283653846153846 0.109375
0 0.8497596153846154 0.5204326923076923 0.04807692307692308 0.23918269230769232
0 0.8689903846153846 0.4543269230769231 0.02283653846153846 0.046875
0 0.8882211538461539 0.4675480769230769 0.028846153846153848 0.06971153846153846
0 0.9038461538461539 0.4951923076923077 0.03245192307692308 0.0733173076923077
0 0.9278846153846154 0.5132211538461539 0.025240384615384616 0.054086538461538464
0 0.9603365384615384 0.5204326923076923 0.026442307692307692 0.051682692307692304
0 0.9627403846153846 0.47475961538461536 0.036057692307692304 0.055288461538461536
0 0.9423076923076923 0.34975961538461536 0.036057692307692304 0.09375
0 0.8269230769230769 0.34375 0.03245192307692308 0.06129807692307692
0 0.7920673076923077 0.35697115384615385 0.03245192307692308 0.0985576923076923
0 0.7524038461538461 0.35096153846153844 0.037259615384615384 0.09495192307692307
0 0.7067307692307693 0.3581730769230769 0.038461538461538464 0.09495192307692307
0 0.6646634615384616 0.36778846153846156 0.037259615384615384 0.09134615384615384
0 0.6141826923076923 0.44711538461538464 0.055288461538461536 0.140625
0 0.5757211538461539 0.4963942307692308 0.038461538461538464 0.10817307692307693
0 0.5576923076923077 0.5120192307692307 0.026442307692307692 0.08533653846153846
0 0.5336538461538461 0.5108173076923077 0.026442307692307692 0.08533653846153846
0 0.5456730769230769 0.46875 0.025240384615384616 0.051682692307692304
0 0.3954326923076923 0.5120192307692307 0.025240384615384616 0.04447115384615385
0 0.4254807692307692 0.5096153846153846 0.020432692307692308 0.04447115384615385
0 0.46274038461538464 0.5108173076923077 0.02403846153846154 0.08533653846153846
0 0.47836538461538464 0.5024038461538461 0.026442307692307692 0.055288461538461536
0 0.5060096153846154 0.4951923076923077 0.026442307692307692 0.046875
0 0.5084134615384616 0.4699519230769231 0.027644230769230768 0.04447115384615385
0 0.4891826923076923 0.46875 0.02403846153846154 0.040865384615384616
0 0.9831730769230769 0.5757211538461539 0.03365384615384615 0.11298076923076923
0 0.8954326923076923 0.6165865384615384 0.0673076923076923 0.23677884615384615