0 0.6233660130718954 0.41360294117647056 0.013888888888888888 0.024101307189542485
0 0.6078431372549019 0.42258986928104575 0.018790849673202614 0.03799019607843137
0 0.6276552287581699 0.4250408496732026 0.015931372549019607 0.04044117647058824
0 0.6233660130718954 0.4293300653594771 0.02696078431372549 0.018790849673202614
0 0.6233660130718954 0.440359477124183 0.016339869281045753 0.016339869281045753
0 0.6219362745098039 0.4520016339869281 0.016748366013071895 0.017565359477124183
0 0.5896650326797386 0.45608660130718953 0.020016339869281044 0.020016339869281044
0 0.6156045751633987 0.4562908496732026 0.03104575163398693 0.016339869281045753
0 0.6115196078431373 0.45894607843137253 0.016339869281045753 0.015931372549019607
0 0.6158088235294118 0.46854575163398693 0.024101307189542485 0.0196078431372549
0 0.5886437908496732 0.4803921568627451 0.017973856209150325 0.04656862745098039
0 0.5868055555555556 0.48570261437908496 0.0363562091503268 0.04493464052287582
0 0.6131535947712419 0.497140522875817 0.025326797385620915 0.05718954248366013
0 0.5951797385620915 0.5163398692810458 0.04003267973856209 0.03104575163398693
0 0.5639297385620915 0.5234885620915033 0.016748366013071895 0.0559640522875817
0 0.6006944444444444 0.5243055555555556 0.020833333333333332 0.054330065359477125
0 0.5845588235294118 0.5514705882352942 0.04820261437908497 0.049019607843137254
0 0.5902777777777778 0.5514705882352942 0.02287581699346405 0.04493464052287582
0 0.5471813725490197 0.5688316993464052 0.027369281045751634 0.04861111111111111
0 0.5281862745098039 0.5747549019607843 0.04330065359477124 0.0457516339869281
0 0.5821078431372549 0.5751633986928104 0.027777777777777776 0.061274509803921566
0 0.5269607843137255 0.6015114379084967 0.03676470588235294 0.0821078431372549
0 0.5649509803921569 0.6225490196078431 0.0392156862745098 0.0988562091503268
0 0.5537173202614379 0.6247957516339869 0.027369281045751634 0.0959967320261438
0 0.4904003267973856 0.6258169934640523 0.06413398692810457 0.0727124183006536
0 0.5363562091503268 0.6985294117647058 0.056372549019607844 0.14133986928104575
0 0.47487745098039214 0.7036356209150327 0.04125816993464052 0.14991830065359477
0 0.4936683006535948 0.7207924836601307 0.068218954248366 0.1736111111111111
0 0.3984885620915033 0.8696895424836601 0.1548202614379085 0.23284313725490197
0 0.19321895424836602 0.9050245098039216 0.1388888888888889 0.18913398692810457
0 0.11376633986928104 0.9436274509803921 0.12540849673202614 0.1119281045751634
0 0.6460375816993464 0.21200980392156862 0.007761437908496732 0.017973856209150325
0 0.644812091503268 0.21650326797385622 0.009395424836601307 0.0196078431372549
0 0.6439950980392157 0.2181372549019608 0.011029411764705883 0.010620915032679739
0 0.6444035947712419 0.22487745098039216 0.00857843137254902 0.014297385620915032
0 0.6431781045751634 0.23815359477124182 0.01184640522875817 0.02287581699346405
0 0.6497140522875817 0.25612745098039214 0.00857843137254902 0.013071895424836602
0 0.6462418300653595 0.2587826797385621 0.00980392156862745 0.02165032679738562
0 0.6407271241830066 0.2761437908496732 0.007761437908496732 0.022058823529411766
0 0.6464460784313726 0.28165849673202614 0.013480392156862746 0.025735294117647058
0 0.6435866013071896 0.3002450980392157 0.00857843137254902 0.02287581699346405
0 0.633578431372549 0.3006535947712418 0.00980392156862745 0.024509803921568627
0 0.6415441176470589 0.3008578431372549 0.00857843137254902 0.014297385620915032
0 0.6464460784313726 0.3022875816993464 0.007761437908496732 0.02369281045751634
0 0.6397058823529411 0.3180147058823529 0.012254901960784314 0.028186274509803922
0 0.6329656862745098 0.33905228758169936 0.009395424836601307 0.008986928104575163
0 0.6374591503267973 0.34558823529411764 0.006944444444444444 0.025326797385620915
0 0.6294934640522876 0.3472222222222222 0.012254901960784314 0.013071895424836602
0 0.6268382352941176 0.3539624183006536 0.010212418300653595 0.011029411764705883
0 0.6345996732026143 0.3545751633986928 0.007761437908496732 0.03022875816993464
0 0.6207107843137255 0.3772467320261438 0.014297385620915032 0.024918300653594773
0 0.6354166666666666 0.3799019607843137 0.017565359477124183 0.028594771241830064
0 0.6194852941176471 0.3931781045751634 0.013480392156862746 0.03390522875816993
0 0.6309232026143791 0.4054330065359477 0.00857843137254902 0.013480392156862746