0 0.033984375 0.6794158553546592 0.06796875 0.3518776077885953
0 0.04140625 0.5500695410292072 0.034375 0.11543810848400557
0 0.069921875 0.6390820584144645 0.04765625 0.2573018080667594
0 0.103125 0.6376912378303199 0.0671875 0.32127955493741306
0 0.137890625 0.6641168289290682 0.05234375 0.32684283727399166
0 0.194921875 0.6842837273991655 0.08359375 0.46453407510431155
0 0.23046875 0.6390820584144645 0.0625 0.29902642559109877
0 0.241796875 0.6258692628650904 0.03671875 0.22809457579972184
0 0.264453125 0.6084840055632823 0.03984375 0.19888734353268428
0 0.241015625 0.5090403337969402 0.01953125 0.03337969401947149
0 0.27421875 0.5848400556328234 0.0234375 0.16550764951321278
0 0.29140625 0.5855354659248957 0.0203125 0.14464534075104313
0 0.317578125 0.631432545201669 0.03828125 0.2086230876216968
0 0.31171875 0.5326842837273992 0.0265625 0.06397774687065369
0 0.328125 0.5563282336578581 0.0234375 0.08623087621696801
0 0.3390625 0.586230876216968 0.0359375 0.1571627260083449
0 0.35703125 0.5792767732962448 0.028125 0.09596662030598054
0 0.3640625 0.7663421418636995 0.1015625 0.46453407510431155
0 0.382421875 0.5285118219749653 0.02265625 0.055632823365785816
0 0.406640625 0.6488178025034771 0.05078125 0.30737134909596664
0 0.44765625 0.6564673157162726 0.05625 0.29763560500695413
0 0.49140625 0.6460361613351877 0.0484375 0.26564673157162727
0 0.521875 0.5438108484005564 0.0359375 0.08344923504867872
0 0.548046875 0.7357440890125174 0.09609375 0.5257301808066759
0 0.59453125 0.5751043115438108 0.0296875 0.13212795549374132
0 0.63671875 0.7447844228094576 0.1 0.5076495132127955
0 0.681640625 0.6947148817802503 0.07109375 0.38803894297635605
0 0.70703125 0.6328233657858137 0.028125 0.2141863699582754
0 0.728125 0.6418636995827538 0.0328125 0.22948539638386647
0 0.75234375 0.6613351877607788 0.059375 0.29624478442280944
0 0.78515625 0.6460361613351877 0.0375 0.23504867872044508
0 0.809765625 0.6307371349095967 0.03203125 0.2517385257301808
0 0.83046875 0.6119610570236439 0.028125 0.21696801112656466
0 0.845703125 0.6536856745479833 0.06015625 0.2670375521557719
0 0.87890625 0.56884561891516 0.021875 0.0890125173852573
0 0.890234375 0.6356050069541029 0.05234375 0.25312934631432543
0 0.919140625 0.6543810848400556 0.05703125 0.29346314325452016
0 0.9609375 0.6905424200278164 0.0765625 0.34075104311543813