0 0.9338942307692307 0.7524038461538461 0.13221153846153846 0.49399038461538464
0 0.9278846153846154 0.7211538461538461 0.10576923076923077 0.3425480769230769
0 0.8641826923076923 0.6153846153846154 0.11538461538461539 0.27283653846153844
0 0.7487980769230769 0.6875 0.0733173076923077 0.3954326923076923
0 0.7283653846153846 0.7415865384615384 0.0673076923076923 0.31971153846153844
0 0.6454326923076923 0.7548076923076923 0.15625 0.49038461538461536
0 0.6213942307692307 0.640625 0.06971153846153846 0.2800480769230769
0 0.6875 0.5240384615384616 0.0625 0.14302884615384615
0 0.7524038461538461 0.6213942307692307 0.0733173076923077 0.3269230769230769
0 0.7632211538461539 0.4963942307692308 0.038461538461538464 0.08533653846153846
0 0.5528846153846154 0.5829326923076923 0.09014423076923077 0.25240384615384615
0 0.49399038461538464 0.6021634615384616 0.046875 0.25961538461538464
0 0.46153846153846156 0.6237980769230769 0.09975961538461539 0.3269230769230769
0 0.4387019230769231 0.6334134615384616 0.06971153846153846 0.3269230769230769
0 0.38100961538461536 0.7019230769230769 0.09495192307692307 0.5144230769230769
0 0.3245192307692308 0.46875 0.027644230769230768 0.046875
0 0.28966346153846156 0.5372596153846154 0.11057692307692307 0.22355769230769232
0 0.3798076923076923 0.6454326923076923 0.09014423076923077 0.3918269230769231
0 0.34375 0.5733173076923077 0.04326923076923077 0.25721153846153844
0 0.22596153846153846 0.5228365384615384 0.03125 0.13701923076923078
0 0.203125 0.5685096153846154 0.037259615384615384 0.20552884615384615
0 0.16826923076923078 0.5673076923076923 0.07692307692307693 0.265625
0 0.15985576923076922 0.5913461538461539 0.078125 0.2620192307692308
0 0.11899038461538461 0.5877403846153846 0.042067307692307696 0.21754807692307693
0 0.08052884615384616 0.5877403846153846 0.0733173076923077 0.28365384615384615
0 0.055288461538461536 0.5540865384615384 0.05048076923076923 0.23076923076923078
0 0.04326923076923077 0.5612980769230769 0.03245192307692308 0.17427884615384615
0 0.008413461538461538 0.5252403846153846 0.016826923076923076 0.0889423076923077
0 0.2776442307692308 0.7079326923076923 0.17067307692307693 0.5036057692307693