0 0.171875 0.5985576923076923 0.2403846153846154 0.8028846153846154
0 0.2668269230769231 0.6634615384615384 0.2127403846153846 0.5625
0 0.4170673076923077 0.6538461538461539 0.16947115384615385 0.5769230769230769
0 0.5805288461538461 0.6658653846153846 0.21634615384615385 0.4879807692307692
0 0.7403846153846154 0.6754807692307693 0.15504807692307693 0.5096153846153846
0 0.8653846153846154 0.5817307692307693 0.18870192307692307 0.7475961538461539
0 0.6971153846153846 0.41586538461538464 0.15985576923076922 0.3173076923076923
0 0.09014423076923077 0.3942307692307692 0.18028846153846154 0.6971153846153846
0 0.2403846153846154 0.2536057692307692 0.078125 0.27283653846153844
0 0.33774038461538464 0.36538461538461536 0.10216346153846154 0.41466346153846156
0 0.4254807692307692 0.3112980769230769 0.12139423076923077 0.27283653846153844
0 0.5 0.37259615384615385 0.11298076923076923 0.3894230769230769
0 0.5949519230769231 0.31009615384615385 0.11298076923076923 0.3245192307692308
0 0.6899038461538461 0.2776442307692308 0.10697115384615384 0.2644230769230769
0 0.7860576923076923 0.2980769230769231 0.1045673076923077 0.2848557692307692