0 0.09134615384615384 0.9194711538461539 0.020432692307692308 0.04927884615384615
0 0.29086538461538464 0.9110576923076923 0.01201923076923077 0.04807692307692308
0 0.3016826923076923 0.9170673076923077 0.019230769230769232 0.040865384615384616
0 0.30528846153846156 0.9170673076923077 0.014423076923076924 0.039663461538461536
0 0.32091346153846156 0.9182692307692307 0.009615384615384616 0.03125
0 0.3449519230769231 0.9134615384615384 0.01201923076923077 0.030048076923076924
0 0.3629807692307692 0.9158653846153846 0.01201923076923077 0.020432692307692308
0 0.37740384615384615 0.9110576923076923 0.010817307692307692 0.021634615384615384
0 0.4110576923076923 0.9254807692307693 0.020432692307692308 0.056490384615384616
0 0.42788461538461536 0.9242788461538461 0.021634615384615384 0.038461538461538464
0 0.4254807692307692 0.9086538461538461 0.008413461538461538 0.014423076923076924
0 0.4014423076923077 0.9134615384615384 0.009615384615384616 0.025240384615384616
0 0.47596153846153844 0.9170673076923077 0.014423076923076924 0.039663461538461536
0 0.5420673076923077 0.9158653846153846 0.007211538461538462 0.02283653846153846
0 0.5504807692307693 0.9110576923076923 0.008413461538461538 0.014423076923076924
0 0.7235576923076923 0.9411057692307693 0.04927884615384615 0.08413461538461539
0 0.7115384615384616 0.9134615384615384 0.026442307692307692 0.025240384615384616