0 0.02403846153846154 0.08653846153846154 0.027644230769230768 0.06009615384615385
0 0.008413461538461538 0.10697115384615384 0.016826923076923076 0.07451923076923077
0 0.12620192307692307 0.06129807692307692 0.025240384615384616 0.09975961538461539
0 0.14903846153846154 0.057692307692307696 0.026442307692307692 0.07572115384615384
0 0.4014423076923077 0.08173076923076923 0.05048076923076923 0.06610576923076923
0 0.47716346153846156 0.11778846153846154 0.038461538461538464 0.06971153846153846
0 0.41346153846153844 0.14543269230769232 0.040865384615384616 0.07572115384615384
0 0.45552884615384615 0.04927884615384615 0.014423076923076924 0.07572115384615384
0 0.6550480769230769 0.03485576923076923 0.02403846153846154 0.03485576923076923
0 0.7163461538461539 0.028846153846153848 0.02403846153846154 0.057692307692307696
0 0.9350961538461539 0.018028846153846152 0.057692307692307696 0.036057692307692304
0 0.9350961538461539 0.07091346153846154 0.04807692307692308 0.10336538461538461
0 0.9519230769230769 0.11778846153846154 0.04567307692307692 0.09975961538461539
0 0.9819711538461539 0.11538461538461539 0.036057692307692304 0.09735576923076923
0 0.7199519230769231 0.15745192307692307 0.038461538461538464 0.09975961538461539
0 0.9735576923076923 0.18028846153846154 0.040865384615384616 0.06850961538461539
0 0.9278846153846154 0.18990384615384615 0.046875 0.09014423076923077
0 0.8353365384615384 0.17427884615384615 0.036057692307692304 0.09975961538461539
0 0.8016826923076923 0.18389423076923078 0.037259615384615384 0.10096153846153846
0 0.8317307692307693 0.21153846153846154 0.04326923076923077 0.09735576923076923
0 0.859375 0.19110576923076922 0.03485576923076923 0.05048076923076923
0 0.7211538461538461 0.24158653846153846 0.038461538461538464 0.10336538461538461
0 0.7487980769230769 0.23798076923076922 0.04807692307692308 0.10576923076923077
0 0.9615384615384616 0.21153846153846154 0.040865384615384616 0.05048076923076923
0 0.9879807692307693 0.22596153846153846 0.02403846153846154 0.09735576923076923
0 0.9711538461538461 0.25240384615384615 0.030048076923076924 0.07451923076923077
0 0.9326923076923077 0.25961538461538464 0.040865384615384616 0.10096153846153846
0 0.9026442307692307 0.2247596153846154 0.046875 0.06971153846153846
0 0.8918269230769231 0.22956730769230768 0.03245192307692308 0.04447115384615385
0 0.8677884615384616 0.2439903846153846 0.04807692307692308 0.10576923076923077
0 0.9122596153846154 0.2980769230769231 0.040865384615384616 0.08774038461538461
0 0.9495192307692307 0.31009615384615385 0.04807692307692308 0.12860576923076922
0 0.8112980769230769 0.26802884615384615 0.038461538461538464 0.09134615384615384
0 0.7824519230769231 0.27884615384615385 0.042067307692307696 0.10336538461538461
0 0.7019230769230769 0.2920673076923077 0.037259615384615384 0.08413461538461539
0 0.8978365384615384 0.3629807692307692 0.06129807692307692 0.08653846153846154
0 0.8774038461538461 0.32572115384615385 0.036057692307692304 0.04927884615384615
0 0.8221153846153846 0.37259615384615385 0.05048076923076923 0.07451923076923077
0 0.7992788461538461 0.35096153846153844 0.051682692307692304 0.11538461538461539
0 0.7403846153846154 0.36778846153846156 0.046875 0.07572115384615384
0 0.7716346153846154 0.3641826923076923 0.038461538461538464 0.028846153846153848
0 0.7487980769230769 0.32211538461538464 0.038461538461538464 0.06971153846153846
0 0.7151442307692307 0.3329326923076923 0.040865384615384616 0.09134615384615384
0 0.6598557692307693 0.3161057692307692 0.040865384615384616 0.078125
0 0.6850961538461539 0.36177884615384615 0.042067307692307696 0.09014423076923077
0 0.6153846153846154 0.35096153846153844 0.03245192307692308 0.05048076923076923
0 0.6153846153846154 0.34615384615384615 0.037259615384615384 0.125
0 0.6201923076923077 0.2860576923076923 0.040865384615384616 0.056490384615384616
0 0.5504807692307693 0.38100961538461536 0.0625 0.12860576923076922
0 0.5324519230769231 0.3798076923076923 0.036057692307692304 0.11538461538461539
0 0.4963942307692308 0.37259615384615385 0.052884615384615384 0.1971153846153846
0 0.5384615384615384 0.31490384615384615 0.037259615384615384 0.0625
0 0.5480769230769231 0.2692307692307692 0.03125 0.08653846153846154
0 0.5877403846153846 0.2536057692307692 0.036057692307692304 0.05889423076923077
0 0.5841346153846154 0.31009615384615385 0.03125 0.10336538461538461
0 0.47836538461538464 0.3161057692307692 0.027644230769230768 0.07451923076923077
0 0.41586538461538464 0.38822115384615385 0.04326923076923077 0.08413461538461539
0 0.3629807692307692 0.38100961538461536 0.046875 0.08653846153846154
0 0.33653846153846156 0.3449519230769231 0.03485576923076923 0.04927884615384615
0 0.3161057692307692 0.40384615384615385 0.07692307692307693 0.15625
0 0.2800480769230769 0.40865384615384615 0.09375 0.16346153846153846
0 0.23798076923076922 0.4098557692307692 0.09014423076923077 0.16346153846153846
0 0.1658653846153846 0.40865384615384615 0.06129807692307692 0.12860576923076922
0 0.1045673076923077 0.421875 0.06610576923076923 0.18389423076923078
0 0.11778846153846154 0.3762019230769231 0.037259615384615384 0.09615384615384616
0 0.15384615384615385 0.35697115384615385 0.036057692307692304 0.12860576923076922
0 0.9675480769230769 0.49399038461538464 0.06370192307692307 0.15985576923076922
0 0.875 0.53125 0.1875 0.234375
0 0.7355769230769231 0.48677884615384615 0.1466346153846154 0.16346153846153846
0 0.7163461538461539 0.5432692307692307 0.14543269230769232 0.21514423076923078
0 0.6105769230769231 0.5072115384615384 0.1310096153846154 0.25600961538461536
0 0.6237980769230769 0.43990384615384615 0.08413461538461539 0.265625
0 0.4675480769230769 0.4807692307692308 0.1141826923076923 0.16826923076923078
0 0.39302884615384615 0.5072115384615384 0.1201923076923077 0.20072115384615385
0 0.06971153846153846 0.5564903846153846 0.125 0.19110576923076922
0 0.2800480769230769 0.5829326923076923 0.24278846153846154 0.2439903846153846
0 0.16105769230769232 0.6490384615384616 0.17548076923076922 0.34975961538461536
0 0.30288461538461536 0.14783653846153846 0.030048076923076924 0.06850961538461539
0 0.2848557692307692 0.13822115384615385 0.03125 0.046875
0 0.26322115384615385 0.1346153846153846 0.026442307692307692 0.05048076923076923
0 0.2403846153846154 0.13822115384615385 0.036057692307692304 0.052884615384615384
0 0.19831730769230768 0.171875 0.04326923076923077 0.06971153846153846
0 0.23317307692307693 0.171875 0.03485576923076923 0.06971153846153846
0 0.2644230769230769 0.17427884615384615 0.037259615384615384 0.05048076923076923
0 0.36899038461538464 0.34134615384615385 0.03125 0.04447115384615385
0 0.6466346153846154 0.34615384615384615 0.04567307692307692 0.06610576923076923
0 0.11298076923076923 0.05889423076923077 0.02403846153846154 0.10096153846153846