0 0.026442307692307692 0.4519230769230769 0.036057692307692304 0.1778846153846154
0 0.1658653846153846 0.49278846153846156 0.04927884615384615 0.14182692307692307
0 0.21875 0.4891826923076923 0.056490384615384616 0.19110576923076922
0 0.3125 0.4723557692307692 0.03125 0.2283653846153846
0 0.33653846153846156 0.453125 0.019230769230769232 0.17067307692307693
0 0.35697115384615385 0.4831730769230769 0.054086538461538464 0.20793269230769232
0 0.36899038461538464 0.4675480769230769 0.02403846153846154 0.15144230769230768
0 0.390625 0.4675480769230769 0.054086538461538464 0.19831730769230768
0 0.4230769230769231 0.453125 0.021634615384615384 0.11899038461538461
0 0.4483173076923077 0.40024038461538464 0.027644230769230768 0.06490384615384616
0 0.46033653846153844 0.5540865384615384 0.09975961538461539 0.375
0 0.5649038461538461 0.5432692307692307 0.0985576923076923 0.40024038461538464
0 0.7463942307692307 0.6358173076923077 0.17307692307692307 0.6177884615384616
0 0.1875 0.4170673076923077 0.015625 0.06850961538461539
0 0.17548076923076922 0.41346153846153844 0.021634615384615384 0.04567307692307692
0 0.15745192307692307 0.4110576923076923 0.018028846153846152 0.038461538461538464
0 0.31850961538461536 0.4735576923076923 0.03245192307692308 0.18629807692307693
0 0.5300480769230769 0.47115384615384615 0.036057692307692304 0.1778846153846154