0 0.9447115384615384 0.5889423076923077 0.11057692307692307 0.4951923076923077
0 0.890625 0.45552884615384615 0.12740384615384615 0.15384615384615385
0 0.7872596153846154 0.421875 0.10096153846153846 0.15144230769230768
0 0.796875 0.3629807692307692 0.1141826923076923 0.19110576923076922
0 0.7163461538461539 0.4483173076923077 0.10216346153846154 0.12980769230769232
0 0.7079326923076923 0.36177884615384615 0.08052884615384616 0.12740384615384615
0 0.6586538461538461 0.3894230769230769 0.07211538461538461 0.13221153846153846
0 0.6237980769230769 0.4338942307692308 0.08774038461538461 0.1141826923076923
0 0.5504807692307693 0.43990384615384615 0.08653846153846154 0.09735576923076923
0 0.5733173076923077 0.32091346153846156 0.06850961538461539 0.28365384615384615
0 0.5204326923076923 0.3425480769230769 0.06129807692307692 0.2956730769230769
0 0.4723557692307692 0.44591346153846156 0.09615384615384616 0.1141826923076923
0 0.390625 0.43990384615384615 0.10096153846153846 0.125
0 0.42788461538461536 0.32211538461538464 0.0625 0.26802884615384615
0 0.30408653846153844 0.43149038461538464 0.09735576923076923 0.11899038461538461
0 0.3545673076923077 0.41346153846153844 0.057692307692307696 0.13942307692307693
0 0.29086538461538464 0.3076923076923077 0.09735576923076923 0.30408653846153844
0 0.22355769230769232 0.4375 0.1045673076923077 0.10216346153846154
0 0.23197115384615385 0.3954326923076923 0.04326923076923077 0.125
0 0.12980769230769232 0.4951923076923077 0.09254807692307693 0.4423076923076923
0 0.12139423076923077 0.3737980769230769 0.16826923076923078 0.22115384615384615
0 0.0625 0.5444711538461539 0.11538461538461539 0.6370192307692307