0 0.0375 0.7513761467889908 0.075 0.4935779816513762
0 0.0000935 0.001653059506775524 0.00007300000000000001 0.00037033919703728625
0 0.082 0.46055045871559636 0.054 0.1688073394495413
0 0.0935 0.755045871559633 0.049 0.1706422018348624
0 0.0785 0.6440366972477064 0.029 0.14311926605504588
0 0.092 0.5321100917431193 0.058 0.08807339449541285
0 0.103 0.6110091743119266 0.038 0.13211009174311927
0 0.1455 0.45688073394495415 0.057 0.1651376146788991
0 0.2 0.45321100917431195 0.052 0.1798165137614679
0 0.251 0.4853211009174312 0.068 0.22201834862385322
0 0.282 0.47339449541284406 0.056 0.21284403669724772
0 0.316 0.43211009174311926 0.054 0.13027522935779817
0 0.347 0.481651376146789 0.04 0.2036697247706422
0 0.3865 0.4577981651376147 0.057 0.1743119266055046
0 0.4335 0.4669724770642202 0.059 0.1743119266055046
0 0.45 0.46972477064220186 0.042 0.1688073394495413
0 0.47 0.4706422018348624 0.034 0.1559633027522936
0 0.491 0.44311926605504587 0.038 0.10091743119266056
0 0.51 0.44403669724770645 0.028 0.11743119266055047
0 0.5235 0.43853211009174314 0.029 0.09908256880733946
0 0.537 0.43486238532110094 0.024 0.10642201834862386
0 0.5555 0.44403669724770645 0.033 0.11743119266055047
0 0.5735 0.43119266055045874 0.033 0.08807339449541285
0 0.586 0.42752293577981654 0.026 0.08073394495412844
0 0.6045 0.42201834862385323 0.021 0.062385321100917435
0 0.625 0.42660550458715596 0.026 0.09357798165137615
0 0.6435 0.41651376146788993 0.029 0.07339449541284404
0 0.658 0.41467889908256883 0.024 0.08073394495412844
0 0.684 0.44495412844036697 0.036 0.14495412844036698
0 0.714 0.42201834862385323 0.024 0.08807339449541285
0 0.7265 0.43486238532110094 0.047 0.11376146788990826
0 0.746 0.41559633027522935 0.028 0.08990825688073395
0 0.7875 0.41192660550458715 0.025 0.07889908256880734
0 0.768 0.40642201834862385 0.02 0.07155963302752294
0 0.8095 0.40825688073394495 0.027 0.05321100917431193
0 0.826 0.41559633027522935 0.03 0.06422018348623854
0 0.863 0.41834862385321103 0.03 0.09908256880733946
0 0.891 0.4055045871559633 0.026 0.062385321100917435
0 0.8835 0.4541284403669725 0.033 0.07522935779816514
0 0.8985 0.4541284403669725 0.025 0.07889908256880734
0 0.847 0.4614678899082569 0.03 0.07155963302752294
0 0.83 0.4577981651376147 0.022 0.06422018348623854
0 0.817 0.45688073394495415 0.024 0.07339449541284404
0 0.801 0.4706422018348624 0.028 0.07522935779816514
0 0.7765 0.47155963302752296 0.023 0.09174311926605505
0 0.7925 0.47339449541284406 0.027 0.08440366972477065
0 0.761 0.4871559633027523 0.026 0.12293577981651377
0 0.7355 0.4761467889908257 0.033 0.09357798165137615
0 0.712 0.48807339449541287 0.038 0.10642201834862386
0 0.6745 0.4889908256880734 0.033 0.10458715596330276
0 0.6385 0.5036697247706422 0.043 0.11926605504587157
0 0.6555 0.4963302752293578 0.035 0.11559633027522936
0 0.616 0.5091743119266054 0.03 0.12293577981651377
0 0.6005 0.5266055045871559 0.039 0.1688073394495413
0 0.5865 0.5467889908256881 0.053 0.20550458715596331
0 0.5655 0.5293577981651376 0.047 0.14495412844036698
0 0.524 0.5247706422018349 0.04 0.13211009174311927
0 0.494 0.5532110091743119 0.066 0.2
0 0.4435 0.5174311926605505 0.035 0.10275229357798166
0 0.4205 0.5302752293577981 0.047 0.09174311926605505
0 0.3115 0.5486238532110091 0.057 0.1724770642201835
0 0.218 0.5697247706422018 0.036 0.1669724770642202
0 0.3235 0.6376146788990825 0.027 0.11559633027522936
0 0.3215 0.6972477064220184 0.057 0.1651376146788991
0 0.3495 0.8366972477064221 0.063 0.1798165137614679
0 0.000152 0.0013668883090648934 0.00008200000000000001 0.0009426815924585471
0 0.2465 0.7532110091743119 0.159 0.48990825688073397
0 0.3965 0.7339449541284404 0.123 0.5284403669724771
0 0.4825 0.7935779816513762 0.091 0.21467889908256882
0 0.428 0.6743119266055045 0.054 0.22935779816513763
0 0.4515 0.636697247706422 0.051 0.1724770642201835
0 0.497 0.6779816513761467 0.058 0.24770642201834864
0 0.5585 0.7678899082568807 0.073 0.22201834862385322
0 0.5775 0.6431192660550459 0.065 0.1559633027522936
0 0.546 0.6137614678899083 0.04 0.12293577981651377
0 0.7015 0.6825688073394496 0.121 0.24954128440366974
0 0.6285 0.6330275229357798 0.047 0.1798165137614679
0 0.7195 0.6798165137614679 0.089 0.28440366972477066
0 0.7255 0.6660550458715596 0.095 0.26055045871559634
0 0.743 0.6633027522935779 0.084 0.26238532110091745
0 0.758 0.6504587155963303 0.072 0.26972477064220185
0 0.7945 0.6403669724770642 0.089 0.27155963302752295
0 0.8385 0.6220183486238532 0.073 0.22752293577981653
0 0.8485 0.6247706422018349 0.093 0.23669724770642203
0 0.863 0.6119266055045871 0.058 0.22201834862385322
0 0.000996 0.001036949751704402 0.00001200000000000001 0.0001818028785455772
0 0.9795 0.5100917431192661 0.029 0.05871559633027523
0 0.9505 0.4724770642201835 0.023 0.04954128440366973
0 0.953 0.5779816513761468 0.052 0.1834862385321101
0 0.966 0.5678899082568807 0.052 0.181651376146789
0 0.9305 0.5954128440366973 0.061 0.1926605504587156
0 0.905 0.5990825688073395 0.052 0.2036697247706422
0 0.8955 0.6155963302752293 0.051 0.1963302752293578