0 0.23677884615384615 0.48677884615384615 0.028846153846153848 0.08533653846153846
0 0.1778846153846154 0.5096153846153846 0.04567307692307692 0.12860576923076922
0 0.125 0.4855769230769231 0.027644230769230768 0.07211538461538461
0 0.14182692307692307 0.4831730769230769 0.02283653846153846 0.09615384615384616
0 0.1141826923076923 0.47475961538461536 0.02283653846153846 0.07091346153846154
0 0.08413461538461539 0.46875 0.02283653846153846 0.054086538461538464
0 0.04326923076923077 0.5048076923076923 0.018028846153846152 0.10216346153846154
0 0.009615384615384616 0.5228365384615384 0.019230769230769232 0.14543269230769232
0 0.4338942307692308 0.48197115384615385 0.037259615384615384 0.14903846153846154
0 0.5168269230769231 0.47716346153846156 0.03245192307692308 0.11538461538461539
0 0.5564903846153846 0.4483173076923077 0.025240384615384616 0.056490384615384616
0 0.5733173076923077 0.4411057692307692 0.014423076923076924 0.039663461538461536
0 0.5901442307692307 0.43990384615384615 0.014423076923076924 0.03125