0 0.9242788461538461 0.7007211538461539 0.11658653846153846 0.44471153846153844
0 0.9555288461538461 0.6502403846153846 0.0829326923076923 0.42427884615384615
0 0.9795673076923077 0.5396634615384616 0.039663461538461536 0.19591346153846154
0 0.9242788461538461 0.45072115384615385 0.03485576923076923 0.07451923076923077
0 0.8377403846153846 0.6322115384615384 0.07091346153846154 0.32211538461538464
0 0.7692307692307693 0.6682692307692307 0.13341346153846154 0.47836538461538464
0 0.7223557692307693 0.6538461538461539 0.07091346153846154 0.43149038461538464
0 0.6502403846153846 0.6694711538461539 0.11298076923076923 0.4074519230769231
0 0.6586538461538461 0.6105769230769231 0.08413461538461539 0.37259615384615385
0 0.5516826923076923 0.6550480769230769 0.11177884615384616 0.4026442307692308
0 0.5132211538461539 0.6382211538461539 0.06610576923076923 0.3954326923076923
0 0.4639423076923077 0.6514423076923077 0.08774038461538461 0.4074519230769231
0 0.41947115384615385 0.6262019230769231 0.06850961538461539 0.3713942307692308
0 0.3942307692307692 0.6935096153846154 0.14182692307692307 0.4495192307692308
0 0.296875 0.578125 0.07091346153846154 0.26802884615384615
0 0.3125 0.5216346153846154 0.04447115384615385 0.15504807692307693
0 0.33774038461538464 0.5144230769230769 0.030048076923076924 0.125
0 0.24278846153846154 0.7115384615384616 0.1346153846153846 0.4423076923076923
0 0.15985576923076922 0.6983173076923077 0.11177884615384616 0.4338942307692308
0 0.07451923076923077 0.7115384615384616 0.11778846153846154 0.40384615384615385
0 0.025240384615384616 0.7283653846153846 0.05048076923076923 0.3269230769230769
0 0.026442307692307692 0.5144230769230769 0.052884615384615384 0.15144230769230768
0 0.10216346153846154 0.5144230769230769 0.06971153846153846 0.16706730769230768
0 0.056490384615384616 0.5396634615384616 0.030048076923076924 0.10336538461538461
0 0.15264423076923078 0.49399038461538464 0.051682692307692304 0.09495192307692307
0 0.2512019230769231 0.5060096153846154 0.055288461538461536 0.11538461538461539
0 0.21875 0.5036057692307693 0.057692307692307696 0.0985576923076923
0 0.2091346153846154 0.5072115384615384 0.03485576923076923 0.10336538461538461
0 0.3786057692307692 0.44350961538461536 0.021634615384615384 0.03245192307692308
0 0.5048076923076923 0.4699519230769231 0.04326923076923077 0.09495192307692307
0 0.5973557692307693 0.48677884615384615 0.04447115384615385 0.10697115384615384
0 0.5889423076923077 0.46033653846153844 0.027644230769230768 0.040865384615384616
0 0.8076923076923077 0.46033653846153844 0.03245192307692308 0.07932692307692307
0 0.7487980769230769 0.4579326923076923 0.025240384615384616 0.0733173076923077
0 0.7668269230769231 0.45072115384615385 0.021634615384615384 0.06850961538461539
0 0.7908653846153846 0.4254807692307692 0.019230769230769232 0.027644230769230768
0 0.039663461538461536 0.4699519230769231 0.028846153846153848 0.05889423076923077
0 0.038461538461538464 0.46033653846153844 0.019230769230769232 0.046875
0 0.054086538461538464 0.46875 0.025240384615384616 0.06129807692307692
0 0.6730769230769231 0.4423076923076923 0.03245192307692308 0.052884615384615384