0 0.098388671875 0.8323567708333334 0.19677734375 0.333984375
0 0.02587890625 0.73828125 0.0517578125 0.171875
0 0.115966796875 0.6669921875 0.03564453125 0.07747395833333333
0 0.15185546875 0.7692057291666666 0.0869140625 0.21549479166666666
0 0.208740234375 0.7633463541666666 0.06591796875 0.24674479166666666
0 0.269287109375 0.8369140625 0.06689453125 0.3248697916666667
0 0.259033203125 0.6494140625 0.02587890625 0.07356770833333333
0 0.33251953125 0.7532552083333334 0.072265625 0.3072916666666667
0 0.366943359375 0.7565104166666666 0.05126953125 0.2630208333333333
0 0.38916015625 0.7220052083333334 0.0361328125 0.1953125
0 0.408447265625 0.7740885416666666 0.07177734375 0.2903645833333333
0 0.458251953125 0.66015625 0.04931640625 0.0625
0 0.46875 0.779296875 0.076171875 0.2838541666666667
0 0.523681640625 0.7718098958333334 0.07568359375 0.255859375
0 0.525146484375 0.6526692708333334 0.04931640625 0.06966145833333333
0 0.580078125 0.7639973958333334 0.0517578125 0.271484375
0 0.601318359375 0.8212890625 0.07568359375 0.3561197916666667
0 0.66064453125 0.810546875 0.0849609375 0.3776041666666667
0 0.617431640625 0.619140625 0.02783203125 0.036458333333333336
0 0.7314453125 0.7955729166666666 0.08203125 0.3333333333333333
0 0.8017578125 0.8190104166666666 0.1484375 0.3606770833333333
0 0.783447265625 0.6787109375 0.03759765625 0.09440104166666667
0 0.85791015625 0.7796223958333334 0.06640625 0.3430989583333333