0 0.7067307692307693 0.6021634615384616 0.04447115384615385 0.10216346153846154
0 0.6802884615384616 0.5925480769230769 0.036057692307692304 0.09735576923076923
0 0.6430288461538461 0.5805288461538461 0.03125 0.08774038461538461
0 0.6418269230769231 0.5817307692307693 0.030048076923076924 0.09495192307692307
0 0.6237980769230769 0.5829326923076923 0.027644230769230768 0.09735576923076923
0 0.578125 0.5949519230769231 0.025240384615384616 0.11057692307692307
0 0.5564903846153846 0.5889423076923077 0.018028846153846152 0.09014423076923077
0 0.5216346153846154 0.5805288461538461 0.030048076923076924 0.10216346153846154
0 0.5036057692307693 0.5805288461538461 0.02403846153846154 0.09735576923076923
0 0.4879807692307692 0.5709134615384616 0.027644230769230768 0.11538461538461539
0 0.42788461538461536 0.5829326923076923 0.025240384615384616 0.09735576923076923
0 0.46634615384615385 0.5841346153846154 0.02403846153846154 0.09495192307692307
0 0.44711538461538464 0.5504807692307693 0.021634615384615384 0.056490384615384616
0 0.4338942307692308 0.5348557692307693 0.01201923076923077 0.028846153846153848
0 0.4230769230769231 0.5276442307692307 0.013221153846153846 0.051682692307692304
0 0.40384615384615385 0.5685096153846154 0.019230769230769232 0.10697115384615384
0 0.37259615384615385 0.5961538461538461 0.057692307692307696 0.15625
0 0.24639423076923078 0.5961538461538461 0.04447115384615385 0.11778846153846154
0 0.39783653846153844 0.5384615384615384 0.013221153846153846 0.06129807692307692
0 0.4567307692307692 0.5348557692307693 0.016826923076923076 0.028846153846153848
0 0.6033653846153846 0.5432692307692307 0.018028846153846152 0.037259615384615384