0 0.2548076923076923 0.6935096153846154 0.11658653846153846 0.47836538461538464
0 0.17307692307692307 0.703125 0.16105769230769232 0.49038461538461536
0 0.06129807692307692 0.8076923076923077 0.06490384615384616 0.11177884615384616
0 0.020432692307692308 0.8076923076923077 0.039663461538461536 0.125
0 0.44711538461538464 0.8100961538461539 0.038461538461538464 0.09975961538461539
0 0.4963942307692308 0.8076923076923077 0.042067307692307696 0.10216346153846154
0 0.5673076923076923 0.8209134615384616 0.04447115384615385 0.06971153846153846
0 0.44711538461538464 0.7524038461538461 0.038461538461538464 0.06850961538461539
0 0.4987980769230769 0.7043269230769231 0.03245192307692308 0.1201923076923077
0 0.5240384615384616 0.6225961538461539 0.026442307692307692 0.07932692307692307
0 0.5420673076923077 0.6346153846153846 0.028846153846153848 0.12139423076923077
0 0.5084134615384616 0.5757211538461539 0.019230769230769232 0.10576923076923077
0 0.5769230769230769 0.5913461538461539 0.013221153846153846 0.11177884615384616
0 0.5492788461538461 0.5348557692307693 0.020432692307692308 0.09495192307692307
0 0.5709134615384616 0.5216346153846154 0.018028846153846152 0.07932692307692307
0 0.5877403846153846 0.5096153846153846 0.020432692307692308 0.04447115384615385
0 0.5625 0.49278846153846156 0.02403846153846154 0.078125
0 0.5264423076923077 0.48677884615384615 0.02403846153846154 0.0625