0 0.18870192307692307 0.7127403846153846 0.19831730769230768 0.4675480769230769
0 0.13581730769230768 0.5600961538461539 0.12379807692307693 0.32572115384615385
0 0.15144230769230768 0.4675480769230769 0.22355769230769232 0.45552884615384615
0 0.19831730769230768 0.3389423076923077 0.06009615384615385 0.30408653846153844
0 0.23557692307692307 0.4230769230769231 0.10096153846153846 0.2848557692307692
0 0.2932692307692308 0.6286057692307693 0.10697115384615384 0.4026442307692308
0 0.3605769230769231 0.6009615384615384 0.13822115384615385 0.34615384615384615
0 0.5024038461538461 0.6141826923076923 0.13942307692307693 0.34975961538461536
0 0.5997596153846154 0.6117788461538461 0.12620192307692307 0.3233173076923077
0 0.8112980769230769 0.703125 0.3317307692307692 0.453125
0 0.8365384615384616 0.5985576923076923 0.19951923076923078 0.4879807692307692
0 0.8365384615384616 0.5709134615384616 0.1971153846153846 0.42908653846153844
0 0.6622596153846154 0.4651442307692308 0.11538461538461539 0.18509615384615385
0 0.3004807692307692 0.4182692307692308 0.09014423076923077 0.22355769230769232
0 0.36778846153846156 0.421875 0.09254807692307693 0.20192307692307693
0 0.43509615384615385 0.4423076923076923 0.08413461538461539 0.2692307692307692
0 0.5108173076923077 0.42908653846153844 0.07692307692307693 0.19831730769230768
0 0.5324519230769231 0.42908653846153844 0.12379807692307693 0.19591346153846154
0 0.6129807692307693 0.421875 0.07211538461538461 0.2127403846153846
0 0.6862980769230769 0.41346153846153844 0.08533653846153846 0.32211538461538464
0 0.3401442307692308 0.26322115384615385 0.08052884615384616 0.23197115384615385
0 0.4182692307692308 0.27163461538461536 0.09254807692307693 0.22115384615384615
0 0.5 0.2764423076923077 0.09735576923076923 0.20432692307692307
0 0.8725961538461539 0.3641826923076923 0.03125 0.16105769230769232