0 0.1201923076923077 0.7644230769230769 0.21754807692307693 0.46634615384615385
0 0.3125 0.7872596153846154 0.15865384615384615 0.42427884615384615
0 0.4951923076923077 0.7572115384615384 0.1658653846153846 0.36658653846153844
0 0.5877403846153846 0.7884615384615384 0.3004807692307692 0.4230769230769231
0 0.828125 0.7247596153846154 0.19591346153846154 0.5480769230769231
0 0.08774038461538461 0.5889423076923077 0.15865384615384615 0.39302884615384615
0 0.21394230769230768 0.6574519230769231 0.13701923076923078 0.32572115384615385
0 0.20432692307692307 0.5072115384615384 0.12980769230769232 0.22596153846153846
0 0.3581730769230769 0.5012019230769231 0.10697115384615384 0.1875
0 0.3954326923076923 0.609375 0.07211538461538461 0.19230769230769232
0 0.5276442307692307 0.6526442307692307 0.10096153846153846 0.20793269230769232
0 0.9290865384615384 0.6057692307692307 0.057692307692307696 0.28125
0 0.7451923076923077 0.7788461538461539 0.0829326923076923 0.43990384615384615
0 0.6430288461538461 0.6514423076923077 0.15384615384615385 0.24759615384615385
0 0.6622596153846154 0.5348557692307693 0.14903846153846154 0.2860576923076923
0 0.5 0.47836538461538464 0.09014423076923077 0.21634615384615385
0 0.5625 0.5216346153846154 0.10096153846153846 0.2920673076923077
0 0.7536057692307693 0.47596153846153844 0.08533653846153846 0.20552884615384615
0 0.6141826923076923 0.44711538461538464 0.06971153846153846 0.2608173076923077
0 0.29086538461538464 0.4807692307692308 0.07451923076923077 0.23798076923076922
0 0.40024038461538464 0.4182692307692308 0.0733173076923077 0.21875
0 0.9278846153846154 0.48677884615384615 0.07572115384615384 0.14423076923076922
0 0.40865384615384615 0.8173076923076923 0.24519230769230768 0.3641826923076923
0 0.7896634615384616 0.6057692307692307 0.05889423076923077 0.24879807692307693
0 0.6622596153846154 0.46153846153846156 0.11778846153846154 0.1875
0 0.057692307692307696 0.38221153846153844 0.0673076923076923 0.09735576923076923
0 0.15985576923076922 0.4495192307692308 0.08173076923076923 0.171875
0 0.02403846153846154 0.40625 0.04807692307692308 0.2956730769230769
0 0.07692307692307693 0.33052884615384615 0.05889423076923077 0.18269230769230768
0 0.11057692307692307 0.3629807692307692 0.04927884615384615 0.2439903846153846
0 0.14543269230769232 0.3125 0.04807692307692308 0.171875
0 0.2776442307692308 0.41346153846153844 0.09975961538461539 0.14302884615384615
0 0.234375 0.3713942307692308 0.04807692307692308 0.1201923076923077
0 0.17668269230769232 0.34375 0.06129807692307692 0.10336538461538461
0 0.3425480769230769 0.34975961538461536 0.0673076923076923 0.09735576923076923
0 0.4266826923076923 0.34134615384615385 0.042067307692307696 0.09615384615384616
0 0.49278846153846156 0.35096153846153844 0.037259615384615384 0.06850961538461539
0 0.5396634615384616 0.4206730769230769 0.037259615384615384 0.11057692307692307
0 0.18870192307692307 0.27283653846153844 0.04326923076923077 0.06971153846153846
0 0.20673076923076922 0.25961538461538464 0.03125 0.0625
0 0.23677884615384615 0.25721153846153844 0.04326923076923077 0.07091346153846154
0 0.2860576923076923 0.29447115384615385 0.03485576923076923 0.06610576923076923
0 0.31971153846153844 0.3329326923076923 0.054086538461538464 0.09495192307692307
0 0.38100961538461536 0.25961538461538464 0.051682692307692304 0.0889423076923077
0 0.4326923076923077 0.2860576923076923 0.04326923076923077 0.07932692307692307
0 0.4891826923076923 0.32211538461538464 0.036057692307692304 0.09615384615384616
0 0.5252403846153846 0.3233173076923077 0.042067307692307696 0.10096153846153846
0 0.5588942307692307 0.3557692307692308 0.037259615384615384 0.056490384615384616
0 0.5817307692307693 0.34134615384615385 0.054086538461538464 0.1045673076923077
0 0.6875 0.38822115384615385 0.07211538461538461 0.15625
0 0.7704326923076923 0.390625 0.06370192307692307 0.14543269230769232
0 0.7956730769230769 0.4014423076923077 0.037259615384615384 0.14182692307692307
0 0.7319711538461539 0.34375 0.051682692307692304 0.09375
0 0.6730769230769231 0.328125 0.042067307692307696 0.10096153846153846
0 0.6646634615384616 0.3269230769230769 0.02403846153846154 0.051682692307692304
0 0.6237980769230769 0.328125 0.051682692307692304 0.08533653846153846
0 0.7980769230769231 0.3641826923076923 0.052884615384615384 0.10697115384615384
0 0.8497596153846154 0.40384615384615385 0.054086538461538464 0.11538461538461539
0 0.8798076923076923 0.45913461538461536 0.054086538461538464 0.11538461538461539
0 0.8870192307692307 0.4170673076923077 0.038461538461538464 0.09615384615384616
0 0.9206730769230769 0.4170673076923077 0.046875 0.14302884615384615
0 0.9711538461538461 0.49759615384615385 0.038461538461538464 0.18509615384615385
0 0.9543269230769231 0.3954326923076923 0.037259615384615384 0.0625
0 0.8762019230769231 0.34975961538461536 0.03125 0.051682692307692304
0 0.296875 0.23076923076923078 0.018028846153846152 0.037259615384615384
0 0.40384615384615385 0.28365384615384615 0.030048076923076924 0.08413461538461539