0 0.038461538461538464 0.8293269230769231 0.07692307692307693 0.3401442307692308
0 0.04807692307692308 0.6466346153846154 0.03245192307692308 0.09254807692307693
0 0.07572115384615384 0.6334134615384616 0.01201923076923077 0.057692307692307696
0 0.08653846153846154 0.6622596153846154 0.037259615384615384 0.14423076923076922
0 0.1141826923076923 0.6298076923076923 0.020432692307692308 0.0733173076923077
0 0.13942307692307693 0.6430288461538461 0.026442307692307692 0.08413461538461539
0 0.19591346153846154 0.6141826923076923 0.025240384615384616 0.04927884615384615
0 0.20192307692307693 0.796875 0.08533653846153846 0.3473557692307692
0 0.25600961538461536 0.6610576923076923 0.036057692307692304 0.12620192307692307
0 0.2776442307692308 0.6081730769230769 0.009615384615384616 0.04326923076923077
0 0.2824519230769231 0.6334134615384616 0.025240384615384616 0.06610576923076923
0 0.22596153846153846 0.6346153846153846 0.015625 0.0673076923076923
0 0.31850961538461536 0.6141826923076923 0.014423076923076924 0.04807692307692308
0 0.31009615384615385 0.6069711538461539 0.018028846153846152 0.04326923076923077
0 0.30288461538461536 0.6610576923076923 0.039663461538461536 0.12620192307692307
0 0.34615384615384615 0.6274038461538461 0.018028846153846152 0.06850961538461539
0 0.4170673076923077 0.6081730769230769 0.01201923076923077 0.04326923076923077
0 0.4266826923076923 0.6081730769230769 0.007211538461538462 0.040865384615384616
0 0.43509615384615385 0.6117788461538461 0.01201923076923077 0.051682692307692304
0 0.44471153846153844 0.6021634615384616 0.010817307692307692 0.030048076923076924
0 0.45913461538461536 0.6141826923076923 0.019230769230769232 0.04927884615384615
0 0.5012019230769231 0.5985576923076923 0.007211538461538462 0.028846153846153848
0 0.5096153846153846 0.5949519230769231 0.007211538461538462 0.027644230769230768
0 0.5240384615384616 0.5985576923076923 0.008413461538461538 0.030048076923076924
0 0.5348557692307693 0.6009615384615384 0.010817307692307692 0.037259615384615384
0 0.5444711538461539 0.6237980769230769 0.01201923076923077 0.07451923076923077
0 0.5612980769230769 0.625 0.014423076923076924 0.07091346153846154
0 0.6045673076923077 0.6213942307692307 0.014423076923076924 0.056490384615384616
0 0.6177884615384616 0.6225961538461539 0.014423076923076924 0.07091346153846154
0 0.6358173076923077 0.6057692307692307 0.008413461538461538 0.03485576923076923
0 0.6490384615384616 0.6262019230769231 0.016826923076923076 0.046875
0 0.6826923076923077 0.6358173076923077 0.037259615384615384 0.0733173076923077
0 0.6862980769230769 0.6322115384615384 0.010817307692307692 0.0673076923076923
0 0.7115384615384616 0.6141826923076923 0.01201923076923077 0.03485576923076923
0 0.7295673076923077 0.6274038461538461 0.018028846153846152 0.057692307692307696
0 0.7367788461538461 0.6189903846153846 0.016826923076923076 0.06009615384615385
0 0.7524038461538461 0.6286057692307693 0.014423076923076924 0.06490384615384616
0 0.7944711538461539 0.6129807692307693 0.018028846153846152 0.030048076923076924
0 0.8341346153846154 0.6358173076923077 0.02283653846153846 0.08173076923076923
0 0.875 0.6418269230769231 0.02403846153846154 0.07211538461538461
0 0.8930288461538461 0.6418269230769231 0.027644230769230768 0.07932692307692307
0 0.9158653846153846 0.6225961538461539 0.020432692307692308 0.04807692307692308
0 0.9338942307692307 0.6274038461538461 0.014423076923076924 0.042067307692307696
0 0.9435096153846154 0.6442307692307693 0.009615384615384616 0.06850961538461539
0 0.953125 0.6442307692307693 0.013221153846153846 0.06610576923076923
0 0.9663461538461539 0.6418269230769231 0.014423076923076924 0.07211538461538461
0 0.9783653846153846 0.6322115384615384 0.013221153846153846 0.040865384615384616
0 0.9927884615384616 0.6430288461538461 0.01201923076923077 0.07091346153846154
0 0.9855769230769231 0.6310096153846154 0.01201923076923077 0.03365384615384615
0 0.9026442307692307 0.8185096153846154 0.10697115384615384 0.36177884615384615
0 0.8112980769230769 0.6899038461538461 0.05889423076923077 0.20552884615384615
0 0.765625 0.703125 0.042067307692307696 0.17307692307692307
0 0.7055288461538461 0.6598557692307693 0.02403846153846154 0.10096153846153846
0 0.6622596153846154 0.8016826923076923 0.0889423076923077 0.33413461538461536
0 0.5192307692307693 0.7331730769230769 0.054086538461538464 0.23798076923076922
0 0.47115384615384615 0.7223557692307693 0.055288461538461536 0.2704326923076923
0 0.4387019230769231 0.6574519230769231 0.03125 0.08533653846153846
0 0.4362980769230769 0.7223557692307693 0.037259615384615384 0.1310096153846154
0 0.40625 0.6983173076923077 0.040865384615384616 0.1814903846153846
0 0.37740384615384615 0.6875 0.0673076923076923 0.203125