0 0.13221153846153846 0.7295673076923077 0.13942307692307693 0.5408653846153846
0 0.16346153846153846 0.7019230769230769 0.203125 0.5961538461538461
0 0.2956730769230769 0.6935096153846154 0.19471153846153846 0.6117788461538461
0 0.3786057692307692 0.6694711538461539 0.09495192307692307 0.45913461538461536
0 0.43990384615384615 0.6430288461538461 0.08173076923076923 0.41225961538461536
0 0.46634615384615385 0.5685096153846154 0.23677884615384615 0.4254807692307692
0 0.5060096153846154 0.6165865384615384 0.06129807692307692 0.4026442307692308
0 0.5360576923076923 0.6971153846153846 0.13341346153846154 0.5348557692307693
0 0.6201923076923077 0.6274038461538461 0.1045673076923077 0.41225961538461536
0 0.6370192307692307 0.6814903846153846 0.08052884615384616 0.4411057692307692
0 0.7163461538461539 0.6550480769230769 0.12259615384615384 0.5697115384615384
0 0.6201923076923077 0.45072115384615385 0.02283653846153846 0.06850961538461539
0 0.8461538461538461 0.41346153846153844 0.013221153846153846 0.036057692307692304