0 0.3015625 0.37320574162679426 0.03125 0.14354066985645933
0 0.35625 0.30980861244019137 0.025 0.050239234449760764
0 0.33359375 0.36483253588516745 0.0421875 0.12679425837320574
0 0.37734375 0.38636363636363635 0.0359375 0.12200956937799043
0 0.36953125 0.39712918660287083 0.0421875 0.08133971291866028
0 0.3515625 0.43779904306220097 0.05625 0.1291866028708134
0 0.34453125 0.44019138755980863 0.0390625 0.12440191387559808
0 0.290625 0.47129186602870815 0.040625 0.12440191387559808
0 0.2515625 0.458133971291866 0.05625 0.12679425837320574
0 0.25234375 0.4868421052631579 0.0390625 0.0645933014354067
0 0.2734375 0.5861244019138756 0.071875 0.1722488038277512
0 0.3890625 0.5944976076555024 0.034375 0.14114832535885166
0 0.353125 0.6028708133971292 0.078125 0.3062200956937799
0 0.44921875 0.3923444976076555 0.0453125 0.09090909090909091
0 0.43359375 0.5813397129186603 0.0796875 0.2822966507177033
0 0.40078125 0.4796650717703349 0.0484375 0.18421052631578946
0 0.3140625 0.7332535885167464 0.103125 0.35167464114832536
0 0.40703125 0.8361244019138756 0.1078125 0.16985645933014354
0 0.31484375 0.9055023923444976 0.0640625 0.09808612440191387
0 0.4296875 0.742822966507177 0.06875 0.12200956937799043
0 0.12421875 0.8983253588516746 0.1140625 0.11244019138755981
0 0.24296875 0.9055023923444976 0.1421875 0.18421052631578946
0 0.4078125 0.9078947368421053 0.109375 0.09808612440191387
0 0.50625 0.819377990430622 0.115625 0.2703349282296651
0 0.61875 0.8708133971291866 0.109375 0.1722488038277512
0 0.75078125 0.8744019138755981 0.1296875 0.24641148325358853
0 0.68203125 0.7356459330143541 0.1046875 0.25598086124401914
0 0.73359375 0.6626794258373205 0.0453125 0.09090909090909091
0 0.7640625 0.7308612440191388 0.096875 0.21291866028708134
0 0.6390625 0.6985645933014354 0.103125 0.27751196172248804
0 0.55703125 0.687799043062201 0.1015625 0.3277511961722488
0 0.46640625 0.680622009569378 0.0734375 0.24162679425837322
0 0.5078125 0.6004784688995215 0.065625 0.20095693779904306
0 0.5921875 0.5394736842105263 0.075 0.17942583732057416
0 0.659375 0.5382775119617225 0.065625 0.13875598086124402
0 0.73203125 0.5478468899521531 0.0640625 0.1722488038277512
0 0.75234375 0.6196172248803827 0.0703125 0.12440191387559808
0 0.7671875 0.507177033492823 0.040625 0.12440191387559808
0 0.79609375 0.562200956937799 0.0546875 0.14832535885167464
0 0.82734375 0.5143540669856459 0.0359375 0.11004784688995216
0 0.846875 0.5909090909090909 0.08125 0.18181818181818182
0 0.85 0.6830143540669856 0.078125 0.15550239234449761
0 0.8296875 0.8265550239234449 0.121875 0.25598086124401914
0 0.521875 0.5143540669856459 0.078125 0.1674641148325359
0 0.50078125 0.45454545454545453 0.0265625 0.03827751196172249
0 0.49140625 0.4150717703349282 0.0390625 0.06937799043062201
0 0.4546875 0.458133971291866 0.046875 0.12200956937799043
0 0.53984375 0.43899521531100477 0.0453125 0.12200956937799043
0 0.6734375 0.4126794258373206 0.034375 0.07894736842105263
0 0.64765625 0.4665071770334928 0.0515625 0.1674641148325359
0 0.60078125 0.45454545454545453 0.0421875 0.11961722488038277
0 0.56328125 0.42942583732057416 0.0421875 0.16985645933014354
0 0.51875 0.3803827751196172 0.040625 0.1339712918660287
0 0.5484375 0.34330143540669855 0.034375 0.05980861244019139
0 0.478125 0.3588516746411483 0.0375 0.11483253588516747
0 0.45625 0.35526315789473684 0.0375 0.07416267942583732
0 0.41953125 0.37799043062200954 0.0515625 0.11483253588516747
0 0.41796875 0.33133971291866027 0.0328125 0.09330143540669857
0 0.08671875 0.8373205741626795 0.1078125 0.17703349282296652
0 0.03828125 0.8433014354066986 0.0703125 0.16507177033492823
0 0.20390625 0.7535885167464115 0.1328125 0.23444976076555024
0 0.1703125 0.75 0.121875 0.22248803827751196
0 0.03203125 0.7105263157894737 0.0640625 0.13875598086124402
0 0.10703125 0.715311004784689 0.0890625 0.2535885167464115
0 0.1296875 0.611244019138756 0.05625 0.13636363636363635
0 0.2078125 0.6626794258373205 0.084375 0.24401913875598086
0 0.2125 0.5777511961722488 0.08125 0.14114832535885166
0 0.0609375 0.6842105263157895 0.078125 0.24880382775119617
0 0.0671875 0.5466507177033493 0.040625 0.10287081339712918
0 0.14296875 0.5406698564593302 0.0546875 0.15311004784688995
0 0.1109375 0.5430622009569378 0.04375 0.05741626794258373
0 0.11484375 0.5239234449760766 0.0453125 0.11004784688995216
0 0.1953125 0.4916267942583732 0.040625 0.12679425837320574
0 0.16953125 0.4820574162679426 0.0359375 0.11244019138755981
0 0.9328125 0.9198564593301436 0.0875 0.06937799043062201
0 0.896875 0.8133971291866029 0.090625 0.19138755980861244
0 0.91640625 0.7105263157894737 0.0859375 0.1339712918660287
0 0.9328125 0.6244019138755981 0.065625 0.14354066985645933
0 0.9078125 0.5753588516746412 0.046875 0.18421052631578946
0 0.001512451171875 0.0018114283097914424 0.00010498046875000011 0.00037201529269018563
0 0.001531982421875 0.0021519653854078433 0.0000659179687499999 0.0002861656097616814
0 0.97421875 0.8373205741626795 0.0484375 0.14832535885167464
0 0.9765625 0.6782296650717703 0.04375 0.145933014354067
0 0.97578125 0.6327751196172249 0.0453125 0.16028708133971292
0 0.97578125 0.5514354066985646 0.0296875 0.11244019138755981
0 0.946875 0.5299043062200957 0.040625 0.09808612440191387
0 0.896875 0.49401913875598086 0.034375 0.08373205741626795
0 0.85546875 0.4916267942583732 0.0421875 0.11244019138755981
0 0.84375 0.48325358851674644 0.025 0.11483253588516747
0 0.8140625 0.4569377990430622 0.028125 0.08133971291866028
0 0.7875 0.4688995215311005 0.0375 0.1339712918660287
0 0.74296875 0.46291866028708134 0.0359375 0.11244019138755981
0 0.6953125 0.4688995215311005 0.04375 0.13875598086124402
0 0.6328125 0.32177033492822965 0.028125 0.10287081339712918
0 0.62265625 0.36363636363636365 0.0265625 0.07655502392344497
0 0.66953125 0.37679425837320574 0.0359375 0.07416267942583732
0 0.74765625 0.3456937799043062 0.0265625 0.08851674641148326
0 0.7390625 0.4043062200956938 0.028125 0.07655502392344497
0 0.60390625 0.3253588516746411 0.0265625 0.10047846889952153
0 0.59609375 0.3397129186602871 0.0265625 0.07177033492822966
0 0.01953125 0.6076555023923444 0.0296875 0.09090909090909091
0 0.10234375 0.7212918660287081 0.0734375 0.2511961722488038
0 0.984375 0.5610047846889952 0.028125 0.05502392344497608
0 0.9484375 0.5490430622009569 0.0375 0.05980861244019139
0 0.7625 0.4043062200956938 0.034375 0.09569377990430622
0 0.4671875 0.5095693779904307 0.05 0.1291866028708134
0 0.4109375 0.4055023923444976 0.04375 0.08851674641148326