0 0.19951923076923078 0.71875 0.025240384615384616 0.06009615384615385
0 0.20072115384615385 0.7043269230769231 0.03245192307692308 0.056490384615384616
0 0.21634615384615385 0.6706730769230769 0.018028846153846152 0.06850961538461539
0 0.22115384615384615 0.6670673076923077 0.013221153846153846 0.07211538461538461
0 0.24759615384615385 0.7007211538461539 0.02283653846153846 0.07572115384615384
0 0.2548076923076923 0.6682692307692307 0.013221153846153846 0.06610576923076923
0 0.26802884615384615 0.6694711538461539 0.016826923076923076 0.06370192307692307
0 0.28725961538461536 0.6706730769230769 0.014423076923076924 0.06129807692307692
0 0.28125 0.6682692307692307 0.01201923076923077 0.06370192307692307
0 0.28966346153846156 0.6430288461538461 0.013221153846153846 0.02283653846153846
0 0.33413461538461536 0.6778846153846154 0.014423076923076924 0.06850961538461539
0 0.3557692307692308 0.6730769230769231 0.015625 0.04927884615384615
0 0.36778846153846156 0.6923076923076923 0.014423076923076924 0.06490384615384616
0 0.41225961538461536 0.7007211538461539 0.01201923076923077 0.027644230769230768
0 0.44711538461538464 0.7067307692307693 0.01201923076923077 0.04807692307692308
0 0.4579326923076923 0.7043269230769231 0.01201923076923077 0.04567307692307692
0 0.47115384615384615 0.7079326923076923 0.013221153846153846 0.04567307692307692
0 0.4879807692307692 0.6598557692307693 0.01201923076923077 0.042067307692307696
0 0.5492788461538461 0.6911057692307693 0.01201923076923077 0.04927884615384615
0 0.59375 0.7548076923076923 0.018028846153846152 0.06129807692307692
0 0.5204326923076923 0.8197115384615384 0.020432692307692308 0.08653846153846154
0 0.5564903846153846 0.828125 0.020432692307692308 0.078125
0 0.46153846153846156 0.9399038461538461 0.02283653846153846 0.0889423076923077
0 0.47836538461538464 0.9302884615384616 0.02403846153846154 0.0985576923076923
0 0.6694711538461539 0.9242788461538461 0.02283653846153846 0.09254807692307693
0 0.6947115384615384 0.9230769230769231 0.03365384615384615 0.0985576923076923
0 0.7932692307692307 0.8509615384615384 0.016826923076923076 0.0829326923076923
0 0.8233173076923077 0.8774038461538461 0.014423076923076924 0.051682692307692304
0 0.8918269230769231 0.9507211538461539 0.026442307692307692 0.05048076923076923
0 0.5709134615384616 0.6959134615384616 0.01201923076923077 0.039663461538461536
0 0.4987980769230769 0.6274038461538461 0.009615384615384616 0.03365384615384615
0 0.4951923076923077 0.6189903846153846 0.007211538461538462 0.030048076923076924
0 0.4723557692307692 0.6201923076923077 0.009615384615384616 0.037259615384615384
0 0.4639423076923077 0.6225961538461539 0.009615384615384616 0.03365384615384615
0 0.4543269230769231 0.6213942307692307 0.009615384615384616 0.03245192307692308
0 0.4387019230769231 0.6165865384615384 0.008413461538461538 0.03245192307692308
0 0.4338942307692308 0.6189903846153846 0.008413461538461538 0.03485576923076923
0 0.35697115384615385 0.5985576923076923 0.008413461538461538 0.030048076923076924
0 0.3545673076923077 0.5973557692307693 0.009615384615384616 0.030048076923076924
0 0.2980769230769231 0.5853365384615384 0.007211538461538462 0.026442307692307692
0 0.34375 0.578125 0.008413461538461538 0.030048076923076924
0 0.35216346153846156 0.5757211538461539 0.008413461538461538 0.027644230769230768
0 0.41225961538461536 0.578125 0.007211538461538462 0.026442307692307692
0 0.28125 0.6478365384615384 0.01201923076923077 0.046875