0 0.15504807692307693 0.6682692307692307 0.23918269230769232 0.6622596153846154
0 0.31490384615384615 0.5889423076923077 0.21033653846153846 0.8221153846153846
0 0.4230769230769231 0.5757211538461539 0.171875 0.7920673076923077
0 0.6153846153846154 0.5901442307692307 0.3161057692307692 0.8197115384615384
0 0.9086538461538461 0.2848557692307692 0.18269230769230768 0.5697115384615384
0 0.02403846153846154 0.29086538461538464 0.04807692307692308 0.1201923076923077
0 0.0889423076923077 0.2668269230769231 0.07572115384615384 0.13701923076923078
0 0.15865384615384615 0.24639423076923078 0.07091346153846154 0.14182692307692307
0 0.2824519230769231 0.19471153846153846 0.07932692307692307 0.15384615384615385
0 0.021634615384615384 0.1935096153846154 0.04326923076923077 0.17067307692307693
0 0.07451923076923077 0.18990384615384615 0.0829326923076923 0.14543269230769232
0 0.15504807692307693 0.15384615384615385 0.08173076923076923 0.16947115384615385
0 0.21875 0.15384615384615385 0.07932692307692307 0.26322115384615385
0 0.3016826923076923 0.12860576923076922 0.08052884615384616 0.25721153846153844
0 0.43509615384615385 0.12740384615384615 0.09014423076923077 0.19110576923076922
0 0.5120192307692307 0.09975961538461539 0.07932692307692307 0.1971153846153846
0 0.6274038461538461 0.09254807692307693 0.09615384615384616 0.16947115384615385
0 0.7007211538461539 0.057692307692307696 0.052884615384615384 0.11298076923076923
0 0.7620192307692307 0.0625 0.08173076923076923 0.125
0 0.8365384615384616 0.04927884615384615 0.07692307692307693 0.09735576923076923
0 0.1141826923076923 0.15745192307692307 0.051682692307692304 0.17908653846153846
0 0.14423076923076922 0.07572115384615384 0.05889423076923077 0.11177884615384616
0 0.19951923076923078 0.06009615384615385 0.06370192307692307 0.11778846153846154
0 0.3581730769230769 0.14302884615384615 0.06971153846153846 0.21995192307692307
0 0.2536057692307692 0.09735576923076923 0.05048076923076923 0.1935096153846154
0 0.5420673076923077 0.10817307692307693 0.08413461538461539 0.21634615384615385