0 0.7788461538461539 0.5564903846153846 0.07211538461538461 0.27884615384615385
0 0.7175480769230769 0.5444711538461539 0.0829326923076923 0.3137019230769231
0 0.7007211538461539 0.5228365384615384 0.07091346153846154 0.30408653846153844
0 0.6682692307692307 0.5360576923076923 0.056490384615384616 0.3016826923076923
0 0.6201923076923077 0.5348557692307693 0.054086538461538464 0.3016826923076923
0 0.6286057692307693 0.515625 0.057692307692307696 0.3076923076923077
0 0.5709134615384616 0.5540865384615384 0.06370192307692307 0.3016826923076923
0 0.5817307692307693 0.5384615384615384 0.055288461538461536 0.2920673076923077
0 0.5757211538461539 0.39783653846153844 0.06129807692307692 0.0889423076923077
0 0.5324519230769231 0.53125 0.06971153846153846 0.3004807692307692
0 0.49278846153846156 0.5588942307692307 0.056490384615384616 0.27163461538461536
0 0.4807692307692308 0.5360576923076923 0.039663461538461536 0.28725961538461536
0 0.5012019230769231 0.4050480769230769 0.037259615384615384 0.08052884615384616
0 0.43990384615384615 0.5372596153846154 0.05889423076923077 0.30408653846153844
0 0.41947115384615385 0.5264423076923077 0.03365384615384615 0.3004807692307692
0 0.39663461538461536 0.5444711538461539 0.04927884615384615 0.28846153846153844
0 0.36538461538461536 0.5444711538461539 0.054086538461538464 0.3112980769230769
0 0.32211538461538464 0.5540865384615384 0.05889423076923077 0.30649038461538464
0 0.34375 0.43028846153846156 0.028846153846153848 0.06490384615384616
0 0.29447115384615385 0.5360576923076923 0.04447115384615385 0.3137019230769231
0 0.2800480769230769 0.5588942307692307 0.057692307692307696 0.30528846153846156
0 0.21634615384615385 0.5588942307692307 0.08533653846153846 0.3161057692307692
0 0.20793269230769232 0.5733173076923077 0.06009615384615385 0.31971153846153844
0 0.17427884615384615 0.5564903846153846 0.09975961538461539 0.33533653846153844