0 0.14182692307692307 0.6935096153846154 0.28365384615384615 0.6129807692307693
0 0.4014423076923077 0.5252403846153846 0.3389423076923077 0.5649038461538461
0 0.5528846153846154 0.5228365384615384 0.16826923076923078 0.32572115384615385
0 0.9507211538461539 0.30528846153846156 0.06370192307692307 0.07692307692307693
0 0.8846153846153846 0.30408653846153844 0.09254807692307693 0.08173076923076923
0 0.7908653846153846 0.4110576923076923 0.0673076923076923 0.1045673076923077
0 0.6995192307692307 0.45072115384615385 0.13581730769230768 0.10216346153846154
0 0.6286057692307693 0.46875 0.0829326923076923 0.07572115384615384
0 0.48197115384615385 0.4963942307692308 0.0673076923076923 0.1310096153846154
0 0.4855769230769231 0.42788461538461536 0.054086538461538464 0.055288461538461536
0 0.14903846153846154 0.3137019230769231 0.10697115384615384 0.10697115384615384
0 0.018028846153846152 0.31009615384615385 0.03485576923076923 0.025240384615384616
0 0.052884615384615384 0.3401442307692308 0.09495192307692307 0.10096153846153846
0 0.08052884615384616 0.4182692307692308 0.08052884615384616 0.09735576923076923
0 0.16346153846153846 0.4206730769230769 0.10216346153846154 0.10817307692307693
0 0.1502403846153846 0.37740384615384615 0.05889423076923077 0.04447115384615385
0 0.21514423076923078 0.40865384615384615 0.07091346153846154 0.09735576923076923
0 0.2536057692307692 0.38100961538461536 0.078125 0.10697115384615384
0 0.25961538461538464 0.5120192307692307 0.09495192307692307 0.13221153846153846
0 0.1778846153846154 0.515625 0.0829326923076923 0.13822115384615385