0 0.02403846153846154 0.7427884615384616 0.015625 0.039663461538461536
0 0.042067307692307696 0.7584134615384616 0.010817307692307692 0.03365384615384615
0 0.055288461538461536 0.7632211538461539 0.016826923076923076 0.0733173076923077
0 0.04807692307692308 0.7992788461538461 0.020432692307692308 0.09134615384615384
0 0.07211538461538461 0.7548076923076923 0.013221153846153846 0.03365384615384615
0 0.07091346153846154 0.7824519230769231 0.016826923076923076 0.046875
0 0.07692307692307693 0.7536057692307693 0.010817307692307692 0.056490384615384616
0 0.08653846153846154 0.7415865384615384 0.015625 0.037259615384615384
0 0.09735576923076923 0.7896634615384616 0.016826923076923076 0.06971153846153846
0 0.10697115384615384 0.7536057692307693 0.009615384615384616 0.06129807692307692
0 0.051682692307692304 0.8930288461538461 0.04326923076923077 0.1622596153846154
0 0.16947115384615385 0.7776442307692307 0.018028846153846152 0.08653846153846154
0 0.15625 0.8485576923076923 0.04447115384615385 0.12379807692307693
0 0.13701923076923078 0.9134615384615384 0.06971153846153846 0.17067307692307693
0 0.12620192307692307 0.8822115384615384 0.0625 0.16105769230769232
0 0.1141826923076923 0.7872596153846154 0.039663461538461536 0.08052884615384616
0 0.17908653846153846 0.890625 0.03365384615384615 0.21514423076923078
0 0.22596153846153846 0.9170673076923077 0.0733173076923077 0.1622596153846154
0 0.18990384615384615 0.7896634615384616 0.018028846153846152 0.054086538461538464
0 0.2091346153846154 0.7872596153846154 0.014423076923076924 0.056490384615384616
0 0.21394230769230768 0.8100961538461539 0.03485576923076923 0.0733173076923077
0 0.24278846153846154 0.859375 0.03365384615384615 0.1346153846153846
0 0.25841346153846156 0.8197115384615384 0.021634615384615384 0.09134615384615384
0 0.2848557692307692 0.8930288461538461 0.055288461538461536 0.15865384615384615
0 0.30528846153846156 0.8377403846153846 0.03485576923076923 0.13221153846153846
0 0.31490384615384615 0.8088942307692307 0.021634615384615384 0.0733173076923077
0 0.27884615384615385 0.8137019230769231 0.03245192307692308 0.1141826923076923
0 0.3329326923076923 0.8629807692307693 0.021634615384615384 0.1622596153846154
0 0.33533653846153844 0.7872596153846154 0.026442307692307692 0.04807692307692308
0 0.35336538461538464 0.8930288461538461 0.03365384615384615 0.2091346153846154
0 0.3858173076923077 0.8846153846153846 0.04927884615384615 0.2283653846153846
0 0.4338942307692308 0.8629807692307693 0.036057692307692304 0.21634615384615385
0 0.4423076923076923 0.8509615384615384 0.016826923076923076 0.15865384615384615
0 0.46274038461538464 0.8762019230769231 0.02403846153846154 0.17427884615384615
0 0.49158653846153844 0.8834134615384616 0.028846153846153848 0.22596153846153846
0 0.5348557692307693 0.8834134615384616 0.10096153846153846 0.22956730769230768
0 0.59375 0.8088942307692307 0.04927884615384615 0.13822115384615385
0 0.6454326923076923 0.7608173076923077 0.021634615384615384 0.06370192307692307
0 0.6346153846153846 0.7752403846153846 0.013221153846153846 0.10096153846153846
0 0.6622596153846154 0.8930288461538461 0.055288461538461536 0.2091346153846154
0 0.6875 0.9266826923076923 0.020432692307692308 0.13822115384615385
0 0.6826923076923077 0.8064903846153846 0.019230769230769232 0.10697115384615384
0 0.6887019230769231 0.8305288461538461 0.019230769230769232 0.11057692307692307
0 0.7019230769230769 0.8293269230769231 0.027644230769230768 0.0985576923076923
0 0.7127403846153846 0.8353365384615384 0.02403846153846154 0.09375
0 0.734375 0.8942307692307693 0.07091346153846154 0.20793269230769232
0 0.7512019230769231 0.8100961538461539 0.021634615384615384 0.06129807692307692
0 0.7632211538461539 0.8485576923076923 0.027644230769230768 0.11538461538461539
0 0.7740384615384616 0.8125 0.014423076923076924 0.052884615384615384
0 0.8016826923076923 0.890625 0.07091346153846154 0.21514423076923078
0 0.796875 0.8100961538461539 0.051682692307692304 0.09134615384615384
0 0.8701923076923077 0.9206730769230769 0.08052884615384616 0.15504807692307693
0 0.8954326923076923 0.8100961538461539 0.020432692307692308 0.125
0 0.9182692307692307 0.8569711538461539 0.018028846153846152 0.1141826923076923
0 0.9302884615384616 0.8990384615384616 0.036057692307692304 0.19110576923076922
0 0.9495192307692307 0.859375 0.039663461538461536 0.1778846153846154
0 0.8413461538461539 0.8629807692307693 0.042067307692307696 0.14543269230769232
0 0.875 0.8930288461538461 0.08173076923076923 0.2091346153846154
0 0.8509615384615384 0.8112980769230769 0.019230769230769232 0.04807692307692308
0 0.609375 0.8341346153846154 0.026442307692307692 0.052884615384615384
0 0.6213942307692307 0.90625 0.056490384615384616 0.15745192307692307
0 0.4735576923076923 0.8810096153846154 0.02283653846153846 0.18509615384615385