0 0.021634615384615384 0.29086538461538464 0.038461538461538464 0.1141826923076923
0 0.2920673076923077 0.30288461538461536 0.056490384615384616 0.12980769230769232
0 0.31850961538461536 0.2920673076923077 0.030048076923076924 0.056490384615384616
0 0.8149038461538461 0.375 0.030048076923076924 0.13221153846153846
0 0.8533653846153846 0.3870192307692308 0.030048076923076924 0.09615384615384616
0 0.8557692307692307 0.3269230769230769 0.026442307692307692 0.08052884615384616
0 0.27163461538461536 0.4639423076923077 0.06971153846153846 0.21514423076923078
0 0.2127403846153846 0.6322115384615384 0.2536057692307692 0.5252403846153846
0 0.46153846153846156 0.5528846153846154 0.18629807692307693 0.3918269230769231
0 0.5216346153846154 0.44471153846153844 0.09254807692307693 0.19471153846153846
0 0.6862980769230769 0.4326923076923077 0.12379807692307693 0.5516826923076923
0 0.9038461538461539 0.6310096153846154 0.19230769230769232 0.45552884615384615