0 0.5528846153846154 0.5949519230769231 0.008413461538461538 0.027644230769230768
0 0.5420673076923077 0.5973557692307693 0.009615384615384616 0.03485576923076923
0 0.4411057692307692 0.5985576923076923 0.014423076923076924 0.04807692307692308
0 0.4098557692307692 0.6021634615384616 0.009615384615384616 0.020432692307692308
0 0.5564903846153846 0.6177884615384616 0.010817307692307692 0.039663461538461536
0 0.5961538461538461 0.6201923076923077 0.008413461538461538 0.03125
0 0.4831730769230769 0.6286057692307693 0.015625 0.042067307692307696
0 0.4951923076923077 0.6298076923076923 0.01201923076923077 0.039663461538461536
0 0.3918269230769231 0.6334134615384616 0.008413461538461538 0.025240384615384616
0 0.4026442307692308 0.6466346153846154 0.009615384615384616 0.03485576923076923
0 0.4098557692307692 0.6466346153846154 0.009615384615384616 0.02283653846153846
0 0.5745192307692307 0.6466346153846154 0.010817307692307692 0.04326923076923077
0 0.2620192307692308 0.6478365384615384 0.010817307692307692 0.042067307692307696
0 0.5240384615384616 0.65625 0.01201923076923077 0.03365384615384615
0 0.4807692307692308 0.6658653846153846 0.014423076923076924 0.051682692307692304
0 0.5408653846153846 0.6658653846153846 0.010817307692307692 0.04807692307692308
0 0.41225961538461536 0.6670673076923077 0.009615384615384616 0.042067307692307696
0 0.3942307692307692 0.6682692307692307 0.010817307692307692 0.04807692307692308
0 0.2512019230769231 0.6694711538461539 0.009615384615384616 0.03485576923076923
0 0.6225961538461539 0.6706730769230769 0.014423076923076924 0.054086538461538464
0 0.4519230769230769 0.6850961538461539 0.018028846153846152 0.042067307692307696
0 0.5252403846153846 0.6899038461538461 0.014423076923076924 0.05889423076923077
0 0.42788461538461536 0.6995192307692307 0.01201923076923077 0.06610576923076923
0 0.4675480769230769 0.6995192307692307 0.015625 0.054086538461538464
0 0.6262019230769231 0.7007211538461539 0.018028846153846152 0.051682692307692304
0 0.6141826923076923 0.7019230769230769 0.014423076923076924 0.054086538461538464
0 0.765625 0.7043269230769231 0.01201923076923077 0.054086538461538464
0 0.25600961538461536 0.7211538461538461 0.018028846153846152 0.03365384615384615
0 0.5528846153846154 0.7223557692307693 0.019230769230769232 0.06490384615384616
0 0.4519230769230769 0.7247596153846154 0.01201923076923077 0.05889423076923077
0 0.43990384615384615 0.7259615384615384 0.019230769230769232 0.06009615384615385
0 0.578125 0.7379807692307693 0.016826923076923076 0.07451923076923077
0 0.5913461538461539 0.7379807692307693 0.019230769230769232 0.07451923076923077
0 0.27163461538461536 0.7379807692307693 0.016826923076923076 0.06009615384615385
0 0.5625 0.7439903846153846 0.016826923076923076 0.07932692307692307
0 0.8245192307692307 0.7632211538461539 0.020432692307692308 0.051682692307692304
0 0.7463942307692307 0.7728365384615384 0.014423076923076924 0.07932692307692307
0 0.14903846153846154 0.7884615384615384 0.020432692307692308 0.07692307692307693
0 0.1310096153846154 0.7944711538461539 0.016826923076923076 0.0733173076923077
0 0.33052884615384615 0.7992788461538461 0.025240384615384616 0.0733173076923077
0 0.3016826923076923 0.8004807692307693 0.016826923076923076 0.0625
0 0.8401442307692307 0.8028846153846154 0.01201923076923077 0.06850961538461539
0 0.3137019230769231 0.8040865384615384 0.019230769230769232 0.07451923076923077
0 0.43028846153846156 0.8052884615384616 0.02403846153846154 0.07692307692307693
0 0.4050480769230769 0.8088942307692307 0.02403846153846154 0.08533653846153846
0 0.4483173076923077 0.8112980769230769 0.019230769230769232 0.08173076923076923
0 0.2824519230769231 0.8149038461538461 0.016826923076923076 0.07932692307692307
0 0.3629807692307692 0.8149038461538461 0.018028846153846152 0.07932692307692307
0 0.5961538461538461 0.8149038461538461 0.020432692307692308 0.0829326923076923
0 0.11298076923076923 0.8149038461538461 0.015625 0.04567307692307692
0 0.47115384615384615 0.8221153846153846 0.01201923076923077 0.04807692307692308
0 0.7403846153846154 0.8245192307692307 0.021634615384615384 0.07932692307692307
0 0.7235576923076923 0.8269230769230769 0.019230769230769232 0.07451923076923077
0 0.6634615384615384 0.8401442307692307 0.02403846153846154 0.09014423076923077
0 0.25721153846153844 0.8413461538461539 0.025240384615384616 0.08774038461538461
0 0.3737980769230769 0.84375 0.02403846153846154 0.0829326923076923
0 0.90625 0.84375 0.03485576923076923 0.08774038461538461
0 0.3557692307692308 0.8449519230769231 0.02403846153846154 0.09014423076923077
0 0.15745192307692307 0.8533653846153846 0.019230769230769232 0.06009615384615385
0 0.29927884615384615 0.8557692307692307 0.026442307692307692 0.09014423076923077
0 0.23557692307692307 0.8569711538461539 0.019230769230769232 0.08173076923076923
0 0.13701923076923078 0.8569711538461539 0.025240384615384616 0.09014423076923077
0 0.1814903846153846 0.8798076923076923 0.010817307692307692 0.03125
0 0.17067307692307693 0.8834134615384616 0.014423076923076924 0.037259615384615384
0 0.2439903846153846 0.8870192307692307 0.018028846153846152 0.08774038461538461
0 0.1310096153846154 0.8882211538461539 0.015625 0.051682692307692304
0 0.8653846153846154 0.8966346153846154 0.021634615384615384 0.09375
0 0.03485576923076923 0.9002403846153846 0.018028846153846152 0.0829326923076923
0 0.02283653846153846 0.9026442307692307 0.028846153846153848 0.08533653846153846
0 0.7920673076923077 0.9026442307692307 0.027644230769230768 0.10576923076923077
0 0.2800480769230769 0.9074519230769231 0.02403846153846154 0.09735576923076923
0 0.2620192307692308 0.9086538461538461 0.016826923076923076 0.042067307692307696
0 0.33653846153846156 0.9086538461538461 0.010817307692307692 0.042067307692307696
0 0.765625 0.9110576923076923 0.030048076923076924 0.051682692307692304
0 0.7115384615384616 0.9158653846153846 0.025240384615384616 0.10216346153846154
0 0.36778846153846156 0.9182692307692307 0.02403846153846154 0.08533653846153846
0 0.06490384615384616 0.9230769230769231 0.020432692307692308 0.0829326923076923
0 0.8870192307692307 0.9338942307692307 0.026442307692307692 0.1045673076923077
0 0.2608173076923077 0.9411057692307693 0.018028846153846152 0.05048076923076923
0 0.3942307692307692 0.9411057692307693 0.027644230769230768 0.11298076923076923
0 0.12620192307692307 0.9471153846153846 0.025240384615384616 0.08533653846153846
0 0.019230769230769232 0.9495192307692307 0.016826923076923076 0.054086538461538464
0 0.34134615384615385 0.9495192307692307 0.021634615384615384 0.09615384615384616
0 0.3641826923076923 0.9495192307692307 0.028846153846153848 0.09735576923076923
0 0.20793269230769232 0.9495192307692307 0.027644230769230768 0.09615384615384616
0 0.09375 0.953125 0.026442307692307692 0.09014423076923077
0 0.2439903846153846 0.9555288461538461 0.025240384615384616 0.051682692307692304
0 0.30649038461538464 0.9579326923076923 0.019230769230769232 0.07932692307692307
0 0.3293269230769231 0.9615384615384616 0.026442307692307692 0.0733173076923077
0 0.5288461538461539 0.9615384615384616 0.03365384615384615 0.0733173076923077
0 0.06490384615384616 0.9675480769230769 0.03245192307692308 0.06009615384615385
0 0.796875 0.9675480769230769 0.03245192307692308 0.06009615384615385
0 0.828125 0.9723557692307693 0.02403846153846154 0.05048076923076923
0 0.2403846153846154 0.9771634615384616 0.026442307692307692 0.042067307692307696