0 0.014423076923076924 0.7379807692307693 0.02403846153846154 0.03125
0 0.04326923076923077 0.8617788461538461 0.039663461538461536 0.23557692307692307
0 0.06490384615384616 0.8557692307692307 0.07091346153846154 0.2548076923076923
0 0.12740384615384615 0.859375 0.0625 0.24759615384615385
0 0.17908653846153846 0.8545673076923077 0.06129807692307692 0.21875
0 0.21514423076923078 0.84375 0.039663461538461536 0.15625
0 0.24158653846153846 0.8389423076923077 0.03365384615384615 0.20192307692307693
0 0.25841346153846156 0.8569711538461539 0.05048076923076923 0.24158653846153846
0 0.30649038461538464 0.8629807692307693 0.07451923076923077 0.27163461538461536
0 0.2848557692307692 0.7524038461538461 0.02283653846153846 0.06850961538461539
0 0.35216346153846156 0.8569711538461539 0.0733173076923077 0.28365384615384615
0 0.3870192307692308 0.8569711538461539 0.04927884615384615 0.23677884615384615
0 0.42788461538461536 0.8040865384615384 0.03365384615384615 0.15625
0 0.4495192307692308 0.7560096153846154 0.015625 0.06490384615384616
0 0.46153846153846156 0.7475961538461539 0.013221153846153846 0.056490384615384616
0 0.47596153846153844 0.7944711538461539 0.03245192307692308 0.140625
0 0.5072115384615384 0.8173076923076923 0.04447115384615385 0.17067307692307693
0 0.5060096153846154 0.7980769230769231 0.04326923076923077 0.16826923076923078
0 0.5180288461538461 0.7403846153846154 0.021634615384615384 0.04807692307692308
0 0.5649038461538461 0.7632211538461539 0.019230769230769232 0.06850961538461539
0 0.5336538461538461 0.7572115384615384 0.014423076923076924 0.06610576923076923
0 0.5492788461538461 0.7620192307692307 0.014423076923076924 0.07091346153846154
0 0.578125 0.7475961538461539 0.01201923076923077 0.04927884615384615
0 0.5913461538461539 0.7487980769230769 0.01201923076923077 0.04927884615384615
0 0.6009615384615384 0.7475961538461539 0.01201923076923077 0.04927884615384615
0 0.6418269230769231 0.8617788461538461 0.054086538461538464 0.24879807692307693
0 0.6887019230769231 0.8533653846153846 0.0625 0.27163461538461536
0 0.7007211538461539 0.9098557692307693 0.036057692307692304 0.17427884615384615
0 0.7223557692307693 0.7548076923076923 0.03365384615384615 0.10096153846153846
0 0.7427884615384616 0.8677884615384616 0.11057692307692307 0.2608173076923077
0 0.78125 0.7800480769230769 0.018028846153846152 0.06610576923076923
0 0.41346153846153844 0.7692307692307693 0.016826923076923076 0.08413461538461539
0 0.4014423076923077 0.7692307692307693 0.015625 0.08413461538461539
0 0.5420673076923077 0.765625 0.01201923076923077 0.0625
0 0.8064903846153846 0.7764423076923077 0.021634615384615384 0.1141826923076923
0 0.8209134615384616 0.8473557692307693 0.06610576923076923 0.234375
0 0.8569711538461539 0.8413461538461539 0.042067307692307696 0.24639423076923078
0 0.8822115384615384 0.7872596153846154 0.02403846153846154 0.11658653846153846
0 0.9110576923076923 0.7896634615384616 0.0625 0.1466346153846154
0 0.9290865384615384 0.8762019230769231 0.13942307692307693 0.2439903846153846