0 0.06971153846153846 0.7632211538461539 0.09375 0.45552884615384615
0 0.24759615384615385 0.7427884615384616 0.10817307692307693 0.5144230769230769
0 0.37740384615384615 0.7992788461538461 0.140625 0.4014423076923077
0 0.390625 0.7307692307692307 0.11298076923076923 0.3581730769230769
0 0.4987980769230769 0.7079326923076923 0.19951923076923078 0.5841346153846154
0 0.8569711538461539 0.7860576923076923 0.13822115384615385 0.42788461538461536
0 0.8966346153846154 0.578125 0.10697115384615384 0.3894230769230769
0 0.9795673076923077 0.19471153846153846 0.039663461538461536 0.2283653846153846
0 0.9206730769230769 0.19591346153846154 0.051682692307692304 0.20552884615384615
0 0.8858173076923077 0.18870192307692307 0.04807692307692308 0.20192307692307693
0 0.8485576923076923 0.17307692307692307 0.052884615384615384 0.22235576923076922
0 0.5985576923076923 0.1875 0.04447115384615385 0.22596153846153846
0 0.3918269230769231 0.036057692307692304 0.03125 0.07211538461538461
0 0.07692307692307693 0.06009615384615385 0.054086538461538464 0.1201923076923077
0 0.03125 0.055288461538461536 0.0625 0.11057692307692307
0 0.21995192307692307 0.07211538461538461 0.03365384615384615 0.06971153846153846