0 0.25841346153846156 0.875 0.028846153846153848 0.052884615384615384
0 0.2824519230769231 0.9507211538461539 0.04567307692307692 0.0985576923076923
0 0.3112980769230769 0.9783653846153846 0.04326923076923077 0.04326923076923077
0 0.3233173076923077 0.9206730769230769 0.042067307692307696 0.125
0 0.3545673076923077 0.8894230769230769 0.038461538461538464 0.10697115384615384
0 0.3954326923076923 0.9362980769230769 0.04447115384615385 0.12620192307692307
0 0.4639423076923077 0.9759615384615384 0.052884615384615384 0.04807692307692308
0 0.5024038461538461 0.9795673076923077 0.027644230769230768 0.039663461538461536
0 0.5492788461538461 0.9627403846153846 0.05889423076923077 0.07451923076923077
0 0.5685096153846154 0.9375 0.027644230769230768 0.09134615384615384
0 0.4651442307692308 0.9302884615384616 0.04807692307692308 0.1201923076923077
0 0.5336538461538461 0.9074519230769231 0.051682692307692304 0.15504807692307693
0 0.5649038461538461 0.8485576923076923 0.03485576923076923 0.08052884615384616
0 0.45913461538461536 0.8894230769230769 0.039663461538461536 0.09975961538461539
0 0.42908653846153844 0.9206730769230769 0.03365384615384615 0.14783653846153846
0 0.4206730769230769 0.84375 0.04326923076923077 0.09615384615384616
0 0.46274038461538464 0.8197115384615384 0.040865384615384616 0.10697115384615384
0 0.5192307692307693 0.8461538461538461 0.039663461538461536 0.11538461538461539
0 0.49278846153846156 0.7980769230769231 0.030048076923076924 0.125
0 0.5060096153846154 0.7403846153846154 0.027644230769230768 0.06610576923076923
0 0.5408653846153846 0.7872596153846154 0.03245192307692308 0.078125
0 0.42788461538461536 0.8461538461538461 0.039663461538461536 0.08173076923076923
0 0.8040865384615384 0.9519230769230769 0.030048076923076924 0.09495192307692307
0 0.8605769230769231 0.9591346153846154 0.03365384615384615 0.08173076923076923
0 0.9326923076923077 0.9146634615384616 0.04927884615384615 0.09615384615384616
0 0.8161057692307693 0.5685096153846154 0.03485576923076923 0.09375
0 0.7247596153846154 0.5036057692307693 0.027644230769230768 0.08653846153846154