0 0.15384615384615385 0.1310096153846154 0.09254807692307693 0.23557692307692307
0 0.09134615384615384 0.2920673076923077 0.13701923076923078 0.2668269230769231
0 0.15384615384615385 0.2920673076923077 0.08052884615384616 0.2860576923076923
0 0.23557692307692307 0.3137019230769231 0.13581730769230768 0.2764423076923077
0 0.2848557692307692 0.21995192307692307 0.08052884615384616 0.18629807692307693
0 0.40024038461538464 0.22956730769230768 0.07451923076923077 0.16346153846153846
0 0.5024038461538461 0.2956730769230769 0.10216346153846154 0.3389423076923077
0 0.5865384615384616 0.29447115384615385 0.11177884615384616 0.2860576923076923
0 0.6334134615384616 0.33774038461538464 0.13942307692307693 0.2920673076923077
0 0.7848557692307693 0.36658653846153844 0.21995192307692307 0.38221153846153844
0 0.9326923076923077 0.6165865384615384 0.13341346153846154 0.703125
0 0.7175480769230769 0.6646634615384616 0.3798076923076923 0.6706730769230769
0 0.20552884615384615 0.6201923076923077 0.31971153846153844 0.7596153846153846
0 0.22355769230769232 0.6105769230769231 0.3605769230769231 0.7788461538461539