0 0.24278846153846154 0.5408653846153846 0.07572115384615384 0.09254807692307693
0 0.16466346153846154 0.5372596153846154 0.055288461538461536 0.08413461538461539
0 0.11778846153846154 0.5348557692307693 0.09975961538461539 0.11057692307692307
0 0.06129807692307692 0.5336538461538461 0.10216346153846154 0.11177884615384616
0 0.07932692307692307 0.6009615384615384 0.10576923076923077 0.10697115384615384
0 0.16826923076923078 0.6129807692307693 0.07211538461538461 0.07451923076923077
0 0.23076923076923078 0.7091346153846154 0.16947115384615385 0.26802884615384615
0 0.3557692307692308 0.7175480769230769 0.20793269230769232 0.2668269230769231
0 0.8293269230769231 0.5901442307692307 0.078125 0.17908653846153846
0 0.5228365384615384 0.6971153846153846 0.09615384615384616 0.19951923076923078
0 0.4206730769230769 0.49759615384615385 0.27524038461538464 0.5264423076923077
0 0.9206730769230769 0.5913461538461539 0.15865384615384615 0.7596153846153846
0 0.6947115384615384 0.6778846153846154 0.28725961538461536 0.6442307692307693
0 0.12620192307692307 0.625 0.06850961538461539 0.08533653846153846
0 0.3016826923076923 0.6009615384615384 0.07091346153846154 0.0829326923076923