0 0.8557692307692307 0.8161057692307693 0.28846153846153844 0.36778846153846156
0 0.5540865384615384 0.8677884615384616 0.09375 0.2644230769230769
0 0.5168269230769231 0.8713942307692307 0.051682692307692304 0.25721153846153844
0 0.4519230769230769 0.8100961538461539 0.051682692307692304 0.1622596153846154
0 0.36899038461538464 0.8641826923076923 0.09134615384615384 0.2704326923076923
0 0.265625 0.8485576923076923 0.12139423076923077 0.30288461538461536
0 0.15384615384615385 0.8617788461538461 0.10096153846153846 0.27524038461538464
0 0.09014423076923077 0.8689903846153846 0.06971153846153846 0.2620192307692308
0 0.028846153846153848 0.859375 0.057692307692307696 0.28125
0 0.7319711538461539 0.7896634615384616 0.046875 0.14903846153846154
0 0.7007211538461539 0.7728365384615384 0.027644230769230768 0.11658653846153846
0 0.65625 0.7704326923076923 0.030048076923076924 0.10576923076923077
0 0.6790865384615384 0.7584134615384616 0.015625 0.0673076923076923
0 0.6694711538461539 0.7596153846153846 0.013221153846153846 0.06129807692307692
0 0.6298076923076923 0.7608173076923077 0.014423076923076924 0.057692307692307696
0 0.6430288461538461 0.7596153846153846 0.013221153846153846 0.0625
0 0.6081730769230769 0.75 0.010817307692307692 0.038461538461538464
0 0.6009615384615384 0.7596153846153846 0.009615384615384616 0.06129807692307692
0 0.5985576923076923 0.7572115384615384 0.013221153846153846 0.06009615384615385
0 0.5805288461538461 0.7608173076923077 0.02403846153846154 0.0625
0 0.5685096153846154 0.7620192307692307 0.015625 0.057692307692307696
0 0.7163461538461539 0.7379807692307693 0.007211538461538462 0.01201923076923077
0 0.7439903846153846 0.7475961538461539 0.015625 0.038461538461538464
0 0.7451923076923077 0.7524038461538461 0.013221153846153846 0.052884615384615384
0 0.7536057692307693 0.7548076923076923 0.013221153846153846 0.054086538461538464
0 0.7644230769230769 0.7475961538461539 0.008413461538461538 0.039663461538461536
0 0.7704326923076923 0.75 0.013221153846153846 0.052884615384615384
0 0.8930288461538461 0.78125 0.03125 0.14182692307692307
0 0.9110576923076923 0.7920673076923077 0.03485576923076923 0.1466346153846154
0 0.9326923076923077 0.7848557692307693 0.030048076923076924 0.1346153846153846
0 0.42788461538461536 0.7596153846153846 0.013221153846153846 0.04567307692307692
0 0.33052884615384615 0.7632211538461539 0.010817307692307692 0.046875
0 0.3173076923076923 0.7644230769230769 0.010817307692307692 0.04447115384615385
0 0.30408653846153844 0.7560096153846154 0.020432692307692308 0.042067307692307696
0 0.21754807692307693 0.7764423076923077 0.015625 0.06129807692307692
0 0.20552884615384615 0.7584134615384616 0.010817307692307692 0.026442307692307692
0 0.1971153846153846 0.7704326923076923 0.015625 0.06129807692307692
0 0.18870192307692307 0.7644230769230769 0.03365384615384615 0.06610576923076923
0 0.12740384615384615 0.7740384615384616 0.018028846153846152 0.046875
0 0.11658653846153846 0.7608173076923077 0.015625 0.04927884615384615
0 0.0829326923076923 0.7608173076923077 0.021634615384615384 0.042067307692307696
0 0.010817307692307692 0.8725961538461539 0.021634615384615384 0.23677884615384615
0 0.22596153846153846 0.7512019230769231 0.009615384615384616 0.03485576923076923
0 0.234375 0.7475961538461539 0.008413461538461538 0.026442307692307692
0 0.06850961538461539 0.7560096153846154 0.02403846153846154 0.04927884615384615
0 0.3401442307692308 0.8689903846153846 0.04447115384615385 0.2620192307692308