0 0.8774038461538461 0.6129807692307693 0.24519230769230768 0.7740384615384616
0 0.5721153846153846 0.625 0.6682692307692307 0.75
0 0.2956730769230769 0.6286057692307693 0.5913461538461539 0.7427884615384616
0 0.125 0.5973557692307693 0.24759615384615385 0.5901442307692307
0 0.4182692307692308 0.31850961538461536 0.04567307692307692 0.10817307692307693
0 0.36177884615384615 0.3245192307692308 0.07932692307692307 0.08774038461538461
0 0.20552884615384615 0.2608173076923077 0.0673076923076923 0.12860576923076922
0 0.21634615384615385 0.12980769230769232 0.07451923076923077 0.140625
0 0.11057692307692307 0.140625 0.056490384615384616 0.09375
0 0.125 0.11538461538461539 0.055288461538461536 0.12259615384615384
0 0.010817307692307692 0.11177884615384616 0.020432692307692308 0.12379807692307693