0 0.4699519230769231 0.6141826923076923 0.4387019230769231 0.43149038461538464
0 0.40024038461538464 0.49158653846153844 0.15384615384615385 0.36899038461538464
0 0.08413461538461539 0.6706730769230769 0.16826923076923078 0.42427884615384615
0 0.22115384615384615 0.44591346153846156 0.11298076923076923 0.25841346153846156
0 0.28966346153846156 0.4951923076923077 0.12860576923076922 0.17908653846153846
0 0.3293269230769231 0.49278846153846156 0.0829326923076923 0.1622596153846154
0 0.6346153846153846 0.4795673076923077 0.125 0.09735576923076923
0 0.6730769230769231 0.5144230769230769 0.12620192307692307 0.21875
0 0.7163461538461539 0.5336538461538461 0.14903846153846154 0.234375
0 0.8028846153846154 0.5228365384615384 0.15504807692307693 0.21153846153846154
0 0.8918269230769231 0.5336538461538461 0.21634615384615385 0.2704326923076923
0 0.9158653846153846 0.5396634615384616 0.16826923076923078 0.26322115384615385
0 0.49158653846153844 0.16346153846153846 0.11658653846153846 0.10336538461538461
0 0.3485576923076923 0.1971153846153846 0.06129807692307692 0.1045673076923077
0 0.051682692307692304 0.41346153846153844 0.056490384615384616 0.025240384615384616
0 0.9519230769230769 0.39663461538461536 0.09495192307692307 0.1045673076923077
0 0.8545673076923077 0.40865384615384615 0.09014423076923077 0.0985576923076923
0 0.8786057692307693 0.3737980769230769 0.09134615384615384 0.06971153846153846
0 0.78125 0.39903846153846156 0.1141826923076923 0.1201923076923077
0 0.7379807692307693 0.38221153846153844 0.1045673076923077 0.08774038461538461
0 0.65625 0.4230769230769231 0.0733173076923077 0.10096153846153846
0 0.6778846153846154 0.3786057692307692 0.13221153846153846 0.09735576923076923
0 0.6262019230769231 0.38221153846153844 0.09254807692307693 0.11177884615384616
0 0.6237980769230769 0.3629807692307692 0.125 0.14182692307692307
0 0.5420673076923077 0.35697115384615385 0.1141826923076923 0.10336538461538461
0 0.5048076923076923 0.3605769230769231 0.10216346153846154 0.10216346153846154
0 0.5372596153846154 0.3004807692307692 0.08052884615384616 0.07211538461538461
0 0.5913461538461539 0.27163461538461536 0.05889423076923077 0.0625
0 0.6201923076923077 0.27884615384615385 0.09375 0.06971153846153846
0 0.7043269230769231 0.33052884615384615 0.10817307692307693 0.08052884615384616
0 0.8329326923076923 0.3293269230769231 0.10817307692307693 0.07692307692307693
0 0.9543269230769231 0.33413461538461536 0.09134615384615384 0.10096153846153846
0 0.9146634615384616 0.3161057692307692 0.09615384615384616 0.12740384615384615
0 0.8737980769230769 0.2980769230769231 0.09735576923076923 0.09375
0 0.9182692307692307 0.24158653846153846 0.07932692307692307 0.06490384615384616
0 0.9639423076923077 0.25 0.07211538461538461 0.08653846153846154
0 0.7475961538461539 0.29927884615384615 0.06490384615384616 0.0673076923076923
0 0.703125 0.29447115384615385 0.06610576923076923 0.07211538461538461
0 0.7247596153846154 0.25841346153846156 0.040865384615384616 0.027644230769230768
0 0.7127403846153846 0.2668269230769231 0.08774038461538461 0.08173076923076923
0 0.6682692307692307 0.265625 0.05889423076923077 0.0673076923076923
0 0.5252403846153846 0.2548076923076923 0.056490384615384616 0.04927884615384615
0 0.4807692307692308 0.3004807692307692 0.06850961538461539 0.06009615384615385