0 0.22355769230769232 0.3581730769230769 0.026442307692307692 0.08774038461538461
0 0.2439903846153846 0.36899038461538464 0.026442307692307692 0.11298076923076923
0 0.8245192307692307 0.6358173076923077 0.1141826923076923 0.5120192307692307
0 0.23557692307692307 0.7055288461538461 0.15384615384615385 0.46274038461538464
0 0.3076923076923077 0.6286057692307693 0.13581730769230768 0.4831730769230769
0 0.35096153846153844 0.6983173076923077 0.11538461538461539 0.4050480769230769
0 0.4338942307692308 0.7163461538461539 0.10697115384615384 0.36899038461538464
0 0.4182692307692308 0.4423076923076923 0.10336538461538461 0.13701923076923078
0 0.4879807692307692 0.6742788461538461 0.06850961538461539 0.3737980769230769
0 0.49158653846153844 0.43028846153846156 0.07572115384615384 0.12980769230769232
0 0.4879807692307692 0.5024038461538461 0.08653846153846154 0.1310096153846154
0 0.5228365384615384 0.6358173076923077 0.1045673076923077 0.45552884615384615
0 0.5733173076923077 0.6009615384615384 0.09014423076923077 0.42427884615384615
0 0.5432692307692307 0.41225961538461536 0.06009615384615385 0.12620192307692307
0 0.6334134615384616 0.6153846153846154 0.10697115384615384 0.5036057692307693
0 0.6899038461538461 0.6045673076923077 0.0985576923076923 0.4723557692307692
0 0.7259615384615384 0.5961538461538461 0.10697115384615384 0.43149038461538464
0 0.7235576923076923 0.5961538461538461 0.1045673076923077 0.43149038461538464