0 0.2644230769230769 0.3161057692307692 0.026442307692307692 0.057692307692307696
0 0.08052884615384616 0.6177884615384616 0.16105769230769232 0.6742788461538461
0 0.20793269230769232 0.43990384615384615 0.11899038461538461 0.24639423076923078
0 0.21754807692307693 0.3004807692307692 0.046875 0.07451923076923077
0 0.265625 0.4579326923076923 0.109375 0.2920673076923077
0 0.3762019230769231 0.4675480769230769 0.12860576923076922 0.39302884615384615
0 0.40384615384615385 0.3389423076923077 0.04447115384615385 0.09134615384615384
0 0.4495192307692308 0.3485576923076923 0.030048076923076924 0.046875
0 0.47716346153846156 0.5012019230769231 0.11298076923076923 0.43990384615384615
0 0.5709134615384616 0.33052884615384615 0.055288461538461536 0.09615384615384616
0 0.5552884615384616 0.4855769230769231 0.08774038461538461 0.36778846153846156
0 0.6045673076923077 0.5552884615384616 0.10697115384615384 0.5060096153846154
0 0.7007211538461539 0.5552884615384616 0.1346153846153846 0.6045673076923077
0 0.7776442307692307 0.625 0.14543269230769232 0.6490384615384616
0 0.8665865384615384 0.5733173076923077 0.10576923076923077 0.4831730769230769
0 0.9158653846153846 0.6322115384615384 0.16826923076923078 0.7355769230769231
0 0.6538461538461539 0.3269230769230769 0.052884615384615384 0.14302884615384615
0 0.6766826923076923 0.3016826923076923 0.02403846153846154 0.06370192307692307
0 0.6586538461538461 0.5168269230769231 0.055288461538461536 0.3954326923076923