0 0.9867788461538461 0.328125 0.026442307692307692 0.07692307692307693
0 0.9939903846153846 0.203125 0.01201923076923077 0.09615384615384616
0 0.9819711538461539 0.27524038461538464 0.036057692307692304 0.0985576923076923
0 0.9723557692307693 0.26802884615384615 0.020432692307692308 0.07572115384615384
0 0.9651442307692307 0.26322115384615385 0.020432692307692308 0.04567307692307692
0 0.9567307692307693 0.31850961538461536 0.040865384615384616 0.078125
0 0.9459134615384616 0.28365384615384615 0.026442307692307692 0.06971153846153846
0 0.9158653846153846 0.3173076923076923 0.03245192307692308 0.06971153846153846
0 0.8822115384615384 0.3245192307692308 0.04447115384615385 0.057692307692307696
0 0.8725961538461539 0.3016826923076923 0.04326923076923077 0.09615384615384616
0 0.9206730769230769 0.2824519230769231 0.039663461538461536 0.07091346153846154
0 0.9459134615384616 0.2824519230769231 0.028846153846153848 0.06971153846153846
0 0.8509615384615384 0.2283653846153846 0.026442307692307692 0.057692307692307696
0 0.8725961538461539 0.25600961538461536 0.03125 0.05889423076923077
0 0.8545673076923077 0.29447115384615385 0.026442307692307692 0.08653846153846154
0 0.8497596153846154 0.30288461538461536 0.021634615384615384 0.08774038461538461
0 0.7127403846153846 0.18509615384615385 0.030048076923076924 0.078125
0 0.5168269230769231 0.15504807692307693 0.03125 0.06971153846153846
0 0.4362980769230769 0.15625 0.020432692307692308 0.056490384615384616
0 0.41346153846153844 0.15625 0.020432692307692308 0.09254807692307693
0 0.3088942307692308 0.14543269230769232 0.051682692307692304 0.055288461538461536
0 0.026442307692307692 0.2692307692307692 0.052884615384615384 0.0829326923076923
0 0.07211538461538461 0.28125 0.04927884615384615 0.09134615384615384
0 0.12259615384615384 0.27524038461538464 0.040865384615384616 0.08173076923076923
0 0.0985576923076923 0.25841346153846156 0.03485576923076923 0.10817307692307693
0 0.06370192307692307 0.24278846153846154 0.038461538461538464 0.04447115384615385
0 0.015625 0.2127403846153846 0.030048076923076924 0.08173076923076923
0 0.056490384615384616 0.22596153846153846 0.039663461538461536 0.10216346153846154
0 0.11298076923076923 0.23798076923076922 0.02403846153846154 0.06129807692307692
0 0.13581730769230768 0.22596153846153846 0.009615384615384616 0.03245192307692308
0 0.12379807692307693 0.2091346153846154 0.03485576923076923 0.07451923076923077
0 0.16105769230769232 0.15384615384615385 0.02403846153846154 0.04567307692307692
0 0.14182692307692307 0.17668269230769232 0.021634615384615384 0.057692307692307696
0 0.11298076923076923 0.18269230769230768 0.025240384615384616 0.06610576923076923
0 0.07572115384615384 0.21153846153846154 0.026442307692307692 0.05889423076923077
0 0.027644230769230768 0.17908653846153846 0.05048076923076923 0.10096153846153846
0 0.009615384615384616 0.171875 0.019230769230769232 0.07091346153846154
0 0.01201923076923077 0.13822115384615385 0.02283653846153846 0.052884615384615384
0 0.07692307692307693 0.18269230769230768 0.03125 0.06129807692307692
0 0.09495192307692307 0.18509615384615385 0.025240384615384616 0.0733173076923077
0 0.09134615384615384 0.14903846153846154 0.025240384615384616 0.04567307692307692
0 0.0673076923076923 0.15504807692307693 0.030048076923076924 0.04927884615384615
0 0.051682692307692304 0.15504807692307693 0.025240384615384616 0.057692307692307696
0 0.06129807692307692 0.13822115384615385 0.018028846153846152 0.039663461538461536
0 0.04567307692307692 0.12980769230769232 0.02283653846153846 0.051682692307692304
0 0.078125 0.11899038461538461 0.028846153846153848 0.056490384615384616
0 0.1346153846153846 0.12980769230769232 0.03245192307692308 0.0889423076923077
0 0.18028846153846154 0.5072115384615384 0.2512019230769231 0.9783653846153846
0 0.33413461538461536 0.4951923076923077 0.16947115384615385 0.8846153846153846
0 0.46634615384615385 0.4891826923076923 0.17548076923076922 0.9038461538461539
0 0.5733173076923077 0.4675480769230769 0.1466346153846154 0.9182692307692307
0 0.7019230769230769 0.4963942307692308 0.1346153846153846 0.8365384615384616
0 0.8161057692307693 0.5048076923076923 0.21033653846153846 0.9014423076923077
0 0.9134615384615384 0.27884615384615385 0.03365384615384615 0.06971153846153846