0 0.006009615384615385 0.6117788461538461 0.010817307692307692 0.08774038461538461
0 0.025240384615384616 0.6189903846153846 0.04927884615384615 0.10216346153846154
0 0.003605769230769231 0.5625 0.007211538461538462 0.009615384615384616
0 0.04807692307692308 0.609375 0.04326923076923077 0.09495192307692307
0 0.057692307692307696 0.5901442307692307 0.016826923076923076 0.04326923076923077
0 0.07091346153846154 0.5877403846153846 0.03125 0.046875
0 0.09735576923076923 0.6105769230769231 0.05048076923076923 0.09615384615384616
0 0.12980769230769232 0.5817307692307693 0.021634615384615384 0.037259615384615384
0 0.14903846153846154 0.609375 0.054086538461538464 0.0889423076923077
0 0.20192307692307693 0.6670673076923077 0.09735576923076923 0.1971153846153846
0 0.23798076923076922 0.5973557692307693 0.030048076923076924 0.0625
0 0.28725961538461536 0.6634615384615384 0.10697115384615384 0.21394230769230768
0 0.25721153846153844 0.5817307692307693 0.014423076923076924 0.03245192307692308
0 0.3088942307692308 0.5829326923076923 0.018028846153846152 0.03125
0 0.31971153846153844 0.5661057692307693 0.013221153846153846 0.006009615384615385
0 0.33533653846153844 0.6045673076923077 0.038461538461538464 0.07451923076923077
0 0.3425480769230769 0.5769230769230769 0.010817307692307692 0.015625
0 0.3629807692307692 0.6021634615384616 0.05048076923076923 0.08052884615384616
0 0.3858173076923077 0.5793269230769231 0.014423076923076924 0.020432692307692308
0 0.4074519230769231 0.6622596153846154 0.12259615384615384 0.21514423076923078
0 0.5264423076923077 0.6814903846153846 0.14423076923076922 0.27884615384615385
0 0.5733173076923077 0.59375 0.037259615384615384 0.056490384615384616
0 0.6129807692307693 0.6586538461538461 0.05048076923076923 0.09254807692307693
0 0.6382211538461539 0.6875 0.036057692307692304 0.028846153846153848
0 0.5925480769230769 0.5721153846153846 0.021634615384615384 0.03125
0 0.6069711538461539 0.5913461538461539 0.03125 0.054086538461538464
0 0.6189903846153846 0.5673076923076923 0.016826923076923076 0.014423076923076924
0 0.6322115384615384 0.6189903846153846 0.056490384615384616 0.1045673076923077
0 0.6466346153846154 0.5757211538461539 0.016826923076923076 0.021634615384615384
0 0.6622596153846154 0.6033653846153846 0.03125 0.08533653846153846
0 0.6814903846153846 0.6153846153846154 0.04326923076923077 0.08413461538461539
0 0.6838942307692307 0.5757211538461539 0.026442307692307692 0.030048076923076924
0 0.6959134615384616 0.5733173076923077 0.013221153846153846 0.020432692307692308
0 0.7055288461538461 0.5817307692307693 0.018028846153846152 0.038461538461538464
0 0.7560096153846154 0.7295673076923077 0.2620192307692308 0.37259615384615385
0 0.7824519230769231 0.6225961538461539 0.051682692307692304 0.11538461538461539
0 0.8004807692307693 0.6069711538461539 0.027644230769230768 0.09495192307692307
0 0.8197115384615384 0.625 0.036057692307692304 0.10096153846153846
0 0.8209134615384616 0.5673076923076923 0.03365384615384615 0.026442307692307692
0 0.8449519230769231 0.6826923076923077 0.09735576923076923 0.2668269230769231
0 0.9266826923076923 0.7007211538461539 0.140625 0.3233173076923077