0 0.45552884615384615 0.6983173076923077 0.3954326923076923 0.5865384615384616
0 0.6286057692307693 0.671875 0.36177884615384615 0.43028846153846156
0 0.09615384615384616 0.28125 0.14783653846153846 0.5036057692307693
0 0.16466346153846154 0.3389423076923077 0.09735576923076923 0.3137019230769231
0 0.3737980769230769 0.3125 0.09975961538461539 0.2920673076923077
0 0.53125 0.30528846153846156 0.1466346153846154 0.38461538461538464
0 0.49399038461538464 0.12740384615384615 0.054086538461538464 0.15985576923076922
0 0.6105769230769231 0.27884615384615385 0.0829326923076923 0.42788461538461536
0 0.7079326923076923 0.2776442307692308 0.08774038461538461 0.43509615384615385
0 0.7920673076923077 0.2980769230769231 0.08173076923076923 0.40024038461538464
0 0.859375 0.30528846153846156 0.07451923076923077 0.3786057692307692
0 0.9399038461538461 0.30408653846153844 0.08052884615384616 0.3942307692307692