0 0.05889423076923077 0.4074519230769231 0.06009615384615385 0.328125
0 0.09615384615384616 0.37259615384615385 0.04447115384615385 0.2764423076923077
0 0.40865384615384615 0.234375 0.07091346153846154 0.2776442307692308
0 0.4639423076923077 0.15504807692307693 0.07692307692307693 0.18389423076923078
0 0.4182692307692308 0.5841346153846154 0.1971153846153846 0.8317307692307693
0 0.5673076923076923 0.6286057692307693 0.22596153846153846 0.7427884615384616
0 0.5637019230769231 0.2800480769230769 0.20552884615384615 0.515625
0 0.7055288461538461 0.43028846153846156 0.17548076923076922 0.7644230769230769
0 0.7956730769230769 0.5 0.40865384615384615 1
0 0.9411057692307693 0.18389423076923078 0.11658653846153846 0.36538461538461536
0 0.9495192307692307 0.20673076923076922 0.10096153846153846 0.4110576923076923