0 0.7379807692307693 0.8305288461538461 0.13581730769230768 0.265625
0 0.6286057692307693 0.9555288461538461 0.2512019230769231 0.08774038461538461
0 0.8918269230769231 0.8028846153846154 0.1502403846153846 0.31850961538461536
0 0.8341346153846154 0.6850961538461539 0.08774038461538461 0.12259615384615384
0 0.9795673076923077 0.7475961538461539 0.040865384615384616 0.20432692307692307
0 0.6550480769230769 0.7463942307692307 0.125 0.171875
0 0.49158653846153844 0.6850961538461539 0.11057692307692307 0.11778846153846154
0 0.5709134615384616 0.6862980769230769 0.0733173076923077 0.13221153846153846
0 0.6802884615384616 0.6009615384615384 0.046875 0.11057692307692307
0 0.5288461538461539 0.6790865384615384 0.06129807692307692 0.13822115384615385
0 0.9675480769230769 0.6201923076923077 0.052884615384615384 0.08413461538461539
0 0.6069711538461539 0.6598557692307693 0.042067307692307696 0.08774038461538461
0 0.453125 0.5769230769230769 0.03485576923076923 0.0625
0 0.03485576923076923 0.6911057692307693 0.06971153846153846 0.33774038461538464
0 0.09134615384615384 0.6502403846153846 0.07692307692307693 0.16826923076923078
0 0.15985576923076922 0.6454326923076923 0.06971153846153846 0.1935096153846154
0 0.22115384615384615 0.6490384615384616 0.06129807692307692 0.1778846153846154
0 0.30649038461538464 0.6189903846153846 0.08653846153846154 0.16947115384615385
0 0.3894230769230769 0.5576923076923077 0.03245192307692308 0.13221153846153846
0 0.31850961538461536 0.5180288461538461 0.036057692307692304 0.056490384615384616
0 0.24639423076923078 0.5492788461538461 0.03125 0.11778846153846154
0 0.19471153846153846 0.5492788461538461 0.03245192307692308 0.1141826923076923
0 0.13221153846153846 0.5528846153846154 0.027644230769230768 0.06971153846153846
0 0.8605769230769231 0.6442307692307693 0.04567307692307692 0.07572115384615384