0 0.140625 0.5697115384615384 0.1346153846153846 0.4579326923076923
0 0.29447115384615385 0.5637019230769231 0.042067307692307696 0.09134615384615384
0 0.3401442307692308 0.5564903846153846 0.09495192307692307 0.38461538461538464
0 0.41947115384615385 0.5769230769230769 0.07572115384615384 0.44711538461538464
0 0.5456730769230769 0.6634615384615384 0.10576923076923077 0.5336538461538461
0 0.5901442307692307 0.6189903846153846 0.08533653846153846 0.5204326923076923
0 0.5012019230769231 0.46033653846153844 0.06129807692307692 0.15144230769230768
0 0.6514423076923077 0.6165865384615384 0.13581730769230768 0.44350961538461536
0 0.5913461538461539 0.4110576923076923 0.06971153846153846 0.12740384615384615
0 0.6754807692307693 0.5324519230769231 0.11298076923076923 0.5384615384615384
0 0.7139423076923077 0.5192307692307693 0.04326923076923077 0.2512019230769231
0 0.7884615384615384 0.6189903846153846 0.10697115384615384 0.5072115384615384
0 0.8245192307692307 0.5264423076923077 0.05048076923076923 0.27884615384615385
0 0.8545673076923077 0.5288461538461539 0.055288461538461536 0.21995192307692307
0 0.90625 0.5444711538461539 0.0625 0.21033653846153846
0 0.9387019230769231 0.6658653846153846 0.12259615384615384 0.4891826923076923
0 0.9807692307692307 0.5552884615384616 0.037259615384615384 0.19230769230769232