0 0.8713942307692307 0.640625 0.12620192307692307 0.3713942307692308
0 0.7608173076923077 0.6430288461538461 0.09615384615384616 0.23918269230769232
0 0.7175480769230769 0.53125 0.04927884615384615 0.12860576923076922
0 0.6826923076923077 0.546875 0.04807692307692308 0.13822115384615385
0 0.6346153846153846 0.6237980769230769 0.1045673076923077 0.33653846153846156
0 0.5240384615384616 0.6310096153846154 0.11778846153846154 0.30528846153846156
0 0.59375 0.4963942307692308 0.02403846153846154 0.0673076923076923
0 0.5060096153846154 0.46274038461538464 0.018028846153846152 0.09014423076923077
0 0.4699519230769231 0.49038461538461536 0.026442307692307692 0.10336538461538461
0 0.5 0.5036057692307693 0.02283653846153846 0.0733173076923077
0 0.39783653846153844 0.4831730769230769 0.02283653846153846 0.07572115384615384
0 0.38341346153846156 0.49759615384615385 0.039663461538461536 0.0889423076923077
0 0.3762019230769231 0.5769230769230769 0.0733173076923077 0.20192307692307693
0 0.39903846153846156 0.5360576923076923 0.054086538461538464 0.11177884615384616
0 0.21634615384615385 0.515625 0.03365384615384615 0.09134615384615384
0 0.16346153846153846 0.5204326923076923 0.04326923076923077 0.1141826923076923
0 0.125 0.5276442307692307 0.040865384615384616 0.10336538461538461
0 0.10096153846153846 0.5192307692307693 0.05048076923076923 0.10576923076923077