0 0.055288461538461536 0.625 0.10216346153846154 0.3798076923076923
0 0.13822115384615385 0.6298076923076923 0.046875 0.35336538461538464
0 0.18028846153846154 0.6262019230769231 0.16346153846153846 0.6009615384615384
0 0.18269230769230768 0.7439903846153846 0.08413461538461539 0.36899038461538464
0 0.30528846153846156 0.7163461538461539 0.12860576923076922 0.2692307692307692
0 0.29086538461538464 0.5588942307692307 0.16706730769230768 0.7704326923076923
0 0.3954326923076923 0.6947115384615384 0.13822115384615385 0.5372596153846154
0 0.46634615384615385 0.6706730769230769 0.11778846153846154 0.39663461538461536
0 0.5216346153846154 0.7067307692307693 0.10096153846153846 0.42427884615384615
0 0.5997596153846154 0.6009615384615384 0.0733173076923077 0.29927884615384615
0 0.6490384615384616 0.6658653846153846 0.11778846153846154 0.5036057692307693
0 0.6346153846153846 0.5588942307692307 0.038461538461538464 0.11899038461538461
0 0.7475961538461539 0.6298076923076923 0.038461538461538464 0.17668269230769232
0 0.7848557692307693 0.6971153846153846 0.09495192307692307 0.36177884615384615