0 0.03365384615384615 0.6887019230769231 0.0673076923076923 0.4495192307692308
0 0.07451923076923077 0.5925480769230769 0.09014423076923077 0.5564903846153846
0 0.1502403846153846 0.6286057692307693 0.23076923076923078 0.4807692307692308
0 0.25 0.5805288461538461 0.09495192307692307 0.4170673076923077
0 0.22355769230769232 0.4074519230769231 0.04567307692307692 0.1502403846153846
0 0.28846153846153844 0.4411057692307692 0.052884615384615384 0.1971153846153846
0 0.33774038461538464 0.49759615384615385 0.08653846153846154 0.234375
0 0.3581730769230769 0.4098557692307692 0.042067307692307696 0.08413461538461539
0 0.359375 0.3786057692307692 0.06009615384615385 0.10216346153846154
0 0.41586538461538464 0.35336538461538464 0.06009615384615385 0.09014423076923077
0 0.45072115384615385 0.5865384615384616 0.12980769230769232 0.4855769230769231
0 0.36177884615384615 0.6850961538461539 0.09495192307692307 0.3137019230769231
0 0.38822115384615385 0.6670673076923077 0.23798076923076922 0.5048076923076923
0 0.4879807692307692 0.4266826923076923 0.0829326923076923 0.14903846153846154
0 0.5228365384615384 0.44711538461538464 0.04567307692307692 0.15625
0 0.5444711538461539 0.5264423076923077 0.08774038461538461 0.3786057692307692
0 0.6081730769230769 0.3954326923076923 0.04447115384615385 0.11298076923076923
0 0.6502403846153846 0.6334134615384616 0.12860576923076922 0.6442307692307693
0 0.7235576923076923 0.4266826923076923 0.05048076923076923 0.19471153846153846
0 0.7560096153846154 0.39903846153846156 0.0829326923076923 0.1935096153846154
0 0.8918269230769231 0.43990384615384615 0.07451923076923077 0.27283653846153844
0 0.9074519230769231 0.44350961538461536 0.040865384615384616 0.2668269230769231
0 0.9314903846153846 0.4206730769230769 0.07451923076923077 0.2247596153846154
0 0.8040865384615384 0.6454326923076923 0.1971153846153846 0.7091346153846154
0 0.9519230769230769 0.5072115384615384 0.09495192307692307 0.30528846153846156
0 0.9519230769230769 0.4807692307692308 0.09495192307692307 0.35096153846153844
0 0.6310096153846154 0.5913461538461539 0.06129807692307692 0.5048076923076923