0 0.1502403846153846 0.5564903846153846 0.17427884615384615 0.8377403846153846
0 0.25240384615384615 0.6129807692307693 0.11538461538461539 0.6983173076923077
0 0.328125 0.6117788461538461 0.0889423076923077 0.6334134615384616
0 0.40865384615384615 0.5865384615384616 0.11778846153846154 0.671875
0 0.5 0.578125 0.1045673076923077 0.6382211538461539
0 0.5817307692307693 0.5949519230769231 0.10817307692307693 0.6418269230769231
0 0.6586538461538461 0.5721153846153846 0.10697115384615384 0.6730769230769231
0 0.7403846153846154 0.5901442307692307 0.12259615384615384 0.6454326923076923
0 0.8257211538461539 0.6165865384615384 0.15144230769230768 0.7259615384615384
0 0.6995192307692307 0.6935096153846154 0.19230769230769232 0.6117788461538461
0 0.5612980769230769 0.7115384615384616 0.1346153846153846 0.5408653846153846
0 0.46274038461538464 0.7055288461538461 0.11778846153846154 0.5625
0 0.36658653846153844 0.7175480769230769 0.1466346153846154 0.5649038461538461