0 0.7764423076923077 0.7980769230769231 0.026442307692307692 0.08774038461538461
0 0.7427884615384616 0.8353365384615384 0.042067307692307696 0.08774038461538461
0 0.6838942307692307 0.8185096153846154 0.026442307692307692 0.1045673076923077
0 0.6646634615384616 0.8317307692307693 0.02283653846153846 0.0889423076923077
0 0.5841346153846154 0.8149038461538461 0.028846153846153848 0.07091346153846154
0 0.6790865384615384 0.7680288461538461 0.021634615384615384 0.055288461538461536
0 0.6069711538461539 0.7415865384615384 0.015625 0.057692307692307696
0 0.6177884615384616 0.7223557692307693 0.013221153846153846 0.055288461538461536
0 0.6778846153846154 0.7235576923076923 0.021634615384615384 0.04326923076923077
0 0.6646634615384616 0.7355769230769231 0.020432692307692308 0.04326923076923077
0 0.6346153846153846 0.6850961538461539 0.016826923076923076 0.04326923076923077
0 0.6538461538461539 0.6983173076923077 0.014423076923076924 0.030048076923076924
0 0.5925480769230769 0.6887019230769231 0.01201923076923077 0.05048076923076923
0 0.5192307692307693 0.7043269230769231 0.018028846153846152 0.055288461538461536
0 0.5300480769230769 0.6971153846153846 0.018028846153846152 0.03365384615384615
0 0.4987980769230769 0.7055288461538461 0.018028846153846152 0.056490384615384616
0 0.4831730769230769 0.7295673076923077 0.019230769230769232 0.057692307692307696
0 0.4651442307692308 0.7379807692307693 0.013221153846153846 0.06009615384615385
0 0.44350961538461536 0.7319711538461539 0.020432692307692308 0.06129807692307692
0 0.42788461538461536 0.7331730769230769 0.014423076923076924 0.055288461538461536
0 0.40384615384615385 0.7259615384615384 0.018028846153846152 0.057692307692307696
0 0.390625 0.7331730769230769 0.018028846153846152 0.06370192307692307
0 0.3701923076923077 0.7367788461538461 0.019230769230769232 0.04807692307692308
0 0.3581730769230769 0.7451923076923077 0.019230769230769232 0.06129807692307692
0 0.33533653846153844 0.7427884615384616 0.016826923076923076 0.057692307692307696
0 0.3161057692307692 0.7295673076923077 0.021634615384615384 0.03245192307692308
0 0.3161057692307692 0.7572115384615384 0.016826923076923076 0.055288461538461536
0 0.31850961538461536 0.8016826923076923 0.021634615384615384 0.055288461538461536
0 0.30528846153846156 0.7668269230769231 0.019230769230769232 0.0673076923076923
0 0.2920673076923077 0.7680288461538461 0.018028846153846152 0.06971153846153846
0 0.1971153846153846 0.75 0.013221153846153846 0.03245192307692308
0 0.21033653846153846 0.7716346153846154 0.013221153846153846 0.057692307692307696
0 0.22355769230769232 0.7524038461538461 0.014423076923076924 0.038461538461538464
0 0.23557692307692307 0.7572115384615384 0.01201923076923077 0.039663461538461536
0 0.08774038461538461 0.7355769230769231 0.038461538461538464 0.07451923076923077
0 0.11538461538461539 0.7560096153846154 0.051682692307692304 0.042067307692307696
0 0.15264423076923078 0.7632211538461539 0.03365384615384615 0.055288461538461536
0 0.41947115384615385 0.6923076923076923 0.013221153846153846 0.039663461538461536
0 0.4483173076923077 0.6766826923076923 0.01201923076923077 0.036057692307692304
0 0.5925480769230769 0.6334134615384616 0.014423076923076924 0.03245192307692308
0 0.6069711538461539 0.6778846153846154 0.013221153846153846 0.025240384615384616
0 0.640625 0.7235576923076923 0.014423076923076924 0.04807692307692308
0 0.6310096153846154 0.7331730769230769 0.016826923076923076 0.04567307692307692
0 0.6826923076923077 0.6983173076923077 0.016826923076923076 0.028846153846153848
0 0.5348557692307693 0.8100961538461539 0.03125 0.042067307692307696
0 0.46033653846153844 0.859375 0.027644230769230768 0.09975961538461539
0 0.5360576923076923 0.8846153846153846 0.030048076923076924 0.11177884615384616
0 0.7908653846153846 0.5997596153846154 0.013221153846153846 0.036057692307692304
0 0.7584134615384616 0.6105769230769231 0.01201923076923077 0.025240384615384616