0 0.30649038461538464 0.6646634615384616 0.15745192307692307 0.6550480769230769
0 0.16826923076923078 0.7127403846153846 0.16947115384615385 0.5036057692307693
0 0.49278846153846156 0.7487980769230769 0.12620192307692307 0.3786057692307692
0 0.6033653846153846 0.5144230769230769 0.11899038461538461 0.7139423076923077
0 0.7115384615384616 0.4987980769230769 0.1466346153846154 0.8341346153846154
0 0.8389423076923077 0.5480769230769231 0.15384615384615385 0.8401442307692307
0 0.953125 0.8269230769230769 0.08052884615384616 0.22355769230769232
0 0.027644230769230768 0.6875 0.054086538461538464 0.44711538461538464
0 0.08533653846153846 0.7283653846153846 0.04326923076923077 0.2283653846153846
0 0.0733173076923077 0.6706730769230769 0.025240384615384616 0.09975961538461539
0 0.8653846153846154 0.7776442307692307 0.057692307692307696 0.32211538461538464