0 0.7259615384615384 0.5757211538461539 0.125 0.4891826923076923
0 0.65625 0.5865384615384616 0.018028846153846152 0.06490384615384616
0 0.9194711538461539 0.5673076923076923 0.15985576923076922 0.8641826923076923
0 0.9014423076923077 0.5721153846153846 0.140625 0.671875
0 0.5372596153846154 0.5492788461538461 0.2620192307692308 0.9014423076923077
0 0.3329326923076923 0.515625 0.36177884615384615 0.96875
0 0.484375 0.7139423076923077 0.036057692307692304 0.26802884615384615
0 0.22115384615384615 0.703125 0.030048076923076924 0.12860576923076922
0 0.234375 0.7019230769230769 0.02403846153846154 0.11899038461538461
0 0.20552884615384615 0.7091346153846154 0.028846153846153848 0.11778846153846154
0 0.17548076923076922 0.6850961538461539 0.04447115384615385 0.04567307692307692