0 0.40625 0.17668269230769232 0.054086538461538464 0.20072115384615385
0 0.6213942307692307 0.1778846153846154 0.046875 0.20072115384615385
0 0.84375 0.17908653846153846 0.0889423076923077 0.31490384615384615
0 0.5673076923076923 0.17908653846153846 0.05048076923076923 0.19110576923076922
0 0.09495192307692307 0.1935096153846154 0.06129807692307692 0.29086538461538464
0 0.9146634615384616 0.19951923076923078 0.04326923076923077 0.234375
0 0.9507211538461539 0.20793269230769232 0.04927884615384615 0.1971153846153846
0 0.7391826923076923 0.21033653846153846 0.03365384615384615 0.18269230769230768
0 0.5192307692307693 0.21995192307692307 0.038461538461538464 0.11899038461538461
0 0.4855769230769231 0.22235576923076922 0.04447115384615385 0.12980769230769232
0 0.8701923076923077 0.23197115384615385 0.03485576923076923 0.20192307692307693
0 0.3629807692307692 0.23317307692307693 0.046875 0.20072115384615385
0 0.7620192307692307 0.2548076923076923 0.052884615384615384 0.21514423076923078
0 0.7932692307692307 0.25600961538461536 0.03485576923076923 0.19591346153846154
0 0.4230769230769231 0.27524038461538464 0.05048076923076923 0.12139423076923077
0 0.5552884615384616 0.2776442307692308 0.02403846153846154 0.10817307692307693
0 0.12379807692307693 0.2776442307692308 0.0673076923076923 0.2776442307692308
0 0.03485576923076923 0.2800480769230769 0.056490384615384616 0.24759615384615385
0 0.6346153846153846 0.28725961538461536 0.040865384615384616 0.1045673076923077
0 0.6935096153846154 0.2956730769230769 0.12379807692307693 0.2548076923076923
0 0.171875 0.29927884615384615 0.06490384615384616 0.21033653846153846
0 0.9122596153846154 0.3269230769230769 0.05048076923076923 0.1310096153846154
0 0.375 0.3293269230769231 0.052884615384615384 0.23076923076923078
0 0.6262019230769231 0.34615384615384615 0.055288461538461536 0.13581730769230768
0 0.23798076923076922 0.35336538461538464 0.04326923076923077 0.3004807692307692
0 0.9543269230769231 0.390625 0.03125 0.1814903846153846
0 0.46033653846153844 0.39302884615384615 0.04807692307692308 0.16105769230769232
0 0.9495192307692307 0.040865384615384616 0.03125 0.08052884615384616
0 0.8894230769230769 0.040865384615384616 0.039663461538461536 0.08052884615384616
0 0.6201923076923077 0.4074519230769231 0.04807692307692308 0.1141826923076923
0 0.7379807692307693 0.41225961538461536 0.04807692307692308 0.13942307692307693
0 0.6959134615384616 0.4170673076923077 0.03365384615384615 0.12259615384615384
0 0.21634615384615385 0.42427884615384615 0.055288461538461536 0.21153846153846154
0 0.9867788461538461 0.4338942307692308 0.02403846153846154 0.15384615384615385
0 0.31971153846153844 0.43990384615384615 0.08533653846153846 0.29086538461538464
0 0.16466346153846154 0.4423076923076923 0.05889423076923077 0.29086538461538464
0 0.39903846153846156 0.44471153846153844 0.05048076923076923 0.2764423076923077
0 0.9519230769230769 0.45072115384615385 0.037259615384615384 0.23557692307692307
0 0.27163461538461536 0.45913461538461536 0.06850961538461539 0.24759615384615385
0 0.9158653846153846 0.46033653846153844 0.04326923076923077 0.24278846153846154
0 0.6778846153846154 0.4807692307692308 0.054086538461538464 0.20552884615384615
0 0.5949519230769231 0.04807692307692308 0.036057692307692304 0.09615384615384616
0 0.03485576923076923 0.4891826923076923 0.0673076923076923 0.18389423076923078
0 0.6033653846153846 0.4987980769230769 0.037259615384615384 0.1502403846153846
0 0.7403846153846154 0.4987980769230769 0.06129807692307692 0.1502403846153846
0 0.4423076923076923 0.05048076923076923 0.04326923076923077 0.09975961538461539
0 0.6430288461538461 0.5036057692307693 0.039663461538461536 0.14182692307692307
0 0.11298076923076923 0.5060096153846154 0.06490384615384616 0.16826923076923078
0 0.546875 0.5084134615384616 0.08413461538461539 0.9795673076923077
0 0.9663461538461539 0.5829326923076923 0.06490384615384616 0.13701923076923078
0 0.22115384615384615 0.5841346153846154 0.06850961538461539 0.17668269230769232
0 0.03485576923076923 0.5853365384615384 0.06971153846153846 0.11899038461538461
0 0.9302884615384616 0.06009615384615385 0.020432692307692308 0.06129807692307692
0 0.7427884615384616 0.06009615384615385 0.038461538461538464 0.1201923076923077
0 0.44711538461538464 0.5973557692307693 0.042067307692307696 0.14182692307692307
0 0.6105769230769231 0.6153846153846154 0.06370192307692307 0.17067307692307693
0 0.1310096153846154 0.06490384615384616 0.04567307692307692 0.12980769230769232
0 0.515625 0.6514423076923077 0.16346153846153846 0.6947115384615384
0 0.5144230769230769 0.06971153846153846 0.04326923076923077 0.13942307692307693
0 0.5540865384615384 0.07091346153846154 0.036057692307692304 0.14182692307692307
0 0.3786057692307692 0.078125 0.040865384615384616 0.1466346153846154
0 0.2848557692307692 0.08052884615384616 0.036057692307692304 0.16105769230769232
0 0.6538461538461539 0.08173076923076923 0.030048076923076924 0.15384615384615385
0 0.8485576923076923 0.08653846153846154 0.03245192307692308 0.1310096153846154
0 0.8100961538461539 0.09014423076923077 0.026442307692307692 0.07932692307692307
0 0.7740384615384616 0.09014423076923077 0.03485576923076923 0.17067307692307693
0 0.47115384615384615 0.0985576923076923 0.038461538461538464 0.1971153846153846
0 0.06971153846153846 0.109375 0.04807692307692308 0.21875
0 0.9471153846153846 0.11057692307692307 0.051682692307692304 0.14423076923076922
0 0.30288461538461536 0.11177884615384616 0.038461538461538464 0.22355769230769232
0 0.9074519230769231 0.1141826923076923 0.042067307692307696 0.14543269230769232
0 0.9795673076923077 0.11658653846153846 0.028846153846153848 0.16105769230769232
0 0.6490384615384616 0.11658653846153846 0.054086538461538464 0.22235576923076922
0 0.703125 0.11658653846153846 0.046875 0.1971153846153846
0 0.19230769230769232 0.12860576923076922 0.039663461538461536 0.13701923076923078
0 0.4987980769230769 0.1346153846153846 0.04447115384615385 0.0889423076923077
0 0.33052884615384615 0.13581730769230768 0.06610576923076923 0.27163461538461536
0 0.7728365384615384 0.13942307692307693 0.04807692307692308 0.1466346153846154
0 0.030048076923076924 0.14182692307692307 0.054086538461538464 0.13581730769230768
0 0.5360576923076923 0.1466346153846154 0.039663461538461536 0.1141826923076923
0 0.4326923076923077 0.1502403846153846 0.04447115384615385 0.13942307692307693
0 0.0829326923076923 0.15264423076923078 0.06490384615384616 0.2668269230769231
0 0.4579326923076923 0.15504807692307693 0.039663461538461536 0.14182692307692307