0 0.7271634615384616 0.24879807692307693 0.18028846153846154 0.14182692307692307
0 0.9266826923076923 0.31850961538461536 0.1466346153846154 0.23798076923076922
0 0.6021634615384616 0.33653846153846156 0.22355769230769232 0.20793269230769232
0 0.4098557692307692 0.34975961538461536 0.21514423076923078 0.21754807692307693
0 0.7932692307692307 0.3762019230769231 0.18870192307692307 0.109375
0 0.08653846153846154 0.40024038461538464 0.15625 0.18028846153846154
0 0.6310096153846154 0.453125 0.23076923076923078 0.16105769230769232
0 0.45072115384615385 0.45552884615384615 0.15264423076923078 0.14182692307692307
0 0.8449519230769231 0.5384615384615384 0.3076923076923077 0.23317307692307693
0 0.15504807692307693 0.6742788461538461 0.2620192307692308 0.6514423076923077
0 0.2824519230769231 0.7415865384615384 0.3293269230769231 0.5072115384615384
0 0.6298076923076923 0.7572115384615384 0.38221153846153844 0.4807692307692308
0 0.8822115384615384 0.8088942307692307 0.23557692307692307 0.375