0 0.09375 0.6983173076923077 0.12379807692307693 0.5420673076923077
0 0.20793269230769232 0.7091346153846154 0.14302884615384615 0.5132211538461539
0 0.31009615384615385 0.6658653846153846 0.13221153846153846 0.484375
0 0.4326923076923077 0.6490384615384616 0.14302884615384615 0.6887019230769231
0 0.5444711538461539 0.6225961538461539 0.16346153846153846 0.6045673076923077
0 0.6322115384615384 0.6730769230769231 0.09735576923076923 0.47596153846153844
0 0.7283653846153846 0.6814903846153846 0.12860576923076922 0.4987980769230769
0 0.7788461538461539 0.6730769230769231 0.16346153846153846 0.4519230769230769
0 0.875 0.6069711538461539 0.22355769230769232 0.5504807692307693
0 0.7355769230769231 0.3798076923076923 0.09375 0.22115384615384615
0 0.6790865384615384 0.35096153846153844 0.0889423076923077 0.2776442307692308
0 0.6069711538461539 0.38822115384615385 0.10697115384615384 0.34134615384615385
0 0.5084134615384616 0.47716346153846156 0.10697115384615384 0.5745192307692307
0 0.38100961538461536 0.39663461538461536 0.0985576923076923 0.3545673076923077
0 0.30288461538461536 0.3473557692307692 0.10817307692307693 0.3329326923076923
0 0.25600961538461536 0.31490384615384615 0.13822115384615385 0.2920673076923077
0 0.13581730769230768 0.3629807692307692 0.15144230769230768 0.3112980769230769