0 0.9122596153846154 0.5733173076923077 0.17548076923076922 0.5360576923076923
0 0.6165865384615384 0.5600961538461539 0.14302884615384615 0.5673076923076923
0 0.7067307692307693 0.43990384615384615 0.12860576923076922 0.3798076923076923
0 0.7800480769230769 0.34975961538461536 0.09014423076923077 0.23798076923076922
0 0.9639423076923077 0.3125 0.07211538461538461 0.16466346153846154
0 0.9627403846153846 0.25240384615384615 0.07451923076923077 0.16346153846153846
0 0.890625 0.2956730769230769 0.11658653846153846 0.3425480769230769
0 0.7824519230769231 0.2848557692307692 0.056490384615384616 0.18629807692307693
0 0.7908653846153846 0.18509615384615385 0.0733173076923077 0.15264423076923078
0 0.6742788461538461 0.39663461538461536 0.09495192307692307 0.4651442307692308
0 0.5480769230769231 0.4074519230769231 0.11538461538461539 0.4807692307692308
0 0.7451923076923077 0.17548076923076922 0.04927884615384615 0.19471153846153846
0 0.6995192307692307 0.19230769230769232 0.10096153846153846 0.13942307692307693
0 0.7115384615384616 0.10576923076923077 0.042067307692307696 0.078125
0 0.6646634615384616 0.17548076923076922 0.051682692307692304 0.14182692307692307
0 0.6141826923076923 0.2091346153846154 0.078125 0.19831730769230768
0 0.5805288461538461 0.15384615384615385 0.056490384615384616 0.140625
0 0.7055288461538461 0.09495192307692307 0.046875 0.08533653846153846
0 0.6694711538461539 0.11899038461538461 0.04447115384615385 0.09134615384615384
0 0.6490384615384616 0.08653846153846154 0.027644230769230768 0.06610576923076923
0 0.6225961538461539 0.09975961538461539 0.04927884615384615 0.09254807692307693
0 0.6009615384615384 0.06850961538461539 0.036057692307692304 0.06610576923076923
0 0.6754807692307693 0.04326923076923077 0.038461538461538464 0.08533653846153846
0 0.6189903846153846 0.04447115384615385 0.02283653846153846 0.056490384615384616
0 0.5949519230769231 0.03485576923076923 0.026442307692307692 0.04807692307692308
0 0.5576923076923077 0.06129807692307692 0.055288461538461536 0.08653846153846154
0 0.5336538461538461 0.052884615384615384 0.028846153846153848 0.09615384615384616
0 0.5060096153846154 0.05889423076923077 0.040865384615384616 0.08413461538461539
0 0.49399038461538464 0.12740384615384615 0.07211538461538461 0.15144230769230768
0 0.49759615384615385 0.2932692307692308 0.055288461538461536 0.3293269230769231
0 0.46274038461538464 0.2704326923076923 0.057692307692307696 0.125
0 0.4387019230769231 0.38461538461538464 0.109375 0.3112980769230769
0 0.38822115384615385 0.6971153846153846 0.22355769230769232 0.6057692307692307
0 0.17668269230769232 0.5372596153846154 0.18028846153846154 0.2403846153846154
0 0.06610576923076923 0.4567307692307692 0.13221153846153846 0.3545673076923077
0 0.1935096153846154 0.30528846153846156 0.10817307692307693 0.25240384615384615
0 0.27283653846153844 0.30408653846153844 0.10336538461538461 0.20673076923076922
0 0.33533653846153844 0.5540865384615384 0.19230769230769232 0.6201923076923077
0 0.3629807692307692 0.22235576923076922 0.09495192307692307 0.2824519230769231
0 0.3076923076923077 0.18028846153846154 0.04326923076923077 0.17908653846153846
0 0.23197115384615385 0.26802884615384615 0.05048076923076923 0.23557692307692307
0 0.2644230769230769 0.13942307692307693 0.07091346153846154 0.13341346153846154
0 0.17908653846153846 0.17427884615384615 0.08653846153846154 0.21394230769230768
0 0.0625 0.11177884615384616 0.04326923076923077 0.1141826923076923
0 0.10096153846153846 0.19471153846153846 0.09375 0.2692307692307692
0 0.020432692307692308 0.19951923076923078 0.040865384615384616 0.09615384615384616
0 0.07091346153846154 0.33774038461538464 0.1346153846153846 0.3605769230769231
0 0.2283653846153846 0.10216346153846154 0.038461538461538464 0.13581730769230768
0 0.2668269230769231 0.09495192307692307 0.06971153846153846 0.10697115384615384
0 0.3389423076923077 0.04807692307692308 0.04567307692307692 0.09615384615384616
0 0.3701923076923077 0.036057692307692304 0.036057692307692304 0.07091346153846154
0 0.3713942307692308 0.09134615384615384 0.057692307692307696 0.11538461538461539
0 0.4387019230769231 0.14423076923076922 0.06129807692307692 0.17307692307692307