0 0.8557692307692307 0.7836538461538461 0.28846153846153844 0.4326923076923077
0 0.6538461538461539 0.7608173076923077 0.22596153846153846 0.47836538461538464
0 0.43028846153846156 0.7560096153846154 0.35697115384615385 0.45072115384615385
0 0.04567307692307692 0.5504807692307693 0.09134615384615384 0.2439903846153846
0 0.2127403846153846 0.7103365384615384 0.21153846153846154 0.578125
0 0.17668269230769232 0.5240384615384616 0.11658653846153846 0.30528846153846156
0 0.25 0.46033653846153844 0.06971153846153846 0.16466346153846154
0 0.31009615384615385 0.6201923076923077 0.1466346153846154 0.5012019230769231
0 0.4483173076923077 0.4639423076923077 0.18509615384615385 0.4050480769230769
0 0.5456730769230769 0.4807692307692308 0.08774038461538461 0.18990384615384615
0 0.5889423076923077 0.5649038461538461 0.19110576923076922 0.30288461538461536
0 0.6081730769230769 0.5637019230769231 0.11899038461538461 0.359375
0 0.8245192307692307 0.6526442307692307 0.21153846153846154 0.5324519230769231