0 0.171875 0.5961538461538461 0.171875 0.6754807692307693
0 0.27884615384615385 0.41225961538461536 0.14182692307692307 0.35216346153846156
0 0.3293269230769231 0.41346153846153844 0.19951923076923078 0.3137019230769231
0 0.49278846153846156 0.3918269230769231 0.3004807692307692 0.3545673076923077
0 0.5492788461538461 0.4230769230769231 0.21875 0.30288461538461536
0 0.6129807692307693 0.4579326923076923 0.28125 0.4567307692307692
0 0.7391826923076923 0.5444711538461539 0.14543269230769232 0.6478365384615384
0 0.7247596153846154 0.6790865384615384 0.25600961538461536 0.5637019230769231
0 0.3112980769230769 0.24519230769230768 0.0985576923076923 0.17067307692307693
0 0.3076923076923077 0.25240384615384615 0.09375 0.1814903846153846
0 0.4963942307692308 0.23197115384615385 0.06129807692307692 0.14783653846153846
0 0.5673076923076923 0.23317307692307693 0.109375 0.18269230769230768
0 0.7115384615384616 0.25600961538461536 0.08653846153846154 0.12259615384615384
0 0.6694711538461539 0.28966346153846156 0.07932692307692307 0.15144230769230768
0 0.009615384615384616 0.12860576923076922 0.018028846153846152 0.06009615384615385
0 0.02403846153846154 0.13701923076923078 0.021634615384615384 0.056490384615384616
0 0.052884615384615384 0.14543269230769232 0.021634615384615384 0.0673076923076923
0 0.0733173076923077 0.15745192307692307 0.019230769230769232 0.0733173076923077
0 0.09615384615384616 0.21394230769230768 0.027644230769230768 0.04326923076923077
0 0.15384615384615385 0.23197115384615385 0.025240384615384616 0.07451923076923077
0 0.17548076923076922 0.2283653846153846 0.019230769230769232 0.07091346153846154
0 0.1658653846153846 0.25 0.02283653846153846 0.039663461538461536
0 0.1935096153846154 0.2512019230769231 0.025240384615384616 0.040865384615384616
0 0.18629807692307693 0.22115384615384615 0.027644230769230768 0.04447115384615385
0 0.17668269230769232 0.1814903846153846 0.019230769230769232 0.057692307692307696
0 0.1935096153846154 0.18509615384615385 0.020432692307692308 0.0733173076923077
0 0.24519230769230768 0.18028846153846154 0.02283653846153846 0.09735576923076923
0 0.24158653846153846 0.2548076923076923 0.02283653846153846 0.0673076923076923
0 0.2644230769230769 0.2548076923076923 0.020432692307692308 0.06610576923076923
0 0.2932692307692308 0.18509615384615385 0.018028846153846152 0.07451923076923077
0 0.30288461538461536 0.17427884615384615 0.014423076923076924 0.05048076923076923
0 0.3329326923076923 0.1658653846153846 0.013221153846153846 0.036057692307692304
0 0.34375 0.18389423076923078 0.019230769230769232 0.09014423076923077
0 0.36177884615384615 0.21875 0.020432692307692308 0.054086538461538464
0 0.4375 0.21514423076923078 0.020432692307692308 0.03485576923076923
0 0.4230769230769231 0.2091346153846154 0.016826923076923076 0.04567307692307692
0 0.37259615384615385 0.078125 0.016826923076923076 0.06370192307692307
0 0.38341346153846156 0.08052884615384616 0.01201923076923077 0.056490384615384616
0 0.47716346153846156 0.0985576923076923 0.019230769230769232 0.0625
0 0.47475961538461536 0.07451923076923077 0.014423076923076924 0.055288461538461536
0 0.49038461538461536 0.09014423076923077 0.01201923076923077 0.06009615384615385
0 0.3581730769230769 0.17548076923076922 0.014423076923076924 0.054086538461538464
0 0.36658653846153844 0.1622596153846154 0.014423076923076924 0.037259615384615384
0 0.3858173076923077 0.16105769230769232 0.016826923076923076 0.038461538461538464
0 0.39663461538461536 0.15384615384615385 0.010817307692307692 0.025240384615384616
0 0.40384615384615385 0.15144230769230768 0.010817307692307692 0.020432692307692308
0 0.4098557692307692 0.15625 0.016826923076923076 0.028846153846153848
0 0.4254807692307692 0.16346153846153846 0.016826923076923076 0.030048076923076924
0 0.4423076923076923 0.16706730769230768 0.013221153846153846 0.02403846153846154
0 0.4543269230769231 0.16346153846153846 0.020432692307692308 0.04447115384615385
0 0.46274038461538464 0.20552884615384615 0.014423076923076924 0.02403846153846154
0 0.4699519230769231 0.20673076923076922 0.014423076923076924 0.03365384615384615
0 0.47716346153846156 0.1658653846153846 0.015625 0.051682692307692304
0 0.4831730769230769 0.14903846153846154 0.010817307692307692 0.026442307692307692
0 0.5096153846153846 0.17548076923076922 0.01201923076923077 0.055288461538461536
0 0.5132211538461539 0.22115384615384615 0.014423076923076924 0.046875
0 0.5240384615384616 0.22115384615384615 0.019230769230769232 0.04447115384615385
0 0.5324519230769231 0.21033653846153846 0.015625 0.051682692307692304
0 0.5456730769230769 0.21394230769230768 0.010817307692307692 0.03485576923076923
0 0.5853365384615384 0.21754807692307693 0.016826923076923076 0.030048076923076924
0 0.6045673076923077 0.20072115384615385 0.014423076923076924 0.03365384615384615
0 0.6117788461538461 0.21875 0.015625 0.039663461538461536
0 0.6237980769230769 0.23677884615384615 0.018028846153846152 0.08653846153846154
0 0.6165865384615384 0.17067307692307693 0.018028846153846152 0.051682692307692304
0 0.6394230769230769 0.1814903846153846 0.018028846153846152 0.08653846153846154
0 0.6574519230769231 0.1778846153846154 0.018028846153846152 0.07211538461538461
0 0.6887019230769231 0.17427884615384615 0.015625 0.07692307692307693
0 0.6995192307692307 0.16706730769230768 0.014423076923076924 0.0625
0 0.7091346153846154 0.17307692307692307 0.014423076923076924 0.06850961538461539
0 0.7355769230769231 0.171875 0.01201923076923077 0.07091346153846154
0 0.7463942307692307 0.16826923076923078 0.016826923076923076 0.07692307692307693
0 0.7644230769230769 0.1658653846153846 0.020432692307692308 0.08533653846153846
0 0.7620192307692307 0.1201923076923077 0.02403846153846154 0.03365384615384615
0 0.6850961538461539 0.25600961538461536 0.009615384615384616 0.036057692307692304
0 0.7475961538461539 0.25 0.02403846153846154 0.05889423076923077
0 0.7728365384615384 0.2439903846153846 0.026442307692307692 0.0673076923076923
0 0.796875 0.2403846153846154 0.025240384615384616 0.07572115384615384
0 0.8137019230769231 0.24278846153846154 0.021634615384615384 0.0673076923076923
0 0.8209134615384616 0.22235576923076922 0.019230769230769232 0.09014423076923077
0 0.8401442307692307 0.20432692307692307 0.015625 0.03485576923076923
0 0.8365384615384616 0.23798076923076922 0.020432692307692308 0.0733173076923077
0 0.8641826923076923 0.23677884615384615 0.026442307692307692 0.07692307692307693
0 0.8954326923076923 0.23557692307692307 0.03125 0.0733173076923077
0 0.7980769230769231 0.15985576923076922 0.020432692307692308 0.08653846153846154
0 0.8125 0.16466346153846154 0.016826923076923076 0.07572115384615384
0 0.8257211538461539 0.15625 0.016826923076923076 0.07451923076923077
0 0.8425480769230769 0.1502403846153846 0.027644230769230768 0.07692307692307693
0 0.8641826923076923 0.13581730769230768 0.020432692307692308 0.04927884615384615
0 0.890625 0.13942307692307693 0.021634615384615384 0.07451923076923077
0 0.9146634615384616 0.14543269230769232 0.019230769230769232 0.06850961538461539
0 0.9362980769230769 0.12379807692307693 0.02403846153846154 0.046875
0 0.8942307692307693 0.1935096153846154 0.019230769230769232 0.036057692307692304
0 0.9014423076923077 0.1875 0.02403846153846154 0.06490384615384616
0 0.9266826923076923 0.16826923076923078 0.03485576923076923 0.05048076923076923
0 0.9471153846153846 0.15504807692307693 0.025240384615384616 0.06850961538461539
0 0.9771634615384616 0.10697115384615384 0.03125 0.057692307692307696
0 0.9771634615384616 0.16466346153846154 0.039663461538461536 0.09134615384615384
0 0.9747596153846154 0.2283653846153846 0.037259615384615384 0.07572115384615384
0 0.9927884615384616 0.21754807692307693 0.014423076923076924 0.09014423076923077
0 0.9627403846153846 0.4206730769230769 0.04326923076923077 0.12740384615384615
0 0.8653846153846154 0.20072115384615385 0.03245192307692308 0.07451923076923077
0 0.5144230769230769 0.203125 0.014423076923076924 0.03365384615384615