0 0.5144230769230769 0.6466346153846154 0.3449519230769231 0.7055288461538461
0 0.8245192307692307 0.6165865384615384 0.15985576923076922 0.765625
0 0.6935096153846154 0.625 0.19110576923076922 0.7487980769230769
0 0.7307692307692307 0.4014423076923077 0.06850961538461539 0.1971153846153846
0 0.31850961538461536 0.39903846153846156 0.08413461538461539 0.2764423076923077
0 0.3713942307692308 0.3858173076923077 0.08774038461538461 0.3076923076923077
0 0.4362980769230769 0.421875 0.0673076923076923 0.36778846153846156
0 0.4735576923076923 0.5444711538461539 0.09975961538461539 0.46153846153846156
0 0.5805288461538461 0.32572115384615385 0.07692307692307693 0.20072115384615385
0 0.12740384615384615 0.5252403846153846 0.13341346153846154 0.45552884615384615
0 0.06971153846153846 0.6502403846153846 0.11778846153846154 0.6887019230769231
0 0.06370192307692307 0.6430288461538461 0.12620192307692307 0.7139423076923077
0 0.8401442307692307 0.5673076923076923 0.19831730769230768 0.6670673076923077