0 0.016826923076923076 0.48677884615384615 0.028846153846153848 0.08533653846153846
0 0.03485576923076923 0.48677884615384615 0.02283653846153846 0.078125
0 0.04927884615384615 0.48677884615384615 0.03245192307692308 0.0889423076923077
0 0.09495192307692307 0.5300480769230769 0.04927884615384615 0.15745192307692307
0 0.14543269230769232 0.5264423076923077 0.042067307692307696 0.1658653846153846
0 0.19471153846153846 0.5769230769230769 0.09615384615384616 0.27403846153846156
0 0.22355769230769232 0.5072115384615384 0.040865384615384616 0.1658653846153846
0 0.3137019230769231 0.5384615384615384 0.027644230769230768 0.09014423076923077
0 0.33413461538461536 0.5456730769230769 0.036057692307692304 0.0829326923076923
0 0.3125 0.5084134615384616 0.039663461538461536 0.11538461538461539
0 0.33052884615384615 0.4795673076923077 0.025240384615384616 0.08173076923076923
0 0.35216346153846156 0.5012019230769231 0.028846153846153848 0.11899038461538461
0 0.3737980769230769 0.5084134615384616 0.054086538461538464 0.15144230769230768
0 0.42788461538461536 0.44350961538461536 0.008413461538461538 0.016826923076923076
0 0.4362980769230769 0.4495192307692308 0.008413461538461538 0.03365384615384615
0 0.4495192307692308 0.4519230769230769 0.008413461538461538 0.026442307692307692
0 0.4567307692307692 0.453125 0.007211538461538462 0.030048076923076924
0 0.46153846153846156 0.453125 0.009615384615384616 0.030048076923076924
0 0.46875 0.453125 0.008413461538461538 0.03125
0 0.4795673076923077 0.4483173076923077 0.019230769230769232 0.025240384615384616
0 0.49038461538461536 0.45552884615384615 0.01201923076923077 0.039663461538461536
0 0.5012019230769231 0.4543269230769231 0.013221153846153846 0.04447115384615385
0 0.5360576923076923 0.46634615384615385 0.018028846153846152 0.027644230769230768
0 0.5504807692307693 0.46033653846153844 0.015625 0.057692307692307696
0 0.5661057692307693 0.45913461538461536 0.019230769230769232 0.06129807692307692
0 0.5745192307692307 0.4411057692307692 0.009615384615384616 0.026442307692307692
0 0.5817307692307693 0.4423076923076923 0.013221153846153846 0.020432692307692308
0 0.5853365384615384 0.4651442307692308 0.015625 0.06610576923076923
0 0.5745192307692307 0.5012019230769231 0.018028846153846152 0.0985576923076923
0 0.6021634615384616 0.46875 0.018028846153846152 0.057692307692307696
0 0.6165865384615384 0.4651442307692308 0.014423076923076924 0.0625
0 0.6298076923076923 0.4579326923076923 0.015625 0.06129807692307692
0 0.7127403846153846 0.5024038461538461 0.057692307692307696 0.15865384615384615
0 0.7391826923076923 0.47475961538461536 0.026442307692307692 0.03485576923076923
0 0.7740384615384616 0.4987980769230769 0.036057692307692304 0.11298076923076923
0 0.7848557692307693 0.5264423076923077 0.03485576923076923 0.08774038461538461
0 0.9026442307692307 0.4579326923076923 0.030048076923076924 0.08413461538461539
0 0.8677884615384616 0.5396634615384616 0.07091346153846154 0.2548076923076923