0 0.28846153846153844 0.4110576923076923 0.1466346153846154 0.12980769230769232
0 0.7620192307692307 0.5396634615384616 0.055288461538461536 0.09975961538461539
0 0.4807692307692308 0.5685096153846154 0.10817307692307693 0.14543269230769232
0 0.1971153846153846 0.6213942307692307 0.09975961538461539 0.3173076923076923
0 0.07932692307692307 0.6310096153846154 0.12860576923076922 0.2932692307692308
0 0.7836538461538461 0.6346153846153846 0.09254807692307693 0.28846153846153844
0 0.9495192307692307 0.6442307692307693 0.09975961538461539 0.3389423076923077
0 0.36177884615384615 0.6550480769230769 0.29086538461538464 0.49278846153846156
0 0.8509615384615384 0.6550480769230769 0.09254807692307693 0.3088942307692308
0 0.6322115384615384 0.6694711538461539 0.2439903846153846 0.5372596153846154
0 0.47596153846153844 0.6802884615384616 0.10336538461538461 0.1971153846153846