0 0.3786057692307692 0.5456730769230769 0.03125 0.09735576923076923
0 0.11538461538461539 0.578125 0.08653846153846154 0.22355769230769232
0 0.21153846153846154 0.5925480769230769 0.037259615384615384 0.12139423076923077
0 0.6706730769230769 0.6081730769230769 0.04326923076923077 0.23918269230769232
0 0.7139423076923077 0.6310096153846154 0.055288461538461536 0.21514423076923078
0 0.46274038461538464 0.6574519230769231 0.06971153846153846 0.31850961538461536
0 0.5913461538461539 0.6610576923076923 0.07211538461538461 0.3161057692307692
0 0.9158653846153846 0.6634615384615384 0.0673076923076923 0.27403846153846156
0 0.8004807692307693 0.6634615384615384 0.06610576923076923 0.28125
0 0.8629807692307693 0.6658653846153846 0.06971153846153846 0.3016826923076923
0 0.5120192307692307 0.6658653846153846 0.05048076923076923 0.3004807692307692
0 0.9411057692307693 0.6754807692307693 0.09975961538461539 0.3137019230769231
0 0.9675480769230769 0.6995192307692307 0.06129807692307692 0.3605769230769231
0 0.29086538461538464 0.7175480769230769 0.06370192307692307 0.43028846153846156
0 0.0889423076923077 0.7355769230769231 0.12860576923076922 0.5204326923076923
0 0.3581730769230769 0.7355769230769231 0.140625 0.5036057692307693
0 0.17548076923076922 0.7367788461538461 0.1141826923076923 0.49038461538461536