0 0.375 0.5528846153846154 0.020432692307692308 0.07451923076923077
0 0.3473557692307692 0.5576923076923077 0.036057692307692304 0.06971153846153846
0 0.3557692307692308 0.5576923076923077 0.020432692307692308 0.0673076923076923
0 0.3329326923076923 0.5576923076923077 0.021634615384615384 0.0673076923076923
0 0.21153846153846154 0.5588942307692307 0.021634615384615384 0.07451923076923077
0 0.1778846153846154 0.5588942307692307 0.020432692307692308 0.06850961538461539
0 0.3605769230769231 0.5588942307692307 0.037259615384615384 0.078125
0 0.14903846153846154 0.5612980769230769 0.02403846153846154 0.07211538461538461
0 0.16105769230769232 0.5625 0.04807692307692308 0.07451923076923077
0 0.1935096153846154 0.5625 0.056490384615384616 0.07692307692307693
0 0.33413461538461536 0.5625 0.05889423076923077 0.078125
0 0.31490384615384615 0.5637019230769231 0.030048076923076924 0.07211538461538461
0 0.265625 0.5925480769230769 0.038461538461538464 0.12139423076923077