0 0.40024038461538464 0.7944711538461539 0.026442307692307692 0.19230769230769232
0 0.4723557692307692 0.8028846153846154 0.027644230769230768 0.19831730769230768
0 0.5072115384615384 0.8064903846153846 0.036057692307692304 0.18269230769230768
0 0.2668269230769231 0.8161057692307693 0.0889423076923077 0.3557692307692308
0 0.6430288461538461 0.8173076923076923 0.036057692307692304 0.19831730769230768
0 0.8653846153846154 0.8377403846153846 0.0625 0.2824519230769231
0 0.43149038461538464 0.8377403846153846 0.03485576923076923 0.2860576923076923
0 0.7067307692307693 0.8401442307692307 0.055288461538461536 0.27163461538461536
0 0.8846153846153846 0.8401442307692307 0.052884615384615384 0.2764423076923077
0 0.9110576923076923 0.8425480769230769 0.051682692307692304 0.2800480769230769
0 0.9567307692307693 0.8461538461538461 0.055288461538461536 0.27163461538461536
0 0.7800480769230769 0.8473557692307693 0.05048076923076923 0.21153846153846154
0 0.5997596153846154 0.8485576923076923 0.07692307692307693 0.27403846153846156