0 0.8401442307692307 0.2283653846153846 0.09014423076923077 0.15625
0 0.9314903846153846 0.24639423076923078 0.13701923076923078 0.2608173076923077
0 0.734375 0.27403846153846156 0.109375 0.21875
0 0.3401442307692308 0.27524038461538464 0.13221153846153846 0.30288461538461536
0 0.038461538461538464 0.31971153846153844 0.07692307692307693 0.2860576923076923
0 0.5769230769230769 0.35697115384615385 0.12980769230769232 0.34975961538461536
0 0.7403846153846154 0.039663461538461536 0.078125 0.078125
0 0.4543269230769231 0.4050480769230769 0.17548076923076922 0.4110576923076923
0 0.1310096153846154 0.40865384615384615 0.11538461538461539 0.234375
0 0.6394230769230769 0.43509615384615385 0.11778846153846154 0.2091346153846154
0 0.9591346153846154 0.46033653846153844 0.08173076923076923 0.2800480769230769
0 0.3004807692307692 0.4807692307692308 0.17548076923076922 0.3870192307692308
0 0.8894230769230769 0.5036057692307693 0.1658653846153846 0.3918269230769231
0 0.5096153846153846 0.052884615384615384 0.0829326923076923 0.1045673076923077
0 0.6262019230769231 0.054086538461538464 0.09254807692307693 0.10817307692307693
0 0.8617788461538461 0.06610576923076923 0.07211538461538461 0.1310096153846154
0 0.16706730769230768 0.06610576923076923 0.06610576923076923 0.13221153846153846
0 0.7872596153846154 0.7367788461538461 0.27163461538461536 0.5264423076923077
0 0.3088942307692308 0.7379807692307693 0.234375 0.4735576923076923
0 0.15985576923076922 0.7403846153846154 0.3161057692307692 0.5192307692307693
0 0.5841346153846154 0.7704326923076923 0.22956730769230768 0.45913461538461536
0 0.9314903846153846 0.7908653846153846 0.13581730769230768 0.4182692307692308
0 0.9759615384615384 0.08173076923076923 0.04807692307692308 0.13581730769230768
0 0.4230769230769231 0.8245192307692307 0.3088942307692308 0.34975961538461536
0 0.27283653846153844 0.08774038461538461 0.08173076923076923 0.17548076923076922
0 0.11177884615384616 0.10576923076923077 0.06370192307692307 0.16706730769230768
0 0.39302884615384615 0.11538461538461539 0.1622596153846154 0.23076923076923078
0 0.027644230769230768 0.12139423076923077 0.052884615384615384 0.1658653846153846
0 0.6454326923076923 0.18389423076923078 0.07451923076923077 0.1466346153846154
0 0.5096153846153846 0.1875 0.0829326923076923 0.19230769230769232