0 0.6730769230769231 0.25721153846153844 0.04326923076923077 0.1346153846153846
0 0.2956730769230769 0.27524038461538464 0.04807692307692308 0.140625
0 0.2512019230769231 0.27524038461538464 0.038461538461538464 0.13701923076923078
0 0.359375 0.2776442307692308 0.046875 0.14903846153846154
0 0.4411057692307692 0.29927884615384615 0.04567307692307692 0.1502403846153846
0 0.7247596153846154 0.33052884615384615 0.051682692307692304 0.1658653846153846
0 0.2283653846153846 0.3449519230769231 0.04326923076923077 0.14423076923076922
0 0.7692307692307693 0.3786057692307692 0.04567307692307692 0.17548076923076922
0 0.8317307692307693 0.3870192307692308 0.052884615384615384 0.17548076923076922
0 0.5048076923076923 0.6105769230769231 0.06850961538461539 0.1814903846153846
0 0.057692307692307696 0.6165865384615384 0.06850961538461539 0.21153846153846154
0 0.21153846153846154 0.06610576923076923 0.03485576923076923 0.0733173076923077
0 0.13822115384615385 0.6730769230769231 0.09254807692307693 0.2668269230769231
0 0.19110576923076922 0.8521634615384616 0.09254807692307693 0.29086538461538464
0 0.9435096153846154 0.9495192307692307 0.10336538461538461 0.09735576923076923
0 0.18870192307692307 0.10576923076923077 0.019230769230769232 0.07932692307692307
0 0.30528846153846156 0.11778846153846154 0.03125 0.09375
0 0.35336538461538464 0.125 0.037259615384615384 0.07451923076923077
0 0.6730769230769231 0.1502403846153846 0.030048076923076924 0.09254807692307693
0 0.7175480769230769 0.15985576923076922 0.06129807692307692 0.07932692307692307
0 0.2403846153846154 0.1778846153846154 0.027644230769230768 0.06610576923076923
0 0.21153846153846154 0.1935096153846154 0.030048076923076924 0.07451923076923077