0 0.35697115384615385 0.23317307692307693 0.037259615384615384 0.1346153846153846
0 0.6887019230769231 0.24639423076923078 0.040865384615384616 0.1310096153846154
0 0.33774038461538464 0.2776442307692308 0.046875 0.1778846153846154
0 0.28846153846153844 0.3004807692307692 0.040865384615384616 0.13942307692307693
0 0.6730769230769231 0.3449519230769231 0.05889423076923077 0.19831730769230768
0 0.41586538461538464 0.4807692307692308 0.03245192307692308 0.04326923076923077
0 0.5685096153846154 0.5216346153846154 0.020432692307692308 0.1141826923076923
0 0.4074519230769231 0.5372596153846154 0.037259615384615384 0.07211538461538461
0 0.5516826923076923 0.5396634615384616 0.036057692307692304 0.08774038461538461
0 0.5036057692307693 0.6081730769230769 0.05889423076923077 0.18028846153846154
0 0.5865384615384616 0.6995192307692307 0.08173076923076923 0.27403846153846156
0 0.44471153846153844 0.7259615384615384 0.0829326923076923 0.12139423076923077
0 0.6598557692307693 0.7307692307692307 0.0733173076923077 0.24879807692307693
0 0.8425480769230769 0.7620192307692307 0.07692307692307693 0.28125
0 0.7451923076923077 0.8100961538461539 0.10096153846153846 0.3629807692307692
0 0.9134615384615384 0.8245192307692307 0.078125 0.28725961538461536
0 0.46274038461538464 0.8653846153846154 0.09254807692307693 0.25600961538461536
0 0.19591346153846154 0.11658653846153846 0.02403846153846154 0.05889423076923077
0 0.2776442307692308 0.11658653846153846 0.025240384615384616 0.06129807692307692
0 0.24879807692307693 0.15264423076923078 0.026442307692307692 0.09975961538461539
0 0.6646634615384616 0.20673076923076922 0.037259615384615384 0.11057692307692307