0 0.6814903846153846 0.24759615384615385 0.037259615384615384 0.14903846153846154
0 0.7572115384615384 0.25961538461538464 0.040865384615384616 0.1346153846153846
0 0.33774038461538464 0.2800480769230769 0.04326923076923077 0.1466346153846154
0 0.2932692307692308 0.29086538461538464 0.04567307692307692 0.14423076923076922
0 0.7247596153846154 0.3112980769230769 0.04807692307692308 0.09375
0 0.24879807692307693 0.3161057692307692 0.05048076923076923 0.16826923076923078
0 0.1971153846153846 0.3269230769230769 0.04567307692307692 0.14903846153846154
0 0.27283653846153844 0.4050480769230769 0.057692307692307696 0.21514423076923078
0 0.3317307692307692 0.4254807692307692 0.05048076923076923 0.1622596153846154
0 0.8581730769230769 0.4411057692307692 0.04807692307692308 0.16105769230769232
0 0.8149038461538461 0.44591346153846156 0.052884615384615384 0.17548076923076922
0 0.3942307692307692 0.5084134615384616 0.056490384615384616 0.08653846153846154
0 0.7572115384615384 0.5132211538461539 0.0625 0.21875
0 0.7283653846153846 0.5192307692307693 0.109375 0.22355769230769232
0 0.7055288461538461 0.5288461538461539 0.05889423076923077 0.1971153846153846
0 0.5925480769230769 0.5625 0.11778846153846154 0.16706730769230768
0 0.8966346153846154 0.5817307692307693 0.06610576923076923 0.2403846153846154
0 0.8329326923076923 0.5865384615384616 0.056490384615384616 0.24278846153846154
0 0.5036057692307693 0.5997596153846154 0.06129807692307692 0.1622596153846154
0 0.06850961538461539 0.6225961538461539 0.05889423076923077 0.21875
0 0.02403846153846154 0.6286057692307693 0.046875 0.2403846153846154
0 0.47596153846153844 0.7223557692307693 0.06370192307692307 0.14903846153846154
0 0.9338942307692307 0.7620192307692307 0.078125 0.2620192307692308
0 0.7331730769230769 0.7620192307692307 0.10336538461538461 0.2668269230769231
0 0.16105769230769232 0.8641826923076923 0.07451923076923077 0.27163461538461536
0 0.47596153846153844 0.8677884615384616 0.0733173076923077 0.2536057692307692
0 0.19471153846153846 0.1502403846153846 0.026442307692307692 0.08173076923076923
0 0.29927884615384615 0.20192307692307693 0.03245192307692308 0.07451923076923077
0 0.6322115384615384 0.203125 0.036057692307692304 0.1310096153846154
0 0.3581730769230769 0.20673076923076922 0.06971153846153846 0.12139423076923077