0 0.6298076923076923 0.25841346153846156 0.038461538461538464 0.14182692307692307
0 0.5817307692307693 0.2620192307692308 0.038461538461538464 0.15264423076923078
0 0.3713942307692308 0.26322115384615385 0.051682692307692304 0.11899038461538461
0 0.27163461538461536 0.26802884615384615 0.04326923076923077 0.1466346153846154
0 0.2283653846153846 0.2776442307692308 0.040865384615384616 0.11899038461538461
0 0.38461538461538464 0.5192307692307693 0.027644230769230768 0.06129807692307692
0 0.4026442307692308 0.5276442307692307 0.030048076923076924 0.046875
0 0.5036057692307693 0.6069711538461539 0.06610576923076923 0.18028846153846154
0 0.3870192307692308 0.07211538461538461 0.03125 0.055288461538461536
0 0.08533653846153846 0.7512019230769231 0.0625 0.25961538461538464
0 0.12379807692307693 0.7728365384615384 0.0733173076923077 0.25721153846153844
0 0.7932692307692307 0.8401442307692307 0.09495192307692307 0.2776442307692308
0 0.19230769230769232 0.84375 0.08653846153846154 0.3125
0 0.19110576923076922 0.11177884615384616 0.040865384615384616 0.0985576923076923
0 0.30649038461538464 0.12139423076923077 0.027644230769230768 0.07211538461538461
0 0.3473557692307692 0.12139423076923077 0.021634615384615384 0.0625
0 0.5793269230769231 0.1466346153846154 0.03485576923076923 0.08653846153846154
0 0.6682692307692307 0.1502403846153846 0.030048076923076924 0.09735576923076923
0 0.6310096153846154 0.15625 0.03245192307692308 0.08653846153846154