0 0.35336538461538464 0.27163461538461536 0.052884615384615384 0.1310096153846154
0 0.2608173076923077 0.27524038461538464 0.038461538461538464 0.14182692307692307
0 0.3173076923076923 0.2776442307692308 0.036057692307692304 0.1310096153846154
0 0.21995192307692307 0.28966346153846156 0.036057692307692304 0.1310096153846154
0 0.6682692307692307 0.2956730769230769 0.042067307692307696 0.109375
0 0.19831730769230768 0.47475961538461536 0.057692307692307696 0.18389423076923078
0 0.5925480769230769 0.5757211538461539 0.12379807692307693 0.1778846153846154
0 0.5637019230769231 0.6033653846153846 0.09254807692307693 0.15264423076923078
0 0.5036057692307693 0.609375 0.06129807692307692 0.18028846153846154
0 0.04326923076923077 0.6310096153846154 0.08653846153846154 0.25600961538461536
0 0.2247596153846154 0.07451923076923077 0.03485576923076923 0.0625
0 0.4543269230769231 0.8125 0.1045673076923077 0.28725961538461536
0 0.8858173076923077 0.8689903846153846 0.09254807692307693 0.2620192307692308
0 0.671875 0.11298076923076923 0.026442307692307692 0.08173076923076923
0 0.27524038461538464 0.11899038461538461 0.030048076923076924 0.0625
0 0.328125 0.13701923076923078 0.03125 0.11057692307692307
0 0.18269230769230768 0.14783653846153846 0.020432692307692308 0.09495192307692307
0 0.16105769230769232 0.1502403846153846 0.016826923076923076 0.06850961538461539
0 0.7307692307692307 0.1658653846153846 0.038461538461538464 0.11298076923076923
0 0.24158653846153846 0.1658653846153846 0.04567307692307692 0.171875
0 0.6105769230769231 0.1778846153846154 0.046875 0.14903846153846154