0 0.32211538461538464 0.21514423076923078 0.037259615384615384 0.11057692307692307
0 0.2127403846153846 0.24639423076923078 0.025240384615384616 0.12620192307692307
0 0.25961538461538464 0.25600961538461536 0.04326923076923077 0.1778846153846154
0 0.6802884615384616 0.3088942307692308 0.051682692307692304 0.1310096153846154
0 0.3581730769230769 0.31009615384615385 0.056490384615384616 0.1622596153846154
0 0.31009615384615385 0.3112980769230769 0.038461538461538464 0.16105769230769232
0 0.6370192307692307 0.3473557692307692 0.04567307692307692 0.1658653846153846
0 0.6033653846153846 0.34975961538461536 0.046875 0.16826923076923078
0 0.7043269230769231 0.42908653846153844 0.055288461538461536 0.19230769230769232
0 0.8197115384615384 0.45072115384615385 0.052884615384615384 0.203125
0 0.4170673076923077 0.47475961538461536 0.04567307692307692 0.0673076923076923
0 0.8762019230769231 0.47836538461538464 0.052884615384615384 0.17548076923076922
0 0.1658653846153846 0.47836538461538464 0.051682692307692304 0.17307692307692307
0 0.12259615384615384 0.48197115384615385 0.057692307692307696 0.1778846153846154
0 0.41346153846153844 0.5288461538461539 0.042067307692307696 0.0625
0 0.5036057692307693 0.6069711538461539 0.06610576923076923 0.18028846153846154
0 0.21153846153846154 0.7271634615384616 0.04567307692307692 0.07451923076923077
0 0.19230769230769232 0.8497596153846154 0.08774038461538461 0.3004807692307692
0 0.21394230769230768 0.09735576923076923 0.026442307692307692 0.08774038461538461
0 0.2403846153846154 0.09735576923076923 0.026442307692307692 0.07932692307692307
0 0.19230769230769232 0.11298076923076923 0.03245192307692308 0.0673076923076923
0 0.3076923076923077 0.11538461538461539 0.03125 0.07451923076923077
0 0.6682692307692307 0.1502403846153846 0.026442307692307692 0.09375
0 0.7139423076923077 0.16466346153846154 0.057692307692307696 0.10817307692307693