0 0.24278846153846154 0.24759615384615385 0.036057692307692304 0.11057692307692307
0 0.3317307692307692 0.25961538461538464 0.04326923076923077 0.140625
0 0.3737980769230769 0.2692307692307692 0.040865384615384616 0.13701923076923078
0 0.4362980769230769 0.35336538461538464 0.051682692307692304 0.15985576923076922
0 0.35697115384615385 0.36658653846153844 0.040865384615384616 0.171875
0 0.22115384615384615 0.3737980769230769 0.042067307692307696 0.1502403846153846
0 0.18509615384615385 0.3786057692307692 0.04326923076923077 0.1658653846153846
0 0.6802884615384616 0.4182692307692308 0.0625 0.1778846153846154
0 0.6262019230769231 0.453125 0.057692307692307696 0.1814903846153846
0 0.390625 0.5180288461538461 0.030048076923076924 0.06610576923076923
0 0.4182692307692308 0.5276442307692307 0.03485576923076923 0.06129807692307692
0 0.8197115384615384 0.5348557692307693 0.0625 0.22235576923076922
0 0.8966346153846154 0.5492788461538461 0.04807692307692308 0.2127403846153846
0 0.6574519230769231 0.5588942307692307 0.06850961538461539 0.22235576923076922
0 0.5036057692307693 0.6069711538461539 0.06610576923076923 0.1814903846153846
0 0.20072115384615385 0.7415865384615384 0.052884615384615384 0.109375
0 0.19230769230769232 0.8509615384615384 0.0889423076923077 0.28725961538461536
0 0.0625 0.8533653846153846 0.09254807692307693 0.2800480769230769
0 0.22355769230769232 0.09975961538461539 0.030048076923076924 0.056490384615384616
0 0.24879807692307693 0.11538461538461539 0.020432692307692308 0.08413461538461539
0 0.30649038461538464 0.11899038461538461 0.03125 0.07451923076923077
0 0.19471153846153846 0.14182692307692307 0.03485576923076923 0.07932692307692307
0 0.6742788461538461 0.15264423076923078 0.03245192307692308 0.09735576923076923
0 0.7139423076923077 0.16466346153846154 0.06971153846153846 0.09975961538461539
0 0.22716346153846154 0.17307692307692307 0.03125 0.0625