0 0.6334134615384616 0.2247596153846154 0.036057692307692304 0.12379807692307693
0 0.6658653846153846 0.2283653846153846 0.042067307692307696 0.1346153846153846
0 0.3245192307692308 0.24639423076923078 0.030048076923076924 0.10576923076923077
0 0.28846153846153844 0.2512019230769231 0.038461538461538464 0.125
0 0.7848557692307693 0.26802884615384615 0.05048076923076923 0.14423076923076922
0 0.7992788461538461 0.27163461538461536 0.030048076923076924 0.1814903846153846
0 0.5817307692307693 0.5757211538461539 0.1045673076923077 0.17307692307692307
0 0.5036057692307693 0.6057692307692307 0.06129807692307692 0.1814903846153846
0 0.8161057692307693 0.625 0.06610576923076923 0.2620192307692308
0 0.7439903846153846 0.6286057692307693 0.078125 0.2620192307692308
0 0.7776442307692307 0.6286057692307693 0.13701923076923078 0.2800480769230769
0 0.8725961538461539 0.640625 0.0625 0.24278846153846154
0 0.6850961538461539 0.6742788461538461 0.0733173076923077 0.25
0 0.4543269230769231 0.7283653846153846 0.055288461538461536 0.125
0 0.4543269230769231 0.8641826923076923 0.08173076923076923 0.27163461538461536
0 0.609375 0.9014423076923077 0.09735576923076923 0.1971153846153846
0 0.7127403846153846 0.9314903846153846 0.0889423076923077 0.13581730769230768
0 0.2776442307692308 0.11658653846153846 0.025240384615384616 0.05889423076923077
0 0.24639423076923078 0.1502403846153846 0.026442307692307692 0.1045673076923077