0 0.2692307692307692 0.3245192307692308 0.05048076923076923 0.15625
0 0.21754807692307693 0.33653846153846156 0.046875 0.1310096153846154
0 0.3245192307692308 0.33774038461538464 0.052884615384615384 0.14903846153846154
0 0.38822115384615385 0.5216346153846154 0.027644230769230768 0.0733173076923077
0 0.41225961538461536 0.5252403846153846 0.040865384615384616 0.0673076923076923
0 0.17067307692307693 0.5685096153846154 0.07451923076923077 0.22956730769230768
0 0.10576923076923077 0.5709134615384616 0.06129807692307692 0.22956730769230768
0 0.5048076923076923 0.6057692307692307 0.06610576923076923 0.18389423076923078
0 0.7572115384615384 0.6213942307692307 0.07932692307692307 0.23076923076923078
0 0.21394230769230768 0.8052884615384616 0.055288461538461536 0.2439903846153846
0 0.18990384615384615 0.8497596153846154 0.09495192307692307 0.2932692307692308
0 0.19110576923076922 0.09134615384615384 0.038461538461538464 0.08774038461538461
0 0.30408653846153844 0.11899038461538461 0.03125 0.08173076923076923
0 0.35096153846153844 0.125 0.030048076923076924 0.07211538461538461
0 0.6670673076923077 0.1502403846153846 0.026442307692307692 0.09735576923076923
0 0.18870192307692307 0.18389423076923078 0.03485576923076923 0.13701923076923078
0 0.6430288461538461 0.1935096153846154 0.03245192307692308 0.12379807692307693
0 0.71875 0.1971153846153846 0.038461538461538464 0.11057692307692307