0 0.6911057692307693 0.21754807692307693 0.037259615384615384 0.06971153846153846
0 0.8365384615384616 0.22235576923076922 0.03245192307692308 0.15625
0 0.296875 0.24278846153846154 0.040865384615384616 0.13701923076923078
0 0.265625 0.2439903846153846 0.038461538461538464 0.1310096153846154
0 0.7163461538461539 0.359375 0.052884615384615384 0.18028846153846154
0 0.6706730769230769 0.36899038461538464 0.04326923076923077 0.16346153846153846
0 0.25 0.4026442307692308 0.05889423076923077 0.19831730769230768
0 0.19110576923076922 0.41225961538461536 0.05048076923076923 0.18028846153846154
0 0.125 0.44471153846153844 0.05048076923076923 0.15625
0 0.08413461538461539 0.4567307692307692 0.04326923076923077 0.17307692307692307
0 0.390625 0.5228365384615384 0.055288461538461536 0.05889423076923077
0 0.5901442307692307 0.5793269230769231 0.12980769230769232 0.16826923076923078
0 0.20673076923076922 0.5913461538461539 0.0625 0.203125
0 0.11538461538461539 0.5925480769230769 0.06370192307692307 0.234375
0 0.5024038461538461 0.6021634615384616 0.06129807692307692 0.16706730769230768
0 0.8004807692307693 0.6478365384615384 0.06370192307692307 0.21875
0 0.8605769230769231 0.6730769230769231 0.06610576923076923 0.24639423076923078
0 0.03245192307692308 0.6995192307692307 0.06370192307692307 0.2776442307692308
0 0.9158653846153846 0.7896634615384616 0.08413461538461539 0.27403846153846156
0 0.2091346153846154 0.08052884615384616 0.03245192307692308 0.0733173076923077
0 0.4699519230769231 0.8185096153846154 0.07692307692307693 0.27403846153846156
0 0.8016826923076923 0.8653846153846154 0.08774038461538461 0.2620192307692308
0 0.6911057692307693 0.8701923076923077 0.0829326923076923 0.25961538461538464
0 0.22596153846153846 0.10576923076923077 0.021634615384615384 0.052884615384615384
0 0.27524038461538464 0.11778846153846154 0.03125 0.06610576923076923
0 0.6706730769230769 0.14423076923076922 0.030048076923076924 0.09975961538461539
0 0.21514423076923078 0.16826923076923078 0.030048076923076924 0.109375
0 0.33653846153846156 0.16826923076923078 0.025240384615384616 0.09014423076923077