0 0.7331730769230769 0.21754807692307693 0.03245192307692308 0.09975961538461539
0 0.7824519230769231 0.24879807692307693 0.037259615384615384 0.1346153846153846
0 0.33413461538461536 0.265625 0.04807692307692308 0.15264423076923078
0 0.28725961538461536 0.27403846153846156 0.04567307692307692 0.13581730769230768
0 0.7199519230769231 0.28725961538461536 0.042067307692307696 0.09375
0 0.2548076923076923 0.3425480769230769 0.06610576923076923 0.171875
0 0.19230769230769232 0.3557692307692308 0.052884615384615384 0.1658653846153846
0 0.23076923076923078 0.4543269230769231 0.051682692307692304 0.1971153846153846
0 0.7463942307692307 0.45913461538461536 0.056490384615384616 0.20793269230769232
0 0.25 0.46634615384615385 0.09735576923076923 0.22235576923076922
0 0.6995192307692307 0.4699519230769231 0.051682692307692304 0.18629807692307693
0 0.28365384615384615 0.47716346153846156 0.04807692307692308 0.1875
0 0.8882211538461539 0.49399038461538464 0.056490384615384616 0.16105769230769232
0 0.8329326923076923 0.49399038461538464 0.06129807692307692 0.17548076923076922
0 0.13942307692307693 0.5300480769230769 0.0733173076923077 0.2403846153846154
0 0.59375 0.5649038461538461 0.11899038461538461 0.17307692307692307
0 0.5036057692307693 0.6081730769230769 0.06129807692307692 0.18028846153846154
0 0.7271634615384616 0.6550480769230769 0.05889423076923077 0.1310096153846154
0 0.8737980769230769 0.6622596153846154 0.06850961538461539 0.25600961538461536
0 0.8197115384615384 0.6754807692307693 0.06129807692307692 0.23798076923076922
0 0.027644230769230768 0.6802884615384616 0.055288461538461536 0.25600961538461536
0 0.46153846153846156 0.7307692307692307 0.056490384615384616 0.12139423076923077
0 0.9158653846153846 0.7716346153846154 0.0829326923076923 0.27163461538461536
0 0.46274038461538464 0.8689903846153846 0.07451923076923077 0.25961538461538464
0 0.19951923076923078 0.09254807692307693 0.02403846153846154 0.06850961538461539
0 0.31850961538461536 0.921875 0.07932692307692307 0.15625
0 0.5949519230769231 0.11778846153846154 0.021634615384615384 0.0733173076923077
0 0.6153846153846154 0.12259615384615384 0.016826923076923076 0.09014423076923077
0 0.5973557692307693 0.19591346153846154 0.03245192307692308 0.11778846153846154