0 0.27163461538461536 0.28365384615384615 0.046875 0.12139423076923077
0 0.3894230769230769 0.2848557692307692 0.040865384615384616 0.13581730769230768
0 0.3605769230769231 0.28846153846153844 0.04567307692307692 0.13942307692307693
0 0.1971153846153846 0.31009615384615385 0.03485576923076923 0.1346153846153846
0 0.6814903846153846 0.33413461538461536 0.046875 0.109375
0 0.2644230769230769 0.4254807692307692 0.05889423076923077 0.1778846153846154
0 0.3894230769230769 0.5216346153846154 0.051682692307692304 0.05889423076923077
0 0.5973557692307693 0.5649038461538461 0.1141826923076923 0.16706730769230768
0 0.10336538461538461 0.5685096153846154 0.07451923076923077 0.24639423076923078
0 0.030048076923076924 0.5829326923076923 0.06009615384615385 0.22355769230769232
0 0.5024038461538461 0.6009615384615384 0.06129807692307692 0.16826923076923078
0 0.453125 0.8161057692307693 0.11057692307692307 0.29086538461538464
0 0.9098557692307693 0.8185096153846154 0.09254807692307693 0.2860576923076923
0 0.2283653846153846 0.08413461538461539 0.03485576923076923 0.078125
0 0.6754807692307693 0.12860576923076922 0.03125 0.08173076923076923
0 0.21875 0.14423076923076922 0.020432692307692308 0.1045673076923077
0 0.27283653846153844 0.15384615384615385 0.03125 0.0985576923076923
0 0.7199519230769231 0.16466346153846154 0.036057692307692304 0.11298076923076923
0 0.24278846153846154 0.1935096153846154 0.03245192307692308 0.12980769230769232
0 0.19110576923076922 0.19471153846153846 0.040865384615384616 0.11899038461538461