0 0.33413461538461536 0.2247596153846154 0.04326923076923077 0.109375
0 0.2403846153846154 0.23798076923076922 0.030048076923076924 0.09375
0 0.28725961538461536 0.25600961538461536 0.038461538461538464 0.11057692307692307
0 0.7139423076923077 0.2932692307692308 0.04567307692307692 0.16105769230769232
0 0.8028846153846154 0.31490384615384615 0.042067307692307696 0.15264423076923078
0 0.25961538461538464 0.3317307692307692 0.05048076923076923 0.16706730769230768
0 0.3401442307692308 0.40625 0.0625 0.1875
0 0.2127403846153846 0.4411057692307692 0.055288461538461536 0.1346153846153846
0 0.3918269230769231 0.5228365384615384 0.06129807692307692 0.0625
0 0.20432692307692307 0.5276442307692307 0.06610576923076923 0.19230769230769232
0 0.039663461538461536 0.53125 0.052884615384615384 0.2247596153846154
0 0.14903846153846154 0.5649038461538461 0.057692307692307696 0.21153846153846154
0 0.09254807692307693 0.5709134615384616 0.05889423076923077 0.21153846153846154
0 0.5036057692307693 0.6105769230769231 0.0673076923076923 0.1814903846153846
0 0.21634615384615385 0.8125 0.05889423076923077 0.234375
0 0.18990384615384615 0.8461538461538461 0.09134615384615384 0.3076923076923077
0 0.19951923076923078 0.10336538461538461 0.02403846153846154 0.0829326923076923
0 0.3076923076923077 0.11057692307692307 0.026442307692307692 0.07451923076923077
0 0.27524038461538464 0.1346153846153846 0.03125 0.08173076923076923
0 0.6670673076923077 0.1502403846153846 0.030048076923076924 0.09375
0 0.7175480769230769 0.15625 0.040865384615384616 0.07932692307692307
0 0.29927884615384615 0.1778846153846154 0.037259615384615384 0.0625
0 0.6105769230769231 0.1935096153846154 0.03245192307692308 0.11057692307692307