0 0.2644230769230769 0.2127403846153846 0.040865384615384616 0.1346153846153846
0 0.22355769230769232 0.21995192307692307 0.038461538461538464 0.125
0 0.35697115384615385 0.3401442307692308 0.052884615384615384 0.16105769230769232
0 0.22596153846153846 0.3449519230769231 0.056490384615384616 0.13701923076923078
0 0.7091346153846154 0.4254807692307692 0.052884615384615384 0.11538461538461539
0 0.1310096153846154 0.4855769230769231 0.07211538461538461 0.19230769230769232
0 0.21754807692307693 0.4879807692307692 0.05889423076923077 0.2091346153846154
0 0.3894230769230769 0.5216346153846154 0.05048076923076923 0.05889423076923077
0 0.5997596153846154 0.5649038461538461 0.109375 0.16706730769230768
0 0.5612980769230769 0.6009615384615384 0.09014423076923077 0.1502403846153846
0 0.5036057692307693 0.609375 0.06129807692307692 0.18028846153846154
0 0.078125 0.7560096153846154 0.06850961538461539 0.24278846153846154
0 0.9182692307692307 0.7884615384615384 0.08173076923076923 0.2776442307692308
0 0.47115384615384615 0.8137019230769231 0.07451923076923077 0.2848557692307692
0 0.7091346153846154 0.8617788461538461 0.08653846153846154 0.2764423076923077
0 0.7848557692307693 0.8689903846153846 0.0829326923076923 0.2620192307692308
0 0.27884615384615385 0.15625 0.027644230769230768 0.09014423076923077
0 0.3581730769230769 0.16466346153846154 0.037259615384615384 0.1141826923076923
0 0.7151442307692307 0.1658653846153846 0.036057692307692304 0.11298076923076923
0 0.6598557692307693 0.16826923076923078 0.03245192307692308 0.078125