0 0.2608173076923077 0.265625 0.04567307692307692 0.08653846153846154
0 0.7091346153846154 0.27403846153846156 0.040865384615384616 0.1502403846153846
0 0.6201923076923077 0.28125 0.055288461538461536 0.1346153846153846
0 0.7980769230769231 0.29086538461538464 0.046875 0.1502403846153846
0 0.25961538461538464 0.32211538461538464 0.04807692307692308 0.09975961538461539
0 0.36899038461538464 0.3473557692307692 0.05048076923076923 0.16826923076923078
0 0.30288461538461536 0.37740384615384615 0.051682692307692304 0.1814903846153846
0 0.18870192307692307 0.3786057692307692 0.051682692307692304 0.11778846153846154
0 0.2776442307692308 0.45552884615384615 0.0625 0.18389423076923078
0 0.2439903846153846 0.5096153846153846 0.06129807692307692 0.20432692307692307
0 0.1778846153846154 0.5096153846153846 0.06971153846153846 0.19110576923076922
0 0.3870192307692308 0.5240384615384616 0.036057692307692304 0.0733173076923077
0 0.40865384615384615 0.53125 0.027644230769230768 0.05889423076923077
0 0.5048076923076923 0.6069711538461539 0.06610576923076923 0.17668269230769232
0 0.21514423076923078 0.7896634615384616 0.0673076923076923 0.2247596153846154
0 0.19110576923076922 0.8473557692307693 0.09014423076923077 0.30528846153846156
0 0.19471153846153846 0.10697115384615384 0.03125 0.0985576923076923
0 0.27884615384615385 0.11899038461538461 0.015625 0.04326923076923077
0 0.3473557692307692 0.12379807692307693 0.021634615384615384 0.06850961538461539
0 0.6694711538461539 0.1502403846153846 0.030048076923076924 0.0985576923076923
0 0.3137019230769231 0.15264423076923078 0.027644230769230768 0.11538461538461539
0 0.7379807692307693 0.15985576923076922 0.038461538461538464 0.08173076923076923
0 0.25841346153846156 0.20072115384615385 0.036057692307692304 0.109375