0 0.28125 0.25961538461538464 0.055288461538461536 0.15264423076923078
0 0.24639423076923078 0.2644230769230769 0.042067307692307696 0.1466346153846154
0 0.6478365384615384 0.265625 0.04326923076923077 0.11899038461538461
0 0.38461538461538464 0.5192307692307693 0.04567307692307692 0.05889423076923077
0 0.40625 0.5336538461538461 0.026442307692307692 0.05889423076923077
0 0.11899038461538461 0.5408653846153846 0.06370192307692307 0.19951923076923078
0 0.5961538461538461 0.5661057692307693 0.1141826923076923 0.17548076923076922
0 0.5036057692307693 0.6081730769230769 0.06370192307692307 0.17668269230769232
0 0.4543269230769231 0.8112980769230769 0.10336538461538461 0.2920673076923077
0 0.8293269230769231 0.9026442307692307 0.09375 0.19230769230769232
0 0.22596153846153846 0.09375 0.02403846153846154 0.0673076923076923
0 0.6538461538461539 0.09975961538461539 0.026442307692307692 0.06850961538461539
0 0.2127403846153846 0.10096153846153846 0.016826923076923076 0.06129807692307692
0 0.27524038461538464 0.11538461538461539 0.021634615384615384 0.056490384615384616
0 0.2980769230769231 0.13341346153846154 0.03125 0.09735576923076923
0 0.203125 0.13942307692307693 0.042067307692307696 0.08413461538461539
0 0.6490384615384616 0.15625 0.04567307692307692 0.08774038461538461
0 0.7355769230769231 0.16346153846153846 0.038461538461538464 0.10576923076923077
0 0.23076923076923078 0.16826923076923078 0.030048076923076924 0.0985576923076923
0 0.18629807692307693 0.1814903846153846 0.03125 0.13581730769230768