0 0.28846153846153844 0.2127403846153846 0.03485576923076923 0.11298076923076923
0 0.3401442307692308 0.25961538461538464 0.036057692307692304 0.1346153846153846
0 0.6213942307692307 0.265625 0.042067307692307696 0.12980769230769232
0 0.6622596153846154 0.26802884615384615 0.04567307692307692 0.1466346153846154
0 0.7848557692307693 0.2692307692307692 0.04567307692307692 0.14423076923076922
0 0.6983173076923077 0.27524038461538464 0.040865384615384616 0.1310096153846154
0 0.6682692307692307 0.296875 0.037259615384615384 0.140625
0 0.5697115384615384 0.5036057692307693 0.04567307692307692 0.06129807692307692
0 0.7908653846153846 0.5036057692307693 0.06129807692307692 0.21875
0 0.7259615384615384 0.5132211538461539 0.057692307692307696 0.22956730769230768
0 0.8485576923076923 0.5168269230769231 0.05889423076923077 0.2127403846153846
0 0.40865384615384615 0.5300480769230769 0.046875 0.056490384615384616
0 0.6838942307692307 0.5372596153846154 0.06129807692307692 0.21514423076923078
0 0.5661057692307693 0.5901442307692307 0.06129807692307692 0.15985576923076922
0 0.5036057692307693 0.6057692307692307 0.06129807692307692 0.18028846153846154
0 0.46033653846153844 0.7223557692307693 0.056490384615384616 0.11298076923076923
0 0.4651442307692308 0.8653846153846154 0.07692307692307693 0.2692307692307692
0 0.2764423076923077 0.11658653846153846 0.021634615384615384 0.05889423076923077
0 0.2692307692307692 0.11899038461538461 0.019230769230769232 0.05889423076923077
0 0.23918269230769232 0.1346153846153846 0.027644230769230768 0.10336538461538461
0 0.3125 0.20072115384615385 0.027644230769230768 0.08173076923076923