0 0.6262019230769231 0.21033653846153846 0.03485576923076923 0.11899038461538461
0 0.2668269230769231 0.2127403846153846 0.055288461538461536 0.08653846153846154
0 0.23317307692307693 0.24639423076923078 0.036057692307692304 0.13701923076923078
0 0.33774038461538464 0.25 0.040865384615384616 0.13581730769230768
0 0.203125 0.25721153846153844 0.04567307692307692 0.13942307692307693
0 0.7175480769230769 0.25841346153846156 0.04807692307692308 0.12620192307692307
0 0.2668269230769231 0.30408653846153844 0.042067307692307696 0.1310096153846154
0 0.31009615384615385 0.3088942307692308 0.04326923076923077 0.14903846153846154
0 0.7355769230769231 0.31850961538461536 0.042067307692307696 0.14423076923076922
0 0.8076923076923077 0.3293269230769231 0.04807692307692308 0.15625
0 0.21514423076923078 0.4254807692307692 0.04326923076923077 0.1658653846153846
0 0.2704326923076923 0.47716346153846156 0.06129807692307692 0.21875
0 0.13221153846153846 0.49399038461538464 0.0673076923076923 0.19230769230769232
0 0.3894230769230769 0.5276442307692307 0.027644230769230768 0.07932692307692307
0 0.4098557692307692 0.5348557692307693 0.040865384615384616 0.05048076923076923
0 0.009615384615384616 0.5829326923076923 0.019230769230769232 0.22355769230769232
0 0.09975961538461539 0.5865384615384616 0.08413461538461539 0.203125
0 0.5048076923076923 0.6081730769230769 0.06610576923076923 0.17668269230769232
0 0.056490384615384616 0.6129807692307693 0.06850961538461539 0.24639423076923078
0 0.21754807692307693 0.8161057692307693 0.07211538461538461 0.27163461538461536
0 0.18870192307692307 0.8509615384615384 0.09254807692307693 0.296875
0 0.1971153846153846 0.10576923076923077 0.03245192307692308 0.09254807692307693
0 0.671875 0.1502403846153846 0.030048076923076924 0.0985576923076923
0 0.7199519230769231 0.1622596153846154 0.06129807692307692 0.07932692307692307
0 0.28725961538461536 0.1778846153846154 0.036057692307692304 0.13581730769230768