0 0.24278846153846154 0.21514423076923078 0.040865384615384616 0.11899038461538461
0 0.20192307692307693 0.21875 0.04326923076923077 0.12139423076923077
0 0.3293269230769231 0.2283653846153846 0.038461538461538464 0.11057692307692307
0 0.2668269230769231 0.2668269230769231 0.040865384615384616 0.125
0 0.39663461538461536 0.3317307692307692 0.055288461538461536 0.171875
0 0.34615384615384615 0.33413461538461536 0.040865384615384616 0.15625
0 0.6814903846153846 0.33653846153846156 0.04326923076923077 0.11298076923076923
0 0.6550480769230769 0.39903846153846156 0.052884615384615384 0.1778846153846154
0 0.6129807692307693 0.39903846153846156 0.05048076923076923 0.19110576923076922
0 0.1971153846153846 0.41947115384615385 0.04326923076923077 0.16706730769230768
0 0.15384615384615385 0.42788461538461536 0.051682692307692304 0.16706730769230768
0 0.6838942307692307 0.4879807692307692 0.07211538461538461 0.2091346153846154
0 0.8209134615384616 0.4879807692307692 0.05048076923076923 0.21514423076923078
0 0.8966346153846154 0.5120192307692307 0.0625 0.19831730769230768
0 0.3894230769230769 0.5228365384615384 0.055288461538461536 0.05889423076923077
0 0.5036057692307693 0.6081730769230769 0.06610576923076923 0.18389423076923078
0 0.20192307692307693 0.7536057692307693 0.05889423076923077 0.15504807692307693
0 0.16826923076923078 0.8473557692307693 0.046875 0.2860576923076923
0 0.23197115384615385 0.9290865384615384 0.0985576923076923 0.14182692307692307
0 0.24278846153846154 0.10576923076923077 0.026442307692307692 0.08653846153846154
0 0.3076923076923077 0.11778846153846154 0.03125 0.07451923076923077
0 0.2127403846153846 0.125 0.026442307692307692 0.07451923076923077
0 0.18509615384615385 0.13221153846153846 0.025240384615384616 0.040865384615384616
0 0.6730769230769231 0.1502403846153846 0.03125 0.0985576923076923
0 0.7127403846153846 0.1622596153846154 0.04326923076923077 0.08653846153846154