0 0.20432692307692307 0.42788461538461536 0.0625 0.171875
0 0.3918269230769231 0.5216346153846154 0.052884615384615384 0.06129807692307692
0 0.5504807692307693 0.5504807692307693 0.05048076923076923 0.12379807692307693
0 0.6081730769230769 0.5769230769230769 0.09014423076923077 0.12980769230769232
0 0.5036057692307693 0.6057692307692307 0.06129807692307692 0.17548076923076922
0 0.8617788461538461 0.6129807692307693 0.06370192307692307 0.22355769230769232
0 0.9254807692307693 0.6442307692307693 0.0889423076923077 0.234375
0 0.4675480769230769 0.7752403846153846 0.0733173076923077 0.24278846153846154
0 0.6646634615384616 0.7776442307692307 0.07932692307692307 0.25961538461538464
0 0.7463942307692307 0.7848557692307693 0.0889423076923077 0.2608173076923077
0 0.20432692307692307 0.09975961538461539 0.026442307692307692 0.08173076923076923
0 0.26802884615384615 0.11778846153846154 0.021634615384615384 0.05889423076923077
0 0.32091346153846156 0.12139423076923077 0.027644230769230768 0.0673076923076923
0 0.7512019230769231 0.1658653846153846 0.030048076923076924 0.09735576923076923
0 0.6646634615384616 0.19591346153846154 0.037259615384615384 0.1310096153846154
0 0.6838942307692307 0.19591346153846154 0.078125 0.13701923076923078
0 0.6213942307692307 0.1971153846153846 0.037259615384615384 0.12860576923076922
0 0.7067307692307693 0.19951923076923078 0.03485576923076923 0.125
0 0.5901442307692307 0.20192307692307693 0.036057692307692304 0.1346153846153846