0 0.2283653846153846 0.2283653846153846 0.03125 0.11538461538461539
0 0.6454326923076923 0.23677884615384615 0.04807692307692308 0.12980769230769232
0 0.3425480769230769 0.2439903846153846 0.040865384615384616 0.11899038461538461
0 0.3918269230769231 0.26802884615384615 0.052884615384615384 0.1502403846153846
0 0.4375 0.2692307692307692 0.04807692307692308 0.14182692307692307
0 0.30288461538461536 0.2848557692307692 0.046875 0.1466346153846154
0 0.7223557692307693 0.29086538461538464 0.056490384615384616 0.14182692307692307
0 0.2620192307692308 0.2932692307692308 0.040865384615384616 0.140625
0 0.7487980769230769 0.34375 0.046875 0.171875
0 0.8149038461538461 0.35336538461538464 0.04567307692307692 0.16706730769230768
0 0.2091346153846154 0.3786057692307692 0.038461538461538464 0.15264423076923078
0 0.04567307692307692 0.5216346153846154 0.052884615384615384 0.14182692307692307
0 0.3894230769230769 0.5228365384615384 0.057692307692307696 0.06129807692307692
0 0.21754807692307693 0.5564903846153846 0.0625 0.2283653846153846
0 0.5048076923076923 0.6057692307692307 0.06610576923076923 0.18389423076923078
0 0.06971153846153846 0.7067307692307693 0.05889423076923077 0.23918269230769232
0 0.02403846153846154 0.7067307692307693 0.04807692307692308 0.23557692307692307
0 0.20432692307692307 0.7367788461538461 0.037259615384615384 0.1141826923076923
0 0.18990384615384615 0.8557692307692307 0.09014423076923077 0.28725961538461536
0 0.3004807692307692 0.09735576923076923 0.025240384615384616 0.0625
0 0.20072115384615385 0.10336538461538461 0.021634615384615384 0.0829326923076923
0 0.3449519230769231 0.11177884615384616 0.025240384615384616 0.04807692307692308
0 0.6730769230769231 0.15264423076923078 0.03245192307692308 0.09735576923076923
0 0.3473557692307692 0.15985576923076922 0.038461538461538464 0.06370192307692307
0 0.7151442307692307 0.1658653846153846 0.057692307692307696 0.09735576923076923
0 0.3004807692307692 0.16826923076923078 0.03245192307692308 0.08774038461538461
0 0.25600961538461536 0.1971153846153846 0.020432692307692308 0.08173076923076923