0 0.2848557692307692 0.23317307692307693 0.042067307692307696 0.11778846153846154
0 0.6935096153846154 0.23677884615384615 0.036057692307692304 0.13581730769230768
0 0.7463942307692307 0.24278846153846154 0.038461538461538464 0.125
0 0.3161057692307692 0.2668269230769231 0.037259615384615384 0.07451923076923077
0 0.4230769230769231 0.36899038461538464 0.052884615384615384 0.1814903846153846
0 0.39783653846153844 0.38461538461538464 0.04807692307692308 0.1778846153846154
0 0.35336538461538464 0.38822115384615385 0.05048076923076923 0.1778846153846154
0 0.14543269230769232 0.3894230769230769 0.051682692307692304 0.09975961538461539
0 0.25721153846153844 0.3918269230769231 0.04807692307692308 0.16706730769230768
0 0.7367788461538461 0.40024038461538464 0.0673076923076923 0.171875
0 0.09495192307692307 0.46634615384615385 0.052884615384615384 0.171875
0 0.1502403846153846 0.4987980769230769 0.04567307692307692 0.19110576923076922
0 0.21995192307692307 0.5036057692307693 0.06610576923076923 0.19230769230769232
0 0.3870192307692308 0.5168269230769231 0.037259615384615384 0.0673076923076923
0 0.4050480769230769 0.5300480769230769 0.02403846153846154 0.04326923076923077
0 0.3629807692307692 0.056490384615384616 0.02403846153846154 0.06129807692307692
0 0.5036057692307693 0.609375 0.06850961538461539 0.18389423076923078
0 0.04927884615384615 0.7067307692307693 0.06370192307692307 0.2127403846153846
0 0.21995192307692307 0.8137019230769231 0.0673076923076923 0.24879807692307693
0 0.19110576923076922 0.8485576923076923 0.09375 0.30288461538461536
0 0.1875 0.09975961538461539 0.030048076923076924 0.06610576923076923
0 0.671875 0.14783653846153846 0.03245192307692308 0.09254807692307693
0 0.7427884615384616 0.15504807692307693 0.03245192307692308 0.08774038461538461
0 0.29086538461538464 0.15625 0.03245192307692308 0.109375
0 0.20793269230769232 0.15985576923076922 0.036057692307692304 0.10576923076923077
0 0.33413461538461536 0.16466346153846154 0.038461538461538464 0.11298076923076923