0 0.6802884615384616 0.22235576923076922 0.037259615384615384 0.11778846153846154
0 0.35336538461538464 0.23798076923076922 0.051682692307692304 0.1466346153846154
0 0.26802884615384615 0.23798076923076922 0.038461538461538464 0.12980769230769232
0 0.6598557692307693 0.24278846153846154 0.04326923076923077 0.1346153846153846
0 0.6213942307692307 0.24278846153846154 0.037259615384615384 0.1310096153846154
0 0.2283653846153846 0.2536057692307692 0.037259615384615384 0.11899038461538461
0 0.39302884615384615 0.5228365384615384 0.05889423076923077 0.05889423076923077
0 0.5048076923076923 0.609375 0.06850961538461539 0.1814903846153846
0 0.3545673076923077 0.06850961538461539 0.026442307692307692 0.078125
0 0.20552884615384615 0.6875 0.078125 0.18629807692307693
0 0.18389423076923078 0.8317307692307693 0.07932692307692307 0.2536057692307692
0 0.24158653846153846 0.8689903846153846 0.0889423076923077 0.2608173076923077
0 0.8197115384615384 0.9230769230769231 0.10817307692307693 0.15264423076923078
0 0.18870192307692307 0.10576923076923077 0.03245192307692308 0.09014423076923077
0 0.30288461538461536 0.11298076923076923 0.042067307692307696 0.08774038461538461
0 0.5817307692307693 0.14302884615384615 0.027644230769230768 0.08173076923076923
0 0.6682692307692307 0.14423076923076922 0.026442307692307692 0.07932692307692307