0 0.33653846153846156 0.21033653846153846 0.046875 0.11778846153846154
0 0.28846153846153844 0.22235576923076922 0.03245192307692308 0.07451923076923077
0 0.1622596153846154 0.23557692307692307 0.03245192307692308 0.1346153846153846
0 0.6826923076923077 0.23557692307692307 0.055288461538461536 0.1502403846153846
0 0.21995192307692307 0.23677884615384615 0.03125 0.11899038461538461
0 0.1935096153846154 0.24158653846153846 0.03125 0.1346153846153846
0 0.4387019230769231 0.2439903846153846 0.04807692307692308 0.11778846153846154
0 0.6346153846153846 0.2512019230769231 0.03485576923076923 0.1466346153846154
0 0.40384615384615385 0.2536057692307692 0.056490384615384616 0.13701923076923078
0 0.30408653846153844 0.38100961538461536 0.04326923076923077 0.19230769230769232
0 0.25600961538461536 0.39302884615384615 0.042067307692307696 0.21153846153846154
0 0.17668269230769232 0.4254807692307692 0.06971153846153846 0.21875
0 0.3918269230769231 0.5132211538461539 0.02403846153846154 0.06129807692307692
0 0.4110576923076923 0.5348557692307693 0.030048076923076924 0.05048076923076923
0 0.7115384615384616 0.5444711538461539 0.05889423076923077 0.23557692307692307
0 0.7692307692307693 0.5444711538461539 0.0673076923076923 0.2439903846153846
0 0.5096153846153846 0.6165865384615384 0.05889423076923077 0.20793269230769232
0 0.2091346153846154 0.8221153846153846 0.051682692307692304 0.24639423076923078
0 0.6105769230769231 0.8497596153846154 0.09014423076923077 0.2980769230769231
0 0.18629807692307693 0.8509615384615384 0.04326923076923077 0.27403846153846156
0 0.7980769230769231 0.8725961538461539 0.09254807692307693 0.2548076923076923
0 0.7283653846153846 0.890625 0.08653846153846154 0.21875
0 0.9158653846153846 0.9182692307692307 0.07451923076923077 0.1622596153846154
0 0.9771634615384616 0.9387019230769231 0.04567307692307692 0.12139423076923077
0 0.19591346153846154 0.125 0.040865384615384616 0.09254807692307693
0 0.6322115384615384 0.13701923076923078 0.038461538461538464 0.08173076923076923
0 0.22956730769230768 0.15504807692307693 0.030048076923076924 0.08173076923076923
0 0.6790865384615384 0.15504807692307693 0.037259615384615384 0.07692307692307693