0 0.24639423076923078 0.21634615384615385 0.037259615384615384 0.12980769230769232
0 0.6887019230769231 0.21754807692307693 0.040865384615384616 0.12139423076923077
0 0.7512019230769231 0.22115384615384615 0.042067307692307696 0.1310096153846154
0 0.4375 0.3137019230769231 0.04567307692307692 0.15264423076923078
0 0.18870192307692307 0.35336538461538464 0.030048076923076924 0.08173076923076923
0 0.4206730769230769 0.35336538461538464 0.052884615384615384 0.1622596153846154
0 0.3737980769230769 0.35697115384615385 0.051682692307692304 0.16346153846153846
0 0.1502403846153846 0.4026442307692308 0.055288461538461536 0.14182692307692307
0 0.2439903846153846 0.42908653846153844 0.057692307692307696 0.18389423076923078
0 0.2091346153846154 0.43149038461538464 0.03485576923076923 0.171875
0 0.29086538461538464 0.4411057692307692 0.05889423076923077 0.1971153846153846
0 0.7572115384615384 0.45072115384615385 0.06370192307692307 0.1778846153846154
0 0.3942307692307692 0.5228365384615384 0.03245192307692308 0.0673076923076923
0 0.4074519230769231 0.5372596153846154 0.037259615384615384 0.0625
0 0.12740384615384615 0.5588942307692307 0.03485576923076923 0.21514423076923078
0 0.17427884615384615 0.5793269230769231 0.06610576923076923 0.22235576923076922
0 0.5036057692307693 0.609375 0.06610576923076923 0.1814903846153846
0 0.21394230769230768 0.8100961538461539 0.06129807692307692 0.24639423076923078
0 0.19110576923076922 0.8473557692307693 0.09254807692307693 0.30288461538461536
0 0.18509615384615385 0.12259615384615384 0.037259615384615384 0.11298076923076923
0 0.25721153846153844 0.14903846153846154 0.025240384615384616 0.10336538461538461
0 0.6706730769230769 0.14903846153846154 0.030048076923076924 0.09735576923076923
0 0.7716346153846154 0.15504807692307693 0.038461538461538464 0.11538461538461539
0 0.2764423076923077 0.1658653846153846 0.03125 0.1045673076923077