0 0.8100961538461539 0.30288461538461536 0.05048076923076923 0.1502403846153846
0 0.5661057692307693 0.49399038461538464 0.030048076923076924 0.05889423076923077
0 0.39302884615384615 0.5216346153846154 0.057692307692307696 0.05889423076923077
0 0.6153846153846154 0.5853365384615384 0.08173076923076923 0.12139423076923077
0 0.5036057692307693 0.6069711538461539 0.06129807692307692 0.18028846153846154
0 0.8605769230769231 0.8341346153846154 0.0829326923076923 0.2800480769230769
0 0.7776442307692307 0.8497596153846154 0.08653846153846154 0.27163461538461536
0 0.4483173076923077 0.8605769230769231 0.08774038461538461 0.2776442307692308
0 0.1971153846153846 0.08774038461538461 0.03245192307692308 0.0985576923076923
0 0.27884615384615385 0.11538461538461539 0.025240384615384616 0.06129807692307692
0 0.6105769230769231 0.11899038461538461 0.026442307692307692 0.04807692307692308
0 0.31850961538461536 0.12139423076923077 0.03125 0.0673076923076923
0 0.6177884615384616 0.1658653846153846 0.038461538461538464 0.09975961538461539