0 0.19471153846153846 0.2247596153846154 0.042067307692307696 0.11538461538461539
0 0.36899038461538464 0.2512019230769231 0.04567307692307692 0.1778846153846154
0 0.28365384615384615 0.2536057692307692 0.046875 0.15504807692307693
0 0.3269230769230769 0.25721153846153844 0.036057692307692304 0.10096153846153846
0 0.6382211538461539 0.27163461538461536 0.04326923076923077 0.171875
0 0.6887019230769231 0.27524038461538464 0.051682692307692304 0.15625
0 0.20673076923076922 0.37740384615384615 0.046875 0.109375
0 0.2668269230769231 0.4230769230769231 0.07211538461538461 0.18389423076923078
0 0.1875 0.49038461538461536 0.0673076923076923 0.2283653846153846
0 0.3918269230769231 0.5120192307692307 0.03485576923076923 0.037259615384615384
0 0.4098557692307692 0.5324519230769231 0.03125 0.046875
0 0.5132211538461539 0.6057692307692307 0.08413461538461539 0.1778846153846154
0 0.7259615384615384 0.6117788461538461 0.06610576923076923 0.23076923076923078
0 0.7872596153846154 0.6129807692307693 0.0625 0.2548076923076923
0 0.21514423076923078 0.8197115384615384 0.055288461538461536 0.2439903846153846
0 0.8870192307692307 0.828125 0.0673076923076923 0.16826923076923078
0 0.18629807692307693 0.8557692307692307 0.04326923076923077 0.2776442307692308
0 0.7331730769230769 0.8605769230769231 0.056490384615384616 0.2776442307692308
0 0.7956730769230769 0.8822115384615384 0.057692307692307696 0.234375
0 0.9627403846153846 0.890625 0.07211538461538461 0.21875
0 0.6346153846153846 0.9254807692307693 0.078125 0.14903846153846154
0 0.8834134615384616 0.9375 0.0889423076923077 0.125
0 0.29927884615384615 0.11298076923076923 0.037259615384615384 0.0733173076923077
0 0.1935096153846154 0.14783653846153846 0.027644230769230768 0.07211538461538461
0 0.5877403846153846 0.1502403846153846 0.036057692307692304 0.11057692307692307
0 0.3293269230769231 0.15384615384615385 0.046875 0.12139423076923077
0 0.6550480769230769 0.16466346153846154 0.08173076923076923 0.1045673076923077
0 0.23076923076923078 0.17548076923076922 0.036057692307692304 0.140625
0 0.24879807692307693 0.19110576923076922 0.03485576923076923 0.109375