0 0.5661057692307693 0.2800480769230769 0.12379807692307693 0.5372596153846154
0 0.9411057692307693 0.31971153846153844 0.11778846153846154 0.24879807692307693
0 0.3942307692307692 0.3245192307692308 0.15264423076923078 0.3076923076923077
0 0.25721153846153844 0.33653846153846156 0.12139423076923077 0.2247596153846154
0 0.0673076923076923 0.3762019230769231 0.12620192307692307 0.3918269230769231
0 0.9603365384615384 0.38221153846153844 0.07932692307692307 0.3557692307692308
0 0.5132211538461539 0.4362980769230769 0.12139423076923077 0.21153846153846154
0 0.8293269230769231 0.4495192307692308 0.16346153846153846 0.39663461538461536
0 0.26322115384615385 0.46033653846153844 0.18629807692307693 0.44350961538461536
0 0.5372596153846154 0.4723557692307692 0.18269230769230768 0.28725961538461536
0 0.07211538461538461 0.5913461538461539 0.14182692307692307 0.7956730769230769
0 0.18990384615384615 0.6213942307692307 0.375 0.7259615384615384
0 0.7403846153846154 0.6237980769230769 0.2548076923076923 0.7427884615384616
0 0.4579326923076923 0.703125 0.2956730769230769 0.59375
0 0.8870192307692307 0.7776442307692307 0.22235576923076922 0.44350961538461536
0 0.6213942307692307 0.8040865384615384 0.40024038461538464 0.390625
0 0.7848557692307693 0.23076923076923078 0.10096153846153846 0.15264423076923078
0 0.8377403846153846 0.265625 0.11538461538461539 0.24278846153846154
0 0.6887019230769231 0.265625 0.12860576923076922 0.296875
0 0.9567307692307693 0.2668269230769231 0.0829326923076923 0.14903846153846154