0 0.6899038461538461 0.3401442307692308 0.10817307692307693 0.2439903846153846
0 0.7932692307692307 0.36538461538461536 0.12860576923076922 0.2536057692307692
0 0.9050480769230769 0.36778846153846156 0.1310096153846154 0.3161057692307692
0 0.9831730769230769 0.36778846153846156 0.03245192307692308 0.21995192307692307
0 0.3894230769230769 0.38461538461538464 0.07932692307692307 0.28846153846153844
0 0.13221153846153846 0.3870192307692308 0.1310096153846154 0.3293269230769231
0 0.27283653846153844 0.3918269230769231 0.1201923076923077 0.2439903846153846
0 0.5600961538461539 0.40865384615384615 0.11057692307692307 0.3016826923076923
0 0.027644230769230768 0.4230769230769231 0.055288461538461536 0.23798076923076922
0 0.16826923076923078 0.4326923076923077 0.052884615384615384 0.13701923076923078
0 0.44711538461538464 0.4795673076923077 0.1502403846153846 0.3329326923076923
0 0.9795673076923077 0.5048076923076923 0.040865384615384616 0.22596153846153846
0 0.9182692307692307 0.5084134615384616 0.11899038461538461 0.21514423076923078
0 0.3389423076923077 0.5324519230769231 0.0985576923076923 0.28125
0 0.6286057692307693 0.5817307692307693 0.11778846153846154 0.32211538461538464
0 0.5733173076923077 0.6310096153846154 0.0829326923076923 0.14543269230769232
0 0.6177884615384616 0.7199519230769231 0.12980769230769232 0.5504807692307693
0 0.8257211538461539 0.7271634615384616 0.14182692307692307 0.5456730769230769
0 0.8954326923076923 0.7355769230769231 0.171875 0.5276442307692307
0 0.7740384615384616 0.7391826923076923 0.109375 0.5144230769230769
0 0.3954326923076923 0.7427884615384616 0.125 0.4326923076923077
0 0.26802884615384615 0.75 0.13221153846153846 0.5
0 0.7199519230769231 0.7644230769230769 0.140625 0.46875
0 0.5769230769230769 0.7668269230769231 0.1141826923076923 0.46153846153846156
0 0.5072115384615384 0.7680288461538461 0.1971153846153846 0.45913461538461536
0 0.140625 0.7680288461538461 0.15144230769230768 0.4639423076923077
0 0.037259615384615384 0.7848557692307693 0.0733173076923077 0.39903846153846156