0 0.7151442307692307 0.2247596153846154 0.109375 0.27524038461538464
0 0.03485576923076923 0.23918269230769232 0.06971153846153846 0.2956730769230769
0 0.45913461538461536 0.040865384615384616 0.07211538461538461 0.078125
0 0.6418269230769231 0.5396634615384616 0.20432692307692307 0.9134615384615384
0 0.13221153846153846 0.5432692307692307 0.19471153846153846 0.9122596153846154
0 0.3076923076923077 0.5625 0.20192307692307693 0.8449519230769231
0 0.47836538461538464 0.5649038461538461 0.21514423076923078 0.8293269230769231
0 0.8028846153846154 0.5685096153846154 0.17668269230769232 0.8341346153846154
0 0.9230769230769231 0.5697115384615384 0.15264423076923078 0.8233173076923077
0 0.5769230769230769 0.0673076923076923 0.09014423076923077 0.1346153846153846
0 0.8918269230769231 0.078125 0.09975961538461539 0.15264423076923078
0 0.6274038461538461 0.09375 0.0733173076923077 0.1045673076923077
0 0.06129807692307692 0.10096153846153846 0.078125 0.1502403846153846
0 0.3161057692307692 0.11538461538461539 0.16105769230769232 0.22596153846153846
0 0.8317307692307693 0.1310096153846154 0.15745192307692307 0.2608173076923077
0 0.4963942307692308 0.15865384615384615 0.06850961538461539 0.12379807692307693
0 0.19951923076923078 0.18509615384615385 0.12379807692307693 0.33413461538461536