0 0.008413461538461538 0.27524038461538464 0.016826923076923076 0.10096153846153846
0 0.04567307692307692 0.28846153846153844 0.04807692307692308 0.09254807692307693
0 0.171875 0.31490384615384615 0.0625 0.11298076923076923
0 0.08413461538461539 0.3293269230769231 0.05048076923076923 0.10576923076923077
0 0.41947115384615385 0.35697115384615385 0.037259615384615384 0.0985576923076923
0 0.14423076923076922 0.3737980769230769 0.037259615384615384 0.09495192307692307
0 0.38221153846153844 0.375 0.025240384615384616 0.07692307692307693
0 0.5084134615384616 0.3870192307692308 0.046875 0.10096153846153846
0 0.5901442307692307 0.3870192307692308 0.0625 0.09495192307692307
0 0.4543269230769231 0.3894230769230769 0.04326923076923077 0.09975961538461539
0 0.35096153846153844 0.4110576923076923 0.03125 0.055288461538461536
0 0.11538461538461539 0.42788461538461536 0.07211538461538461 0.1622596153846154
0 0.7680288461538461 0.44350961538461536 0.06370192307692307 0.09975961538461539
0 0.7055288461538461 0.45552884615384615 0.08173076923076923 0.15144230769230768
0 0.9050480769230769 0.4723557692307692 0.037259615384615384 0.06971153846153846
0 0.8605769230769231 0.47475961538461536 0.037259615384615384 0.11778846153846154
0 0.07091346153846154 0.5084134615384616 0.140625 0.36778846153846156
0 0.7800480769230769 0.5276442307692307 0.05889423076923077 0.11899038461538461
0 0.9254807692307693 0.5480769230769231 0.11778846153846154 0.1622596153846154
0 0.6189903846153846 0.5673076923076923 0.12139423076923077 0.21875
0 0.25721153846153844 0.6009615384615384 0.27524038461538464 0.5060096153846154
0 0.49399038461538464 0.6057692307692307 0.21875 0.2956730769230769
0 0.7572115384615384 0.625 0.15144230769230768 0.21995192307692307