0 0.5865384615384616 0.27403846153846156 0.2764423076923077 0.4879807692307692
0 0.036057692307692304 0.32091346153846156 0.07211538461538461 0.2848557692307692
0 0.15504807692307693 0.38100961538461536 0.14543269230769232 0.296875
0 0.5745192307692307 0.44350961538461536 0.23557692307692307 0.4375
0 0.34375 0.4543269230769231 0.2091346153846154 0.45913461538461536
0 0.9483173076923077 0.4831730769230769 0.10336538461538461 0.4254807692307692
0 0.78125 0.5877403846153846 0.25600961538461536 0.7283653846153846
0 0.44711538461538464 0.7007211538461539 0.1502403846153846 0.265625
0 0.16105769230769232 0.7379807692307693 0.32211538461538464 0.5192307692307693
0 0.6754807692307693 0.8100961538461539 0.40865384615384615 0.3798076923076923
0 0.9423076923076923 0.8305288461538461 0.11538461538461539 0.2860576923076923
0 0.140625 0.859375 0.28125 0.2800480769230769
0 0.11899038461538461 0.12860576923076922 0.14543269230769232 0.234375
0 0.28846153846153844 0.1310096153846154 0.12980769230769232 0.25961538461538464
0 0.9134615384615384 0.13822115384615385 0.17307692307692307 0.2764423076923077
0 0.6887019230769231 0.13942307692307693 0.1466346153846154 0.27884615384615385
0 0.4543269230769231 0.14903846153846154 0.11778846153846154 0.2283653846153846
0 0.8257211538461539 0.16947115384615385 0.18028846153846154 0.25961538461538464