0 0.20432692307692307 0.19110576923076922 0.056490384615384616 0.06129807692307692
0 0.03365384615384615 0.19471153846153846 0.038461538461538464 0.0733173076923077
0 0.3870192307692308 0.1971153846153846 0.021634615384615384 0.055288461538461536
0 0.6658653846153846 0.20673076923076922 0.04326923076923077 0.0733173076923077
0 0.26802884615384615 0.21153846153846154 0.04326923076923077 0.109375
0 0.30288461538461536 0.21754807692307693 0.038461538461538464 0.06971153846153846
0 0.49759615384615385 0.21995192307692307 0.037259615384615384 0.0673076923076923
0 0.7139423076923077 0.22355769230769232 0.055288461538461536 0.10817307692307693
0 0.5817307692307693 0.23557692307692307 0.03245192307692308 0.057692307692307696
0 0.6141826923076923 0.24278846153846154 0.042067307692307696 0.06850961538461539
0 0.796875 0.2548076923076923 0.06129807692307692 0.14543269230769232
0 0.5432692307692307 0.2800480769230769 0.08413461538461539 0.1778846153846154
0 0.0829326923076923 0.3317307692307692 0.13581730769230768 0.2620192307692308
0 0.027644230769230768 0.3317307692307692 0.055288461538461536 0.203125
0 0.9447115384615384 0.3425480769230769 0.11057692307692307 0.23918269230769232
0 0.6177884615384616 0.3737980769230769 0.1346153846153846 0.30649038461538464
0 0.7175480769230769 0.38461538461538464 0.20432692307692307 0.30288461538461536
0 0.20793269230769232 0.3918269230769231 0.20192307692307693 0.34975961538461536
0 0.3641826923076923 0.4206730769230769 0.1466346153846154 0.40625
0 0.49158653846153844 0.6081730769230769 0.23918269230769232 0.6971153846153846
0 0.8377403846153846 0.6177884615384616 0.3233173076923077 0.7259615384615384