0 0.6598557692307693 0.4723557692307692 0.056490384615384616 0.11899038461538461
0 0.30649038461538464 0.47596153846153844 0.055288461538461536 0.13701923076923078
0 0.5048076923076923 0.4879807692307692 0.05048076923076923 0.20432692307692307
0 0.5564903846153846 0.4879807692307692 0.057692307692307696 0.19471153846153846
0 0.6033653846153846 0.4879807692307692 0.04326923076923077 0.15745192307692307
0 0.234375 0.5012019230769231 0.027644230769230768 0.15745192307692307
0 0.4699519230769231 0.5036057692307693 0.04326923076923077 0.1814903846153846
0 0.40384615384615385 0.5060096153846154 0.0625 0.17668269230769232
0 0.27403846153846156 0.5084134615384616 0.10817307692307693 0.203125
0 0.6490384615384616 0.5192307692307693 0.04326923076923077 0.055288461538461536
0 0.5276442307692307 0.5564903846153846 0.055288461538461536 0.07211538461538461
0 0.7007211538461539 0.5564903846153846 0.04326923076923077 0.09735576923076923
0 0.3581730769230769 0.5769230769230769 0.04567307692307692 0.10576923076923077
0 0.2692307692307692 0.5889423076923077 0.037259615384615384 0.10336538461538461
0 0.4254807692307692 0.5901442307692307 0.042067307692307696 0.0889423076923077
0 0.3112980769230769 0.6045673076923077 0.046875 0.12139423076923077
0 0.8052884615384616 0.6177884615384616 0.08173076923076923 0.17668269230769232
0 0.1466346153846154 0.6262019230769231 0.07932692307692307 0.43028846153846156
0 0.75 0.6310096153846154 0.09254807692307693 0.19951923076923078
0 0.47475961538461536 0.6442307692307693 0.052884615384615384 0.16105769230769232
0 0.5949519230769231 0.6622596153846154 0.0985576923076923 0.18269230769230768
0 0.6670673076923077 0.6730769230769231 0.09975961538461539 0.25600961538461536
0 0.9314903846153846 0.7067307692307693 0.13701923076923078 0.3629807692307692
0 0.3942307692307692 0.7079326923076923 0.10576923076923077 0.22355769230769232
0 0.23798076923076922 0.7752403846153846 0.1141826923076923 0.3016826923076923
0 0.5456730769230769 0.8088942307692307 0.20673076923076922 0.38100961538461536
0 0.3329326923076923 0.8305288461538461 0.20673076923076922 0.3389423076923077