0 0.5168269230769231 0.4963942307692308 0.036057692307692304 0.08173076923076923
0 0.4639423076923077 0.5576923076923077 0.08653846153846154 0.25721153846153844
0 0.30288461538461536 0.5949519230769231 0.07211538461538461 0.3125
0 0.7259615384615384 0.6045673076923077 0.04807692307692308 0.109375
0 0.9435096153846154 0.6081730769230769 0.05889423076923077 0.10096153846153846
0 0.06971153846153846 0.6189903846153846 0.08653846153846154 0.1814903846153846
0 0.8365384615384616 0.6550480769230769 0.046875 0.10576923076923077
0 0.9038461538461539 0.6598557692307693 0.03245192307692308 0.1141826923076923
0 0.8786057692307693 0.6622596153846154 0.037259615384615384 0.13701923076923078
0 0.9326923076923077 0.6682692307692307 0.038461538461538464 0.05889423076923077
0 0.015625 0.6971153846153846 0.03125 0.11298076923076923
0 0.7271634615384616 0.7415865384615384 0.09375 0.14903846153846154
0 0.5480769230769231 0.7427884615384616 0.06971153846153846 0.09975961538461539
0 0.12379807692307693 0.7632211538461539 0.10817307692307693 0.21153846153846154
0 0.9495192307692307 0.7776442307692307 0.0985576923076923 0.16706730769230768
0 0.4362980769230769 0.7836538461538461 0.08774038461538461 0.2283653846153846
0 0.27403846153846156 0.8209134615384616 0.0625 0.3125
0 0.6298076923076923 0.8461538461538461 0.057692307692307696 0.3076923076923077
0 0.8028846153846154 0.8509615384615384 0.13581730769230768 0.2932692307692308
0 0.04807692307692308 0.8557692307692307 0.09495192307692307 0.2824519230769231
0 0.1778846153846154 0.8569711538461539 0.16706730769230768 0.2776442307692308
0 0.41346153846153844 0.8629807692307693 0.1658653846153846 0.2704326923076923
0 0.2860576923076923 0.8762019230769231 0.2608173076923077 0.24519230769230768
0 0.5288461538461539 0.8942307692307693 0.1045673076923077 0.21153846153846154