0 0.1971153846153846 0.5192307692307693 0.0733173076923077 0.6346153846153846
0 0.07692307692307693 0.5552884615384616 0.12379807692307693 0.7355769230769231
0 0.9495192307692307 0.5817307692307693 0.09975961538461539 0.7644230769230769
0 0.3004807692307692 0.6826923076923077 0.1502403846153846 0.5300480769230769
0 0.7896634615384616 0.6899038461538461 0.1875 0.6201923076923077
0 0.484375 0.7007211538461539 0.15144230769230768 0.5985576923076923
0 0.609375 0.7007211538461539 0.12259615384615384 0.5985576923076923
0 0.8533653846153846 0.16346153846153846 0.06370192307692307 0.125
0 0.27163461538461536 0.18509615384615385 0.052884615384615384 0.11538461538461539
0 0.5396634615384616 0.18990384615384615 0.046875 0.125
0 0.9122596153846154 0.19230769230769232 0.046875 0.11538461538461539
0 0.328125 0.20192307692307693 0.046875 0.10096153846153846
0 0.6418269230769231 0.21153846153846154 0.038461538461538464 0.1622596153846154
0 0.3786057692307692 0.21875 0.046875 0.08774038461538461
0 0.4254807692307692 0.22115384615384615 0.05048076923076923 0.09735576923076923
0 0.48197115384615385 0.22355769230769232 0.046875 0.12980769230769232
0 0.7572115384615384 0.23557692307692307 0.0733173076923077 0.13942307692307693
0 0.12379807692307693 0.25240384615384615 0.0673076923076923 0.17307692307692307
0 0.2512019230769231 0.27163461538461536 0.05048076923076923 0.10576923076923077
0 0.6935096153846154 0.28846153846153844 0.0829326923076923 0.18269230769230768
0 0.34134615384615385 0.3004807692307692 0.0733173076923077 0.11538461538461539
0 0.5925480769230769 0.31971153846153844 0.1141826923076923 0.22596153846153846
0 0.8365384615384616 0.40384615384615385 0.10817307692307693 0.4855769230769231