0 0.06129807692307692 0.2776442307692308 0.0673076923076923 0.15504807692307693
0 0.6334134615384616 0.2848557692307692 0.07451923076923077 0.16105769230769232
0 0.44711538461538464 0.28846153846153844 0.052884615384615384 0.1502403846153846
0 0.5348557692307693 0.29086538461538464 0.07451923076923077 0.109375
0 0.35096153846153844 0.2932692307692308 0.06129807692307692 0.17307692307692307
0 0.12379807692307693 0.3004807692307692 0.0673076923076923 0.11778846153846154
0 0.8677884615384616 0.3112980769230769 0.06610576923076923 0.1622596153846154
0 0.8028846153846154 0.31850961538461536 0.0625 0.18870192307692307
0 0.9567307692307693 0.31850961538461536 0.08653846153846154 0.20793269230769232
0 0.20192307692307693 0.33413461538461536 0.0625 0.1502403846153846
0 0.29086538461538464 0.40865384615384615 0.12980769230769232 0.27163461538461536
0 0.4050480769230769 0.44350961538461536 0.140625 0.27403846153846156
0 0.5348557692307693 0.44471153846153844 0.1141826923076923 0.2644230769230769
0 0.9314903846153846 0.49278846153846156 0.13701923076923078 0.3485576923076923
0 0.7163461538461539 0.5120192307692307 0.12139423076923077 0.3798076923076923
0 0.03245192307692308 0.5372596153846154 0.0625 0.4230769230769231
0 0.8161057692307693 0.057692307692307696 0.016826923076923076 0.07451923076923077
0 0.10096153846153846 0.5709134615384616 0.1201923076923077 0.44711538461538464
0 0.24278846153846154 0.6105769230769231 0.13221153846153846 0.4230769230769231
0 0.7704326923076923 0.06129807692307692 0.026442307692307692 0.09495192307692307
0 0.7956730769230769 0.06610576923076923 0.027644230769230768 0.09014423076923077
0 0.8822115384615384 0.06610576923076923 0.046875 0.0985576923076923
0 0.6995192307692307 0.07091346153846154 0.021634615384615384 0.08653846153846154
0 0.9206730769230769 0.07091346153846154 0.020432692307692308 0.10336538461538461
0 0.7211538461538461 0.07091346153846154 0.02403846153846154 0.09014423076923077
0 0.8064903846153846 0.7043269230769231 0.3858173076923077 0.5877403846153846
0 0.9471153846153846 0.0733173076923077 0.036057692307692304 0.055288461538461536
0 0.5060096153846154 0.7632211538461539 0.18389423076923078 0.4735576923076923
0 0.9675480769230769 0.15865384615384615 0.027644230769230768 0.0673076923076923
0 0.11538461538461539 0.15985576923076922 0.03485576923076923 0.07451923076923077
0 0.4423076923076923 0.16826923076923078 0.038461538461538464 0.09014423076923077
0 0.7019230769230769 0.1875 0.04567307692307692 0.08774038461538461
0 0.8245192307692307 0.1875 0.07932692307692307 0.10576923076923077
0 0.19230769230769232 0.18990384615384615 0.040865384615384616 0.07451923076923077
0 0.9230769230769231 0.19471153846153846 0.055288461538461536 0.08653846153846154
0 0.1346153846153846 0.19471153846153846 0.040865384615384616 0.057692307692307696
0 0.7584134615384616 0.21514423076923078 0.057692307692307696 0.13701923076923078
0 0.5396634615384616 0.21995192307692307 0.07451923076923077 0.12980769230769232
0 0.39903846153846156 0.22716346153846154 0.042067307692307696 0.1141826923076923
0 0.1658653846153846 0.2283653846153846 0.052884615384615384 0.09495192307692307
0 0.4675480769230769 0.23317307692307693 0.055288461538461536 0.10336538461538461
0 0.7247596153846154 0.2548076923076923 0.06610576923076923 0.125