0 0.6862980769230769 0.5168269230769231 0.45552884615384615 0.7295673076923077
0 0.20673076923076922 0.4795673076923077 0.34975961538461536 0.7439903846153846
0 0.8641826923076923 0.25721153846153844 0.10817307692307693 0.4735576923076923
0 0.3245192307692308 0.25721153846153844 0.12740384615384615 0.3629807692307692
0 0.5709134615384616 0.1346153846153846 0.10216346153846154 0.18629807692307693
0 0.6237980769230769 0.11778846153846154 0.12379807692307693 0.23557692307692307
0 0.22355769230769232 0.14182692307692307 0.10216346153846154 0.1658653846153846
0 0.03485576923076923 0.18389423076923078 0.06971153846153846 0.35336538461538464
0 0.9567307692307693 0.28846153846153844 0.08173076923076923 0.390625
0 0.7415865384615384 0.12980769230769232 0.09254807692307693 0.25961538461538464
0 0.8064903846153846 0.09134615384615384 0.055288461538461536 0.18269230769230768
0 0.3870192307692308 0.13701923076923078 0.08173076923076923 0.27283653846153844
0 0.3076923076923077 0.055288461538461536 0.08052884615384616 0.11057692307692307
0 0.24879807692307693 0.09014423076923077 0.06610576923076923 0.18028846153846154
0 0.16826923076923078 0.10216346153846154 0.08774038461538461 0.20432692307692307