0 0.5096153846153846 0.6875 0.3317307692307692 0.5649038461538461
0 0.7151442307692307 0.7908653846153846 0.2620192307692308 0.41346153846153844
0 0.5384615384615384 0.7680288461538461 0.2620192307692308 0.45913461538461536
0 0.140625 0.6418269230769231 0.24639423076923078 0.6802884615384616
0 0.22355769230769232 0.6358173076923077 0.20192307692307693 0.5841346153846154
0 0.3545673076923077 0.37259615384615385 0.06971153846153846 0.1310096153846154
0 0.6694711538461539 0.4855769230769231 0.16947115384615385 0.36778846153846156
0 0.6766826923076923 0.35216346153846156 0.1141826923076923 0.2512019230769231
0 0.3485576923076923 0.6490384615384616 0.22596153846153846 0.6586538461538461
0 0.3137019230769231 0.2980769230769231 0.07211538461538461 0.12259615384615384
0 0.44350961538461536 0.35336538461538464 0.06009615384615385 0.19951923076923078
0 0.5625 0.40625 0.14783653846153846 0.3173076923076923
0 0.5925480769230769 0.30288461538461536 0.03365384615384615 0.09375