0 0.7884615384615384 0.7091346153846154 0.042067307692307696 0.1658653846153846
0 0.6730769230769231 0.7163461538461539 0.03365384615384615 0.1310096153846154
0 0.7271634615384616 0.7127403846153846 0.04567307692307692 0.15745192307692307
0 0.734375 0.703125 0.04807692307692308 0.13581730769230768
0 0.9651442307692307 0.6586538461538461 0.014423076923076924 0.04807692307692308
0 0.9471153846153846 0.6550480769230769 0.014423076923076924 0.056490384615384616
0 0.9375 0.6538461538461539 0.014423076923076924 0.04807692307692308
0 0.9170673076923077 0.6514423076923077 0.018028846153846152 0.05048076923076923
0 0.9254807692307693 0.65625 0.009615384615384616 0.04807692307692308
0 0.8822115384615384 0.6502403846153846 0.01201923076923077 0.042067307692307696
0 0.8737980769230769 0.6502403846153846 0.01201923076923077 0.042067307692307696
0 0.8557692307692307 0.6538461538461539 0.01201923076923077 0.037259615384615384
0 0.828125 0.6550480769230769 0.01201923076923077 0.04567307692307692
0 0.8365384615384616 0.6490384615384616 0.01201923076923077 0.039663461538461536
0 0.8413461538461539 0.6502403846153846 0.006009615384615385 0.03245192307692308
0 0.8461538461538461 0.6490384615384616 0.008413461538461538 0.039663461538461536
0 0.7692307692307693 0.6442307692307693 0.014423076923076924 0.039663461538461536
0 0.7536057692307693 0.6418269230769231 0.01201923076923077 0.03485576923076923