0 0.16346153846153846 0.4110576923076923 0.13581730769230768 0.38100961538461536
0 0.2692307692307692 0.29447115384615385 0.1141826923076923 0.4807692307692308
0 0.3125 0.27524038461538464 0.0625 0.3449519230769231
0 0.37740384615384615 0.23557692307692307 0.08413461538461539 0.24158653846153846
0 0.37740384615384615 0.11899038461538461 0.08052884615384616 0.09975961538461539
0 0.41586538461538464 0.20072115384615385 0.04447115384615385 0.24519230769230768
0 0.4411057692307692 0.23317307692307693 0.03365384615384615 0.25961538461538464
0 0.5384615384615384 0.28125 0.030048076923076924 0.24158653846153846
0 0.4831730769230769 0.26322115384615385 0.030048076923076924 0.2536057692307692
0 0.49759615384615385 0.30649038461538464 0.09014423076923077 0.29927884615384615
0 0.578125 0.3317307692307692 0.04447115384615385 0.16346153846153846
0 0.6213942307692307 0.3425480769230769 0.03365384615384615 0.15384615384615385
0 0.6442307692307693 0.2956730769230769 0.027644230769230768 0.054086538461538464
0 0.5625 0.28725961538461536 0.020432692307692308 0.09615384615384616
0 0.6610576923076923 0.3233173076923077 0.026442307692307692 0.07211538461538461