0 0.7415865384615384 0.7415865384615384 0.21634615384615385 0.5120192307692307
0 0.5961538461538461 0.7560096153846154 0.14423076923076922 0.4831730769230769
0 0.6935096153846154 0.5817307692307693 0.08173076923076923 0.15504807692307693
0 0.6550480769230769 0.42788461538461536 0.1502403846153846 0.17307692307692307
0 0.5288461538461539 0.43990384615384615 0.14543269230769232 0.3786057692307692
0 0.4795673076923077 0.6442307692307693 0.13221153846153846 0.39783653846153844
0 0.38341346153846156 0.671875 0.15985576923076922 0.35697115384615385
0 0.1935096153846154 0.6514423076923077 0.15745192307692307 0.39783653846153844
0 0.25841346153846156 0.625 0.10216346153846154 0.3762019230769231
0 0.31971153846153844 0.5600961538461539 0.09254807692307693 0.2127403846153846
0 0.07091346153846154 0.6995192307692307 0.13341346153846154 0.5144230769230769
0 0.03125 0.6959134615384616 0.0625 0.5072115384615384
0 0.15384615384615385 0.421875 0.027644230769230768 0.037259615384615384
0 0.3161057692307692 0.42788461538461536 0.07211538461538461 0.07211538461538461