0 0.11658653846153846 0.3269230769230769 0.23197115384615385 0.6538461538461539
0 0.9074519230769231 0.20432692307692307 0.12740384615384615 0.32211538461538464
0 0.6694711538461539 0.17427884615384615 0.09615384615384616 0.25841346153846156
0 0.8485576923076923 0.19230769230769232 0.03245192307692308 0.11177884615384616
0 0.2776442307692308 0.16947115384615385 0.027644230769230768 0.0985576923076923
0 0.33653846153846156 0.16346153846153846 0.03245192307692308 0.109375
0 0.38221153846153844 0.16346153846153846 0.03245192307692308 0.1141826923076923
0 0.30649038461538464 0.1658653846153846 0.030048076923076924 0.10096153846153846
0 0.4375 0.17548076923076922 0.020432692307692308 0.09014423076923077
0 0.46274038461538464 0.17427884615384615 0.018028846153846152 0.08774038461538461
0 0.5 0.19110576923076922 0.02403846153846154 0.06129807692307692
0 0.47836538461538464 0.16826923076923078 0.015625 0.07451923076923077