0 0.8269230769230769 0.7139423076923077 0.08052884615384616 0.14423076923076922
0 0.10697115384615384 0.6899038461538461 0.07451923076923077 0.13581730769230768
0 0.5973557692307693 0.7007211538461539 0.08052884615384616 0.14543269230769232
0 0.7163461538461539 0.7055288461538461 0.06610576923076923 0.15144230769230768
0 0.49038461538461536 0.7127403846153846 0.05889423076923077 0.15384615384615385
0 0.4375 0.7019230769230769 0.06971153846153846 0.13942307692307693
0 0.171875 0.7055288461538461 0.09375 0.14182692307692307
0 0.24879807692307693 0.6935096153846154 0.05048076923076923 0.13221153846153846
0 0.1971153846153846 0.6466346153846154 0.037259615384615384 0.05048076923076923
0 0.1310096153846154 0.6442307692307693 0.04807692307692308 0.06850961538461539
0 0.35336538461538464 0.7235576923076923 0.07692307692307693 0.13822115384615385
0 0.06129807692307692 0.7055288461538461 0.05889423076923077 0.13341346153846154
0 0.009615384615384616 0.71875 0.019230769230769232 0.14543269230769232