0 0.6274038461538461 0.7055288461538461 0.036057692307692304 0.1141826923076923
0 0.5697115384615384 0.7163461538461539 0.02403846153846154 0.0829326923076923
0 0.5384615384615384 0.7103365384615384 0.021634615384615384 0.08774038461538461
0 0.3425480769230769 0.7067307692307693 0.03365384615384615 0.10697115384615384
0 0.030048076923076924 0.7680288461538461 0.06009615384615385 0.2980769230769231
0 0.984375 0.7127403846153846 0.027644230769230768 0.15745192307692307
0 0.5204326923076923 0.6959134615384616 0.02403846153846154 0.07451923076923077
0 0.12740384615384615 0.6899038461538461 0.018028846153846152 0.0829326923076923
0 0.4026442307692308 0.6862980769230769 0.018028846153846152 0.056490384615384616
0 0.3858173076923077 0.6802884615384616 0.020432692307692308 0.06971153846153846
0 0.4495192307692308 0.6802884615384616 0.020432692307692308 0.05889423076923077
0 0.24759615384615385 0.6778846153846154 0.020432692307692308 0.06370192307692307
0 0.11057692307692307 0.6923076923076923 0.021634615384615384 0.08774038461538461
0 0.0889423076923077 0.6754807692307693 0.018028846153846152 0.06129807692307692