0 0.7175480769230769 0.5132211538461539 0.22355769230769232 0.42908653846153844
0 0.8269230769230769 0.6213942307692307 0.14543269230769232 0.4639423076923077
0 0.9170673076923077 0.6947115384615384 0.1622596153846154 0.6057692307692307
0 0.125 0.7127403846153846 0.25 0.5685096153846154
0 0.20552884615384615 0.6165865384615384 0.22956730769230768 0.6298076923076923
0 0.25841346153846156 0.515625 0.171875 0.3918269230769231
0 0.5576923076923077 0.30408653846153844 0.07572115384615384 0.4375
0 0.6802884615384616 0.20432692307692307 0.1201923076923077 0.20552884615384615
0 0.5925480769230769 0.15985576923076922 0.09375 0.17548076923076922
0 0.8425480769230769 0.2668269230769231 0.06850961538461539 0.13341346153846154
0 0.9074519230769231 0.21754807692307693 0.038461538461538464 0.0829326923076923
0 0.9699519230769231 0.24158653846153846 0.04447115384615385 0.13581730769230768
0 0.9362980769230769 0.23677884615384615 0.04447115384615385 0.12259615384615384