0 0.8149038461538461 0.5769230769230769 0.09014423076923077 0.3389423076923077
0 0.4375 0.59375 0.078125 0.2848557692307692
0 0.3173076923076923 0.6129807692307693 0.06971153846153846 0.34615384615384615
0 0.6225961538461539 0.59375 0.09254807692307693 0.3389423076923077
0 0.7355769230769231 0.5841346153846154 0.0625 0.35216346153846156
0 0.7211538461538461 0.6382211538461539 0.14543269230769232 0.3918269230769231
0 0.5444711538461539 0.6117788461538461 0.12379807692307693 0.2956730769230769
0 0.38221153846153844 0.6021634615384616 0.09975961538461539 0.3737980769230769
0 0.25841346153846156 0.5360576923076923 0.02403846153846154 0.11778846153846154
0 0.20552884615384615 0.6009615384615384 0.06009615384615385 0.0985576923076923
0 0.09254807692307693 0.6117788461538461 0.03245192307692308 0.06129807692307692
0 0.16947115384615385 0.5853365384615384 0.07572115384615384 0.23677884615384615
0 0.12259615384615384 0.6117788461538461 0.1141826923076923 0.2848557692307692