0 0.7439903846153846 0.5504807692307693 0.08413461538461539 0.33413461538461536
0 0.6177884615384616 0.6201923076923077 0.17548076923076922 0.24759615384615385
0 0.6574519230769231 0.4338942307692308 0.05048076923076923 0.3641826923076923
0 0.7956730769230769 0.4495192307692308 0.06850961538461539 0.4026442307692308
0 0.7391826923076923 0.3557692307692308 0.06610576923076923 0.23677884615384615
0 0.6009615384615384 0.5072115384615384 0.07451923076923077 0.2704326923076923
0 0.5973557692307693 0.359375 0.054086538461538464 0.23677884615384615
0 0.5084134615384616 0.5336538461538461 0.04447115384615385 0.22596153846153846
0 0.4723557692307692 0.5204326923076923 0.036057692307692304 0.2439903846153846
0 0.5252403846153846 0.45913461538461536 0.04567307692307692 0.390625
0 0.11778846153846154 0.5576923076923077 0.10817307692307693 0.37259615384615385
0 0.2980769230769231 0.6201923076923077 0.171875 0.2776442307692308
0 0.30408653846153844 0.5336538461538461 0.11177884615384616 0.3161057692307692
0 0.35096153846153844 0.4639423076923077 0.054086538461538464 0.35697115384615385
0 0.41225961538461536 0.45072115384615385 0.07211538461538461 0.36899038461538464
0 0.4675480769230769 0.4639423076923077 0.07211538461538461 0.35697115384615385
0 0.21754807692307693 0.4699519230769231 0.08173076923076923 0.40625
0 0.1658653846153846 0.4567307692307692 0.06009615384615385 0.4098557692307692