0 0.21754807692307693 0.18870192307692307 0.19471153846153846 0.37740384615384615
0 0.5336538461538461 0.20673076923076922 0.15625 0.40024038461538464
0 0.7271634615384616 0.25721153846153844 0.1466346153846154 0.4375
0 0.9194711538461539 0.33413461538461536 0.16105769230769232 0.65625
0 0.19951923076923078 0.33653846153846156 0.07692307692307693 0.11298076923076923
0 0.39302884615384615 0.3401442307692308 0.12620192307692307 0.18870192307692307
0 0.30408653846153844 0.3473557692307692 0.06971153846153846 0.1201923076923077
0 0.10697115384615384 0.3798076923076923 0.19831730769230768 0.359375
0 0.4735576923076923 0.5793269230769231 0.17067307692307693 0.49278846153846156
0 0.8629807692307693 0.7019230769230769 0.1814903846153846 0.5889423076923077
0 0.2620192307692308 0.7043269230769231 0.17307692307692307 0.5901442307692307
0 0.10576923076923077 0.7127403846153846 0.203125 0.5745192307692307
0 0.65625 0.07451923076923077 0.1201923076923077 0.14903846153846154
0 0.6706730769230769 0.7956730769230769 0.171875 0.3329326923076923
0 0.6009615384615384 0.9038461538461539 0.21153846153846154 0.19230769230769232
0 0.7896634615384616 0.9194711538461539 0.21754807692307693 0.16105769230769232
0 0.9435096153846154 0.9302884615384616 0.11298076923076923 0.13942307692307693