0 0.5745192307692307 0.7764423076923077 0.11177884615384616 0.34134615384615385
0 0.4891826923076923 0.6766826923076923 0.05048076923076923 0.20552884615384615
0 0.6045673076923077 0.6574519230769231 0.036057692307692304 0.16706730769230768
0 0.6826923076923077 0.6502403846153846 0.046875 0.12860576923076922
0 0.7980769230769231 0.6694711538461539 0.04447115384615385 0.1622596153846154
0 0.8641826923076923 0.6790865384615384 0.05048076923076923 0.15745192307692307
0 0.8978365384615384 0.703125 0.039663461538461536 0.1622596153846154
0 0.9290865384615384 0.6887019230769231 0.046875 0.19110576923076922
0 0.9639423076923077 0.6947115384615384 0.04927884615384615 0.203125
0 0.7836538461538461 0.6129807692307693 0.021634615384615384 0.04807692307692308
0 0.7199519230769231 0.6141826923076923 0.014423076923076924 0.036057692307692304
0 0.4411057692307692 0.6646634615384616 0.05048076923076923 0.21033653846153846
0 0.31971153846153844 0.6742788461538461 0.055288461538461536 0.19591346153846154
0 0.29447115384615385 0.6177884615384616 0.03485576923076923 0.10697115384615384
0 0.34615384615384615 0.6334134615384616 0.02403846153846154 0.09014423076923077
0 0.4074519230769231 0.6213942307692307 0.020432692307692308 0.05048076923076923
0 0.4182692307692308 0.6201923076923077 0.019230769230769232 0.0625