0 0.05048076923076923 0.36899038461538464 0.030048076923076924 0.15384615384615385
0 0.0829326923076923 0.3545673076923077 0.03485576923076923 0.14182692307692307
0 0.12259615384615384 0.3425480769230769 0.039663461538461536 0.13581730769230768
0 0.20072115384615385 0.3858173076923077 0.06129807692307692 0.10817307692307693
0 0.2091346153846154 0.3737980769230769 0.027644230769230768 0.06850961538461539
0 0.23557692307692307 0.36538461538461536 0.038461538461538464 0.15745192307692307
0 0.28125 0.453125 0.042067307692307696 0.12139423076923077
0 0.30288461538461536 0.36899038461538464 0.027644230769230768 0.12860576923076922
0 0.3125 0.3641826923076923 0.046875 0.12860576923076922
0 0.31009615384615385 0.4807692307692308 0.030048076923076924 0.1141826923076923
0 0.3389423076923077 0.4879807692307692 0.078125 0.1310096153846154
0 0.43990384615384615 0.42788461538461536 0.028846153846153848 0.1141826923076923
0 0.4495192307692308 0.4254807692307692 0.025240384615384616 0.12259615384615384
0 0.5540865384615384 0.6490384615384616 0.08052884615384616 0.21754807692307693
0 0.6153846153846154 0.6983173076923077 0.11538461538461539 0.23076923076923078
0 0.7307692307692307 0.7223557692307693 0.042067307692307696 0.09134615384615384
0 0.8100961538461539 0.765625 0.07692307692307693 0.18028846153846154