0 0.06850961538461539 0.3954326923076923 0.09495192307692307 0.19230769230769232
0 0.23197115384615385 0.6262019230769231 0.18629807692307693 0.7475961538461539
0 0.2692307692307692 0.31009615384615385 0.054086538461538464 0.10096153846153846
0 0.31971153846153844 0.359375 0.0733173076923077 0.140625
0 0.40865384615384615 0.6490384615384616 0.13822115384615385 0.7019230769230769
0 0.3473557692307692 0.5973557692307693 0.06009615384615385 0.5408653846153846
0 0.42427884615384615 0.46875 0.06610576923076923 0.38341346153846156
0 0.4831730769230769 0.5901442307692307 0.09975961538461539 0.6081730769230769
0 0.5504807692307693 0.5228365384615384 0.06850961538461539 0.36538461538461536
0 0.6165865384615384 0.578125 0.1201923076923077 0.5336538461538461
0 0.7415865384615384 0.5685096153846154 0.10216346153846154 0.5204326923076923
0 0.8221153846153846 0.6514423076923077 0.1201923076923077 0.6971153846153846
0 0.9338942307692307 0.6394230769230769 0.12740384615384615 0.7211538461538461