0 0.09975961538461539 0.25240384615384615 0.030048076923076924 0.0673076923076923
0 0.12740384615384615 0.25600961538461536 0.02403846153846154 0.06490384615384616
0 0.390625 0.2932692307692308 0.016826923076923076 0.03125
0 0.41466346153846156 0.29447115384615385 0.028846153846153848 0.040865384615384616
0 0.4230769230769231 0.3076923076923077 0.015625 0.03365384615384615
0 0.4543269230769231 0.2956730769230769 0.02283653846153846 0.03485576923076923
0 0.4675480769230769 0.30288461538461536 0.010817307692307692 0.027644230769230768
0 0.4831730769230769 0.30288461538461536 0.014423076923076924 0.025240384615384616
0 0.5360576923076923 0.296875 0.007211538461538462 0.010817307692307692
0 0.5649038461538461 0.31009615384615385 0.016826923076923076 0.038461538461538464
0 0.5745192307692307 0.31009615384615385 0.010817307692307692 0.03245192307692308
0 0.7788461538461539 0.2512019230769231 0.019230769230769232 0.07572115384615384
0 0.7644230769230769 0.2776442307692308 0.018028846153846152 0.019230769230769232
0 0.7896634615384616 0.2764423076923077 0.015625 0.021634615384615384
0 0.8221153846153846 0.24639423076923078 0.016826923076923076 0.057692307692307696
0 0.8425480769230769 0.2860576923076923 0.019230769230769232 0.052884615384615384
0 0.8533653846153846 0.296875 0.009615384615384616 0.051682692307692304
0 0.9014423076923077 0.23557692307692307 0.02403846153846154 0.07451923076923077
0 0.9086538461538461 0.2824519230769231 0.019230769230769232 0.052884615384615384
0 0.9314903846153846 0.2548076923076923 0.013221153846153846 0.037259615384615384
0 0.9435096153846154 0.27403846153846156 0.019230769230769232 0.036057692307692304
0 0.9579326923076923 0.26322115384615385 0.02403846153846154 0.0625
0 0.9927884615384616 0.2608173076923077 0.013221153846153846 0.052884615384615384
0 0.06850961538461539 0.44350961538461536 0.08533653846153846 0.3317307692307692
0 0.1201923076923077 0.44591346153846156 0.0829326923076923 0.3233173076923077
0 0.14543269230769232 0.3605769230769231 0.046875 0.15865384615384615
0 0.15985576923076922 0.5060096153846154 0.09375 0.2536057692307692
0 0.19591346153846154 0.4855769230769231 0.040865384615384616 0.21394230769230768
0 0.19951923076923078 0.36778846153846156 0.04807692307692308 0.109375
0 0.21634615384615385 0.3329326923076923 0.027644230769230768 0.05889423076923077
0 0.24278846153846154 0.390625 0.04807692307692308 0.14903846153846154
0 0.23317307692307693 0.5240384615384616 0.06370192307692307 0.19831730769230768
0 0.26802884615384615 0.3293269230769231 0.036057692307692304 0.07451923076923077
0 0.28966346153846156 0.38100961538461536 0.055288461538461536 0.13822115384615385
0 0.26802884615384615 0.5048076923076923 0.051682692307692304 0.20432692307692307
0 0.3245192307692308 0.32572115384615385 0.04807692307692308 0.07692307692307693
0 0.33052884615384615 0.38341346153846156 0.052884615384615384 0.13581730769230768
0 0.3173076923076923 0.5084134615384616 0.07211538461538461 0.21754807692307693
0 0.3401442307692308 0.5060096153846154 0.04326923076923077 0.20432692307692307
0 0.36177884615384615 0.35216346153846156 0.03485576923076923 0.12860576923076922
0 0.38822115384615385 0.390625 0.06610576923076923 0.1658653846153846
0 0.37259615384615385 0.5192307692307693 0.055288461538461536 0.19471153846153846
0 0.4098557692307692 0.53125 0.06971153846153846 0.19110576923076922
0 0.39783653846153844 0.32572115384615385 0.020432692307692308 0.04927884615384615
0 0.41346153846153844 0.3449519230769231 0.028846153846153848 0.0625
0 0.44350961538461536 0.41225961538461536 0.057692307692307696 0.19591346153846154
0 0.4495192307692308 0.33653846153846156 0.020432692307692308 0.057692307692307696
0 0.46634615384615385 0.38341346153846156 0.040865384615384616 0.15264423076923078
0 0.4699519230769231 0.5288461538461539 0.055288461538461536 0.16947115384615385
0 0.4951923076923077 0.45072115384615385 0.04927884615384615 0.24278846153846154
0 0.5120192307692307 0.3401442307692308 0.019230769230769232 0.06490384615384616
0 0.53125 0.39663461538461536 0.055288461538461536 0.1935096153846154
0 0.5192307692307693 0.5252403846153846 0.05048076923076923 0.16947115384615385
0 0.5889423076923077 0.3557692307692308 0.05048076923076923 0.13822115384615385
0 0.5793269230769231 0.4567307692307692 0.055288461538461536 0.27163461538461536
0 0.5637019230769231 0.5336538461538461 0.051682692307692304 0.1814903846153846
0 0.640625 0.35697115384615385 0.057692307692307696 0.14182692307692307
0 0.6394230769230769 0.40865384615384615 0.056490384615384616 0.16105769230769232
0 0.6153846153846154 0.5216346153846154 0.056490384615384616 0.20192307692307693
0 0.6610576923076923 0.5324519230769231 0.052884615384615384 0.19831730769230768
0 0.6838942307692307 0.38822115384615385 0.04927884615384615 0.19471153846153846
0 0.6983173076923077 0.5192307692307693 0.038461538461538464 0.18509615384615385
0 0.71875 0.375 0.052884615384615384 0.1502403846153846
0 0.7295673076923077 0.5348557692307693 0.04927884615384615 0.21514423076923078
0 0.7608173076923077 0.36177884615384615 0.04567307692307692 0.15264423076923078
0 0.7463942307692307 0.5324519230769231 0.0829326923076923 0.20552884615384615
0 0.7884615384615384 0.46634615384615385 0.06490384615384616 0.3125
0 0.7920673076923077 0.4074519230769231 0.05889423076923077 0.19471153846153846
0 0.8149038461538461 0.375 0.10096153846153846 0.17668269230769232
0 0.8305288461538461 0.5228365384615384 0.10096153846153846 0.22716346153846154
0 0.8894230769230769 0.4483173076923077 0.0733173076923077 0.3629807692307692
0 0.9423076923076923 0.45913461538461536 0.06971153846153846 0.37259615384615385