0 0.07451923076923077 0.515625 0.14903846153846154 0.7752403846153846
0 0.06009615384615385 0.14423076923076922 0.1201923076923077 0.28725961538461536
0 0.28725961538461536 0.6923076923076923 0.30649038461538464 0.4387019230769231
0 0.20072115384615385 0.4098557692307692 0.18509615384615385 0.4423076923076923
0 0.21754807692307693 0.15264423076923078 0.13581730769230768 0.30408653846153844
0 0.7295673076923077 0.734375 0.22716346153846154 0.3473557692307692
0 0.5528846153846154 0.6466346153846154 0.2403846153846154 0.7067307692307693
0 0.6634615384615384 0.5240384615384616 0.22716346153846154 0.5817307692307693
0 0.4254807692307692 0.4411057692307692 0.20072115384615385 0.8161057692307693
0 0.40865384615384615 0.38221153846153844 0.18629807692307693 0.6838942307692307
0 0.3088942307692308 0.24639423076923078 0.09735576923076923 0.49278846153846156
0 0.5793269230769231 0.18870192307692307 0.1622596153846154 0.37740384615384615
0 0.6911057692307693 0.12980769230769232 0.12860576923076922 0.25961538461538464
0 0.7487980769230769 0.31009615384615385 0.16105769230769232 0.5252403846153846
0 0.890625 0.3545673076923077 0.21875 0.6935096153846154
0 0.8966346153846154 0.2644230769230769 0.18870192307692307 0.5036057692307693