0 0.057692307692307696 0.5096153846153846 0.08774038461538461 0.31971153846153844
0 0.1466346153846154 0.5721153846153846 0.12139423076923077 0.4651442307692308
0 0.19110576923076922 0.40024038461538464 0.06971153846153846 0.1814903846153846
0 0.22956730769230768 0.39903846153846156 0.05048076923076923 0.15985576923076922
0 0.2692307692307692 0.6370192307692307 0.15144230769230768 0.5516826923076923
0 0.33052884615384615 0.5324519230769231 0.0733173076923077 0.37740384615384615
0 0.3954326923076923 0.3581730769230769 0.025240384615384616 0.04447115384615385
0 0.4230769230769231 0.5036057692307693 0.08774038461538461 0.30649038461538464
0 0.45072115384615385 0.4699519230769231 0.06129807692307692 0.27283653846153844
0 0.5144230769230769 0.5733173076923077 0.14543269230769232 0.48677884615384615
0 0.48677884615384615 0.3605769230769231 0.04807692307692308 0.09134615384615384
0 0.578125 0.3918269230769231 0.056490384615384616 0.15384615384615385
0 0.6430288461538461 0.5480769230769231 0.1045673076923077 0.38221153846153844
0 0.6466346153846154 0.4807692307692308 0.109375 0.3954326923076923
0 0.6887019230769231 0.34134615384615385 0.040865384615384616 0.06850961538461539
0 0.7223557692307693 0.3954326923076923 0.052884615384615384 0.11658653846153846
0 0.7716346153846154 0.36658653846153844 0.046875 0.14783653846153846
0 0.7355769230769231 0.5793269230769231 0.10817307692307693 0.40024038461538464
0 0.8365384615384616 0.6394230769230769 0.19471153846153846 0.5841346153846154
0 0.8653846153846154 0.4170673076923077 0.057692307692307696 0.0985576923076923
0 0.9627403846153846 0.4855769230769231 0.0733173076923077 0.3137019230769231