0 0.048046875 0.8802816901408451 0.03671875 0.19483568075117372
0 0.109765625 0.92018779342723 0.03515625 0.1267605633802817
0 0.241015625 0.9342723004694836 0.02734375 0.07746478873239436
0 0.257421875 0.8779342723004695 0.04296875 0.215962441314554
0 0.222265625 0.8902582159624414 0.02890625 0.1983568075117371
0 0.00012847900390625 0.001068323084044171 0.0000213623046875 0.00021628204280455812
0 0.2890625 0.8480046948356808 0.05 0.20539906103286384
0 0.3171875 0.7922535211267606 0.0390625 0.12441314553990611
0 0.371875 0.8908450704225352 0.0296875 0.1807511737089202
0 0.377734375 0.8779342723004695 0.05546875 0.19014084507042253
0 0.40859375 0.8785211267605634 0.034375 0.19131455399061034
0 0.36640625 0.8262910798122066 0.0375 0.14084507042253522
0 0.384765625 0.7370892018779343 0.03046875 0.051643192488262914
0 0.36171875 0.7717136150234741 0.03125 0.15845070422535212
0 0.309765625 0.7059859154929577 0.03359375 0.1068075117370892
0 0.265625 0.7106807511737089 0.0296875 0.13028169014084506
0 0.248046875 0.6983568075117371 0.01796875 0.06807511737089202
0 0.262109375 0.6449530516431925 0.03046875 0.062206572769953054
0 0.308984375 0.6748826291079812 0.02734375 0.10093896713615023
0 0.36015625 0.7007042253521126 0.0359375 0.08450704225352113
0 0.386328125 0.7095070422535211 0.02578125 0.06455399061032864
0 0.383984375 0.6725352112676056 0.02734375 0.03990610328638498
0 0.3578125 0.6625586854460094 0.0265625 0.062206572769953054
0 0.33984375 0.6672535211267606 0.0296875 0.11384976525821597
0 0.35859375 0.6255868544600939 0.0234375 0.06338028169014084
0 0.309765625 0.619131455399061 0.02109375 0.045774647887323945
0 0.250390625 0.6173708920187794 0.02578125 0.08685446009389672
0 0.290234375 0.6338028169014085 0.01953125 0.107981220657277
0 0.290234375 0.5669014084507042 0.02109375 0.06807511737089202
0 0.304296875 0.5416666666666666 0.01796875 0.09272300469483569
0 0.321484375 0.5821596244131455 0.02265625 0.0892018779342723
0 0.275390625 0.5528169014084507 0.01953125 0.09154929577464789
0 0.26484375 0.5152582159624414 0.0171875 0.05868544600938967
0 0.246875 0.5710093896713615 0.021875 0.05516431924882629
0 0.246484375 0.5117370892018779 0.01640625 0.05868544600938967
0 0.2703125 0.636150234741784 0.015625 0.06807511737089202
0 0.0006689453124999999 0.00113375873393727 0.00003417968749999996 0.00008265555775970366
0 0.8796875 0.9688967136150235 0.040625 0.05985915492957746
0 0.880859375 0.9301643192488263 0.03828125 0.06690140845070422
0 0.8515625 0.9289906103286385 0.0328125 0.09272300469483569