0 0.051682692307692304 0.5949519230769231 0.10336538461538461 0.6177884615384616
0 0.08533653846153846 0.5661057692307693 0.08774038461538461 0.5300480769230769
0 0.15504807692307693 0.5889423076923077 0.1201923076923077 0.5649038461538461
0 0.28125 0.5504807692307693 0.13581730769230768 0.5012019230769231
0 0.5324519230769231 0.6009615384615384 0.09975961538461539 0.6346153846153846
0 0.5889423076923077 0.6358173076923077 0.13822115384615385 0.6418269230769231
0 0.6466346153846154 0.5637019230769231 0.07692307692307693 0.4050480769230769
0 0.6634615384615384 0.3737980769230769 0.07572115384615384 0.0829326923076923
0 0.703125 0.578125 0.08653846153846154 0.4375
0 0.7848557692307693 0.59375 0.16826923076923078 0.5552884615384616
0 0.41586538461538464 0.546875 0.09975961538461539 0.2283653846153846
0 0.3485576923076923 0.4675480769230769 0.027644230769230768 0.08774038461538461