0 0.296875 0.5649038461538461 0.28725961538461536 0.6887019230769231
0 0.4987980769230769 0.5697115384615384 0.171875 0.6778846153846154
0 0.6129807692307693 0.5973557692307693 0.12740384615384615 0.6225961538461539
0 0.7211538461538461 0.5853365384615384 0.22355769230769232 0.6502403846153846
0 0.9338942307692307 0.5961538461538461 0.13221153846153846 0.6310096153846154
0 0.9675480769230769 0.34375 0.06490384615384616 0.2247596153846154
0 0.1045673076923077 0.5336538461538461 0.1201923076923077 0.5588942307692307
0 0.14543269230769232 0.5757211538461539 0.08052884615384616 0.5324519230769231
0 0.16826923076923078 0.5769230769230769 0.0829326923076923 0.5408653846153846
0 0.2776442307692308 0.3245192307692308 0.06610576923076923 0.15745192307692307
0 0.40024038461538464 0.3641826923076923 0.06129807692307692 0.08774038461538461
0 0.8112980769230769 0.515625 0.1466346153846154 0.5252403846153846
0 0.6850961538461539 0.36658653846153844 0.06370192307692307 0.11658653846153846
0 0.22235576923076922 0.6009615384615384 0.11177884615384616 0.6177884615384616
0 0.8125 0.5661057692307693 0.11177884615384616 0.5973557692307693
0 0.8870192307692307 0.40625 0.036057692307692304 0.1935096153846154