0 0.05048076923076923 0.703125 0.10096153846153846 0.59375
0 0.13822115384615385 0.7247596153846154 0.15625 0.5504807692307693
0 0.29447115384615385 0.7199519230769231 0.12740384615384615 0.5588942307692307
0 0.26802884615384615 0.6274038461538461 0.05889423076923077 0.28725961538461536
0 0.3894230769230769 0.6814903846153846 0.08774038461538461 0.44350961538461536
0 0.43990384615384615 0.5865384615384616 0.04326923076923077 0.17668269230769232
0 0.4723557692307692 0.7055288461538461 0.0889423076923077 0.4519230769230769
0 0.5324519230769231 0.6634615384615384 0.10336538461538461 0.40024038461538464
0 0.5685096153846154 0.6574519230769231 0.07451923076923077 0.34134615384615385
0 0.5925480769230769 0.5288461538461539 0.018028846153846152 0.051682692307692304
0 0.6237980769230769 0.6706730769230769 0.11899038461538461 0.4855769230769231
0 0.7007211538461539 0.6201923076923077 0.06490384615384616 0.17067307692307693
0 0.6875 0.6045673076923077 0.040865384615384616 0.20673076923076922
0 0.7307692307692307 0.6322115384615384 0.08774038461538461 0.32091346153846156
0 0.7692307692307693 0.6129807692307693 0.056490384615384616 0.2668269230769231
0 0.7860576923076923 0.6009615384615384 0.06370192307692307 0.2668269230769231
0 0.8329326923076923 0.6201923076923077 0.07932692307692307 0.265625
0 0.8774038461538461 0.6129807692307693 0.05048076923076923 0.21634615384615385
0 0.9278846153846154 0.6153846153846154 0.0985576923076923 0.26802884615384615
0 0.9170673076923077 0.5360576923076923 0.027644230769230768 0.07692307692307693
0 0.9507211538461539 0.6033653846153846 0.040865384615384616 0.18629807692307693
0 0.984375 0.6057692307692307 0.030048076923076924 0.22596153846153846
0 0.9879807692307693 0.5829326923076923 0.02283653846153846 0.20673076923076922
0 0.8725961538461539 0.09615384615384616 0.07091346153846154 0.15625
0 0.1045673076923077 0.25961538461538464 0.016826923076923076 0.078125
0 0.20192307692307693 0.3293269230769231 0.015625 0.057692307692307696