0 0.7908653846153846 0.6838942307692307 0.14302884615384615 0.6322115384615384
0 0.8858173076923077 0.7139423076923077 0.15865384615384615 0.5709134615384616
0 0.9603365384615384 0.7884615384615384 0.07451923076923077 0.4230769230769231
0 0.9663461538461539 0.8389423076923077 0.0673076923076923 0.32211538461538464
0 0.9158653846153846 0.4098557692307692 0.08653846153846154 0.8197115384615384
0 0.9735576923076923 0.2439903846153846 0.052884615384615384 0.4879807692307692
0 0.7487980769230769 0.6153846153846154 0.04927884615384615 0.4375
0 0.7560096153846154 0.45072115384615385 0.08774038461538461 0.5480769230769231
0 0.7475961538461539 0.2668269230769231 0.08413461538461539 0.5324519230769231
0 0.6923076923076923 0.41466346153846156 0.11899038461538461 0.65625
0 0.6646634615384616 0.5204326923076923 0.12379807692307693 0.5661057692307693
0 0.671875 0.8377403846153846 0.07932692307692307 0.3245192307692308
0 0.6490384615384616 0.8774038461538461 0.04807692307692308 0.24519230769230768
0 0.6177884615384616 0.7271634615384616 0.057692307692307696 0.5456730769230769
0 0.5540865384615384 0.9026442307692307 0.07932692307692307 0.19471153846153846
0 0.5612980769230769 0.8293269230769231 0.05048076923076923 0.34134615384615385
0 0.5300480769230769 0.6875 0.03365384615384615 0.47836538461538464
0 0.5600961538461539 0.6009615384615384 0.08774038461538461 0.45072115384615385
0 0.5889423076923077 0.24759615384615385 0.054086538461538464 0.4951923076923077
0 0.5492788461538461 0.20192307692307693 0.11658653846153846 0.39302884615384615
0 0.5168269230769231 0.6057692307692307 0.1310096153846154 0.6754807692307693
0 0.4639423076923077 0.12259615384615384 0.07572115384615384 0.24519230769230768
0 0.46634615384615385 0.4266826923076923 0.09014423076923077 0.6670673076923077
0 0.43149038461538464 0.8257211538461539 0.09735576923076923 0.3473557692307692
0 0.44471153846153844 0.9350961538461539 0.0625 0.12980769230769232
0 0.38341346153846156 0.6334134615384616 0.0889423076923077 0.7175480769230769
0 0.3473557692307692 0.2668269230769231 0.0889423076923077 0.37259615384615385
0 0.3870192307692308 0.19471153846153846 0.0625 0.3894230769230769
0 0.2956730769230769 0.16947115384615385 0.0625 0.3389423076923077
0 0.31971153846153844 0.6201923076923077 0.09495192307692307 0.7259615384615384
0 0.25 0.7860576923076923 0.09975961538461539 0.42788461538461536
0 0.28725961538461536 0.8942307692307693 0.13221153846153846 0.21153846153846154
0 0.25841346153846156 0.33413461538461536 0.06971153846153846 0.6682692307692307
0 0.21875 0.31971153846153844 0.08052884615384616 0.6394230769230769
0 0.140625 0.8954326923076923 0.09735576923076923 0.20793269230769232
0 0.09975961538461539 0.7800480769230769 0.08173076923076923 0.4387019230769231
0 0.038461538461538464 0.6899038461538461 0.07451923076923077 0.6189903846153846
0 0.14182692307692307 0.5841346153846154 0.16346153846153846 0.6838942307692307
0 0.15384615384615385 0.45072115384615385 0.17908653846153846 0.7908653846153846
0 0.109375 0.20552884615384615 0.04567307692307692 0.4074519230769231
0 0.04567307692307692 0.2920673076923077 0.08774038461538461 0.5817307692307693
0 0.04927884615384615 0.24519230769230768 0.08653846153846154 0.49038461538461536