0 0.02283653846153846 0.6454326923076923 0.04567307692307692 0.18028846153846154
0 0.10576923076923077 0.6442307692307693 0.05048076923076923 0.10817307692307693
0 0.15264423076923078 0.6598557692307693 0.03245192307692308 0.10697115384615384
0 0.16947115384615385 0.6370192307692307 0.016826923076923076 0.0985576923076923
0 0.21875 0.6502403846153846 0.09615384615384616 0.3137019230769231
0 0.2800480769230769 0.6538461538461539 0.020432692307692308 0.08533653846153846
0 0.28966346153846156 0.6538461538461539 0.026442307692307692 0.09375
0 0.3329326923076923 0.6418269230769231 0.04447115384615385 0.15865384615384615
0 0.3641826923076923 0.6454326923076923 0.008413461538461538 0.03245192307692308
0 0.3713942307692308 0.6454326923076923 0.009615384615384616 0.03365384615384615
0 0.3858173076923077 0.6490384615384616 0.014423076923076924 0.06850961538461539
0 0.421875 0.6394230769230769 0.05048076923076923 0.15625
0 0.44711538461538464 0.6454326923076923 0.007211538461538462 0.02403846153846154
0 0.453125 0.6454326923076923 0.009615384615384616 0.026442307692307692
0 0.46153846153846156 0.6442307692307693 0.007211538461538462 0.026442307692307692
0 0.46875 0.6418269230769231 0.010817307692307692 0.038461538461538464
0 0.47836538461538464 0.640625 0.010817307692307692 0.039663461538461536
0 0.4879807692307692 0.6394230769230769 0.010817307692307692 0.042067307692307696
0 0.5144230769230769 0.6418269230769231 0.007211538461538462 0.025240384615384616
0 0.5480769230769231 0.6358173076923077 0.02403846153846154 0.10576923076923077
0 0.5625 0.6430288461538461 0.015625 0.056490384615384616
0 0.5709134615384616 0.6430288461538461 0.014423076923076924 0.056490384615384616
0 0.5877403846153846 0.6430288461538461 0.025240384615384616 0.10216346153846154
0 0.6141826923076923 0.6201923076923077 0.06610576923076923 0.2776442307692308
0 0.6418269230769231 0.6502403846153846 0.021634615384615384 0.08653846153846154
0 0.6526442307692307 0.6418269230769231 0.018028846153846152 0.09735576923076923
0 0.6670673076923077 0.6430288461538461 0.025240384615384616 0.09375
0 0.6971153846153846 0.6358173076923077 0.028846153846153848 0.11778846153846154
0 0.71875 0.640625 0.027644230769230768 0.109375
0 0.7584134615384616 0.6442307692307693 0.052884615384615384 0.18389423076923078
0 0.7776442307692307 0.6334134615384616 0.014423076923076924 0.06850961538461539
0 0.7872596153846154 0.6334134615384616 0.018028846153846152 0.06850961538461539
0 0.7956730769230769 0.6322115384615384 0.02283653846153846 0.07451923076923077
0 0.8353365384615384 0.6334134615384616 0.03245192307692308 0.10216346153846154
0 0.8762019230769231 0.6274038461538461 0.039663461538461536 0.12139423076923077
0 0.9555288461538461 0.6298076923076923 0.07451923076923077 0.12620192307692307
0 0.9447115384615384 0.6213942307692307 0.02283653846153846 0.11658653846153846