0 0.339375 0.212406015037594 0.01125 0.022556390977443608
0 0.365625 0.212406015037594 0.01375 0.03007518796992481
0 0.333125 0.22932330827067668 0.01375 0.045112781954887216
0 0.3725 0.25093984962406013 0.015 0.05075187969924812
0 0.381875 0.26033834586466165 0.01625 0.05827067669172932
0 0.3225 0.26127819548872183 0.015 0.05263157894736842
0 0.4025 0.2650375939849624 0.02 0.06766917293233082
0 0.385 0.2669172932330827 0.025 0.07142857142857142
0 0.419375 0.27631578947368424 0.01875 0.03759398496240601
0 0.32625 0.28289473684210525 0.02 0.06578947368421052
0 0.31625 0.2857142857142857 0.02 0.02631578947368421
0 0.403125 0.2894736842105263 0.01875 0.07142857142857142
0 0.36625 0.3082706766917293 0.02 0.07894736842105263
0 0.38375 0.3101503759398496 0.025 0.041353383458646614
0 0.3475 0.31203007518796994 0.03 0.09398496240601503
0 0.429375 0.3176691729323308 0.02375 0.04887218045112782
0 0.399375 0.32142857142857145 0.02125 0.041353383458646614
0 0.428125 0.3298872180451128 0.01375 0.02443609022556391
0 0.35375 0.337406015037594 0.025 0.08458646616541353
0 0.378125 0.3392857142857143 0.02125 0.03571428571428571
0 0.4125 0.3430451127819549 0.0125 0.02443609022556391
0 0.443125 0.34774436090225563 0.02375 0.045112781954887216
0 0.395 0.3543233082706767 0.025 0.06578947368421052
0 0.31875 0.375 0.0375 0.06954887218045112
0 0.260625 0.37593984962406013 0.02125 0.04887218045112782
0 0.451875 0.3825187969924812 0.01875 0.05075187969924812
0 0.296875 0.38345864661654133 0.03625 0.09398496240601503
0 0.44125 0.3843984962406015 0.0225 0.06578947368421052
0 0.376875 0.3900375939849624 0.03375 0.05827067669172932
0 0.42625 0.3956766917293233 0.03 0.06578947368421052
0 0.395625 0.4031954887218045 0.02625 0.043233082706766915
0 0.415625 0.4031954887218045 0.02125 0.039473684210526314
0 0.459375 0.40977443609022557 0.01875 0.045112781954887216
0 0.346875 0.41353383458646614 0.03875 0.13533834586466165
0 0.47375 0.41353383458646614 0.015 0.03007518796992481
0 0.4225 0.4144736842105263 0.0275 0.043233082706766915
0 0.44875 0.41729323308270677 0.025 0.03759398496240601
0 0.293125 0.4191729323308271 0.01875 0.041353383458646614
0 0.21625 0.43796992481203006 0.0325 0.07894736842105263
0 0.494375 0.44642857142857145 0.04125 0.06578947368421052
0 0.41625 0.4558270676691729 0.0275 0.06954887218045112
0 0.375 0.45864661654135336 0.0325 0.08270676691729323
0 0.261875 0.46710526315789475 0.02875 0.06954887218045112
0 0.401875 0.46710526315789475 0.03625 0.06954887218045112
0 0.3425 0.4774436090225564 0.0425 0.14661654135338345
0 0.475625 0.48120300751879697 0.02875 0.07142857142857142
0 0.493125 0.48120300751879697 0.02625 0.06766917293233082
0 0.303125 0.4906015037593985 0.03875 0.11654135338345864
0 0.46125 0.4906015037593985 0.0525 0.08270676691729323
0 0.5025 0.49154135338345867 0.035 0.06954887218045112
0 0.395 0.49624060150375937 0.015 0.05639097744360902
0 0.37625 0.5112781954887218 0.04 0.09398496240601503
0 0.415625 0.5234962406015038 0.02875 0.06578947368421052
0 0.44125 0.5300751879699248 0.0425 0.06015037593984962
0 0.490625 0.5338345864661654 0.03375 0.07142857142857142
0 0.334375 0.5347744360902256 0.03875 0.18609022556390978
0 0.505625 0.5488721804511278 0.04375 0.04887218045112782
0 0.39625 0.5516917293233082 0.035 0.07706766917293233
0 0.470625 0.556390977443609 0.03125 0.08270676691729323
0 0.251875 0.5573308270676691 0.05375 0.17857142857142858
0 0.43875 0.568609022556391 0.03 0.07706766917293233
0 0.366875 0.5789473684210527 0.03875 0.06015037593984962
0 0.455625 0.5808270676691729 0.02625 0.05263157894736842
0 0.54625 0.5855263157894737 0.03 0.05827067669172932
0 0.2875 0.5892857142857143 0.055 0.17857142857142858
0 0.47875 0.5977443609022557 0.035 0.07894736842105263
0 0.421875 0.618421052631579 0.05625 0.13533834586466165
0 0.5925 0.6672932330827067 0.045 0.10902255639097744
0 0.06625 0.668233082706767 0.0625 0.14097744360902256
0 0.55 0.6776315789473685 0.0625 0.11466165413533834
0 0.435 0.6945488721804511 0.0475 0.10338345864661654
0 0.15 0.7124060150375939 0.085 0.2857142857142857
0 0.35375 0.7133458646616542 0.055 0.12218045112781954
0 0.4775 0.7302631578947368 0.0825 0.16353383458646617
0 0.54 0.7763157894736842 0.0625 0.19924812030075187
0 0.24125 0.7951127819548872 0.095 0.30451127819548873
0 0.475625 0.8176691729323309 0.06875 0.15789473684210525
0 0.29 0.8195488721804511 0.0625 0.31203007518796994
0 0.405625 0.8223684210526315 0.07375 0.2424812030075188
0 0.47875 0.9172932330827067 0.07 0.16165413533834586
0 0.67125 0.9389097744360902 0.0775 0.11842105263157894