0 0.9963942307692307 0.7103365384615384 0.007211538461538462 0.030048076923076924
0 0.9855769230769231 0.7620192307692307 0.028846153846153848 0.13822115384615385
0 0.8786057692307693 0.8004807692307693 0.06009615384615385 0.1971153846153846
0 0.8557692307692307 0.8040865384615384 0.06009615384615385 0.19591346153846154
0 0.8269230769230769 0.7896634615384616 0.057692307692307696 0.19831730769230768
0 0.8653846153846154 0.7271634615384616 0.020432692307692308 0.07091346153846154
0 0.7896634615384616 0.7259615384615384 0.016826923076923076 0.07572115384615384
0 0.7524038461538461 0.765625 0.04807692307692308 0.1466346153846154
0 0.7524038461538461 0.78125 0.051682692307692304 0.16706730769230768
0 0.671875 0.7716346153846154 0.03245192307692308 0.1778846153846154
0 0.5432692307692307 0.7824519230769231 0.07091346153846154 0.24278846153846154
0 0.3016826923076923 0.7043269230769231 0.013221153846153846 0.056490384615384616
0 0.3137019230769231 0.7019230769230769 0.01201923076923077 0.06129807692307692
0 0.32091346153846156 0.6983173076923077 0.007211538461538462 0.037259615384615384
0 0.1622596153846154 0.7163461538461539 0.016826923076923076 0.11538461538461539
0 0.09375 0.7055288461538461 0.018028846153846152 0.1045673076923077
0 0.08533653846153846 0.7127403846153846 0.028846153846153848 0.11057692307692307
0 0.06610576923076923 0.7079326923076923 0.015625 0.09495192307692307
0 0.039663461538461536 0.7608173076923077 0.04447115384615385 0.21033653846153846
0 0.008413461538461538 0.7055288461538461 0.015625 0.09134615384615384
0 0.36899038461538464 0.6971153846153846 0.008413461538461538 0.019230769230769232
0 0.38461538461538464 0.6887019230769231 0.004807692307692308 0.010817307692307692
0 0.47475961538461536 0.6971153846153846 0.006009615384615385 0.021634615384615384
0 0.484375 0.6983173076923077 0.006009615384615385 0.025240384615384616
0 0.5060096153846154 0.6995192307692307 0.004807692307692308 0.026442307692307692
0 0.515625 0.6983173076923077 0.006009615384615385 0.025240384615384616
0 0.6923076923076923 0.7103365384615384 0.010817307692307692 0.04326923076923077
0 0.7043269230769231 0.703125 0.008413461538461538 0.021634615384615384
0 0.7115384615384616 0.6983173076923077 0.009615384615384616 0.021634615384615384
0 0.71875 0.7079326923076923 0.01201923076923077 0.038461538461538464
0 0.7307692307692307 0.7007211538461539 0.01201923076923077 0.02283653846153846
0 0.7355769230769231 0.7019230769230769 0.009615384615384616 0.021634615384615384