0 0.1346153846153846 0.6790865384615384 0.171875 0.5637019230769231
0 0.0733173076923077 0.640625 0.14302884615384615 0.5420673076923077
0 0.19471153846153846 0.6189903846153846 0.14182692307692307 0.4879807692307692
0 0.24519230769230768 0.6201923076923077 0.1045673076923077 0.5384615384615384
0 0.33653846153846156 0.6310096153846154 0.16346153846153846 0.4963942307692308
0 0.3786057692307692 0.46153846153846156 0.07451923076923077 0.18870192307692307
0 0.5841346153846154 0.5877403846153846 0.15865384615384615 0.4675480769230769
0 0.5 0.6165865384615384 0.06129807692307692 0.38461538461538464
0 0.75 0.53125 0.14783653846153846 0.37740384615384615
0 0.8293269230769231 0.5300480769230769 0.11658653846153846 0.2980769230769231
0 0.9615384615384616 0.5168269230769231 0.07572115384615384 0.3076923076923077
0 0.4375 0.5817307692307693 0.051682692307692304 0.3245192307692308
0 0.4735576923076923 0.5889423076923077 0.06490384615384616 0.3798076923076923
0 0.5240384615384616 0.4495192307692308 0.040865384615384616 0.0889423076923077
0 0.6682692307692307 0.5757211538461539 0.055288461538461536 0.2956730769230769
0 0.07211538461538461 0.47716346153846156 0.04927884615384615 0.10336538461538461
0 0.9014423076923077 0.5432692307692307 0.07932692307692307 0.25600961538461536
0 0.9362980769230769 0.47596153846153844 0.055288461538461536 0.11177884615384616
0 0.6189903846153846 0.5961538461538461 0.056490384615384616 0.33774038461538464
0 0.4423076923076923 0.4338942307692308 0.06009615384615385 0.078125