0 0.7019230769230769 0.24278846153846154 0.051682692307692304 0.14423076923076922
0 0.6730769230769231 0.27524038461538464 0.05048076923076923 0.09975961538461539
0 0.8365384615384616 0.3088942307692308 0.1045673076923077 0.23798076923076922
0 0.7800480769230769 0.359375 0.14903846153846154 0.3473557692307692
0 0.6045673076923077 0.36658653846153844 0.14543269230769232 0.4110576923076923
0 0.03485576923076923 0.4026442307692308 0.04807692307692308 0.13701923076923078
0 0.18629807692307693 0.4026442307692308 0.025240384615384616 0.0733173076923077
0 0.3161057692307692 0.4098557692307692 0.025240384615384616 0.11057692307692307
0 0.49759615384615385 0.4375 0.08774038461538461 0.1466346153846154
0 0.2512019230769231 0.44711538461538464 0.09254807692307693 0.13581730769230768
0 0.3918269230769231 0.48197115384615385 0.203125 0.31971153846153844
0 0.6466346153846154 0.49038461538461536 0.25961538461538464 0.35336538461538464
0 0.8882211538461539 0.5096153846153846 0.22355769230769232 0.4182692307692308
0 0.13221153846153846 0.5276442307692307 0.16706730769230768 0.4266826923076923