0 0.08627450980392157 0.8338235294117647 0.07450980392156863 0.16470588235294117
0 0.07990196078431372 0.6941176470588235 0.07745098039215687 0.14411764705882352
0 0.22009803921568627 0.5154411764705882 0.061764705882352944 0.13676470588235295
0 0.32598039215686275 0.5838235294117647 0.05588235294117647 0.1264705882352941
0 0.024019607843137256 0.2977941176470588 0.03627450980392157 0.0661764705882353
0 0.055392156862745096 0.26544117647058824 0.016666666666666666 0.039705882352941174
0 0.21470588235294116 0.2948529411764706 0.023529411764705882 0.09264705882352942
0 0.2073529411764706 0.24191176470588235 0.012745098039215686 0.07794117647058824
0 0.29215686274509806 0.23455882352941176 0.025490196078431372 0.08088235294117647
0 0.30049019607843136 0.2139705882352941 0.024509803921568627 0.08088235294117647
0 0.2911764705882353 0.12426470588235294 0.0196078431372549 0.030882352941176472
0 0.4387254901960784 0.20294117647058824 0.03627450980392157 0.07352941176470588
0 0.453921568627451 0.2529411764705882 0.029411764705882353 0.07941176470588235
0 0.48676470588235293 0.17573529411764705 0.024509803921568627 0.06911764705882353
0 0.5436274509803921 0.24485294117647058 0.030392156862745098 0.08970588235294118
0 0.5210784313725491 0.03235294117647059 0.008823529411764706 0.03823529411764706
0 0.6563725490196078 0.030882352941176472 0.012745098039215686 0.03529411764705882
0 0.6436274509803922 0.05955882352941176 0.012745098039215686 0.04852941176470588
0 0.6553921568627451 0.0625 0.012745098039215686 0.045588235294117645
0 0.782843137254902 0.04191176470588235 0.014705882352941176 0.04264705882352941
0 0.7946078431372549 0.04044117647058824 0.012745098039215686 0.039705882352941174
0 0.8009803921568628 0.05220588235294118 0.01568627450980392 0.022058823529411766
0 0.8377450980392157 0.05220588235294118 0.014705882352941176 0.025
0 0.85 0.05220588235294118 0.01568627450980392 0.01911764705882353
0 0.861764705882353 0.05588235294117647 0.01764705882352941 0.041176470588235294
0 0.6754901960784314 0.09338235294117647 0.013725490196078431 0.0661764705882353
0 0.725 0.10441176470588236 0.012745098039215686 0.058823529411764705
0 0.7436274509803922 0.125 0.016666666666666666 0.061764705882352944
0 0.7607843137254902 0.08676470588235294 0.01568627450980392 0.05588235294117647
0 0.7759803921568628 0.12426470588235294 0.016666666666666666 0.060294117647058824
0 0.8 0.09926470588235294 0.021568627450980392 0.06323529411764706
0 0.8053921568627451 0.09485294117647058 0.006862745098039216 0.060294117647058824
0 0.8205882352941176 0.1 0.01568627450980392 0.061764705882352944
0 0.8411764705882353 0.14338235294117646 0.0196078431372549 0.06911764705882353
0 0.8377450980392157 0.14779411764705883 0.018627450980392157 0.06323529411764706
0 0.7323529411764705 0.21102941176470588 0.03333333333333333 0.08088235294117647
0 0.7318627450980392 0.27794117647058825 0.03627450980392157 0.09705882352941177
0 0.8338235294117647 0.22794117647058823 0.030392156862745098 0.08235294117647059
0 0.8588235294117647 0.2426470588235294 0.023529411764705882 0.08529411764705883
0 0.8764705882352941 0.23676470588235293 0.027450980392156862 0.08235294117647059
0 0.8485294117647059 0.3382352941176471 0.022549019607843137 0.13529411764705881
0 0.9828431372549019 0.2426470588235294 0.026470588235294117 0.06470588235294118
0 0.967156862745098 0.2875 0.026470588235294117 0.09264705882352942
0 0.9730392156862745 0.31838235294117645 0.026470588235294117 0.10147058823529412
0 0.8700980392156863 0.5514705882352942 0.04607843137254902 0.12941176470588237
0 0.8607843137254902 0.8198529411764706 0.06274509803921569 0.16911764705882354
0 0.8215686274509804 0.7044117647058824 0.08235294117647059 0.1588235294117647
0 0.6470588235294118 0.5779411764705882 0.041176470588235294 0.15
0 0.7147058823529412 0.8191176470588235 0.06470588235294118 0.14411764705882352