0 0.18509615384615385 0.47836538461538464 0.06610576923076923 0.2536057692307692
0 0.24519230769230768 0.47115384615384615 0.06490384615384616 0.2536057692307692
0 0.23918269230769232 0.4230769230769231 0.03485576923076923 0.1622596153846154
0 0.375 0.5709134615384616 0.1935096153846154 0.24639423076923078
0 0.3954326923076923 0.48677884615384615 0.08653846153846154 0.38341346153846156
0 0.4807692307692308 0.515625 0.1201923076923077 0.38461538461538464
0 0.6442307692307693 0.515625 0.09375 0.36177884615384615
0 0.6971153846153846 0.45913461538461536 0.051682692307692304 0.27524038461538464
0 0.5721153846153846 0.4639423076923077 0.040865384615384616 0.2548076923076923
0 0.3088942307692308 0.4831730769230769 0.040865384615384616 0.22596153846153846
0 0.3269230769230769 0.4014423076923077 0.03125 0.1141826923076923
0 0.35216346153846156 0.38822115384615385 0.02403846153846154 0.055288461538461536
0 0.46033653846153844 0.484375 0.06129807692307692 0.3449519230769231
0 0.4423076923076923 0.46274038461538464 0.030048076923076924 0.25
0 0.4266826923076923 0.4567307692307692 0.027644230769230768 0.2439903846153846
0 0.5204326923076923 0.4567307692307692 0.036057692307692304 0.265625
0 0.7223557692307693 0.3629807692307692 0.015625 0.08052884615384616
0 0.734375 0.3641826923076923 0.013221153846153846 0.07692307692307693
0 0.6682692307692307 0.40865384615384615 0.025240384615384616 0.12860576923076922
0 0.703125 0.3701923076923077 0.015625 0.06610576923076923
0 0.7680288461538461 0.4639423076923077 0.04807692307692308 0.26322115384615385
0 0.7992788461538461 0.47115384615384615 0.042067307692307696 0.25721153846153844
0 0.8954326923076923 0.484375 0.18509615384615385 0.2512019230769231
0 0.8737980769230769 0.4387019230769231 0.052884615384615384 0.24879807692307693
0 0.828125 0.36778846153846156 0.016826923076923076 0.08173076923076923
0 0.9338942307692307 0.3425480769230769 0.016826923076923076 0.057692307692307696
0 0.890625 0.32572115384615385 0.016826923076923076 0.057692307692307696
0 0.9086538461538461 0.359375 0.02403846153846154 0.0733173076923077
0 0.9855769230769231 0.3786057692307692 0.019230769230769232 0.027644230769230768
0 0.9711538461538461 0.37740384615384615 0.015625 0.027644230769230768
0 0.9603365384615384 0.3786057692307692 0.010817307692307692 0.02283653846153846
0 0.9507211538461539 0.3737980769230769 0.01201923076923077 0.030048076923076924
0 0.003605769230769231 0.40865384615384615 0.007211538461538462 0.0733173076923077
0 0.07572115384615384 0.4014423076923077 0.01201923076923077 0.07091346153846154
0 0.01201923076923077 0.40865384615384615 0.013221153846153846 0.0733173076923077