0 0.46274038461538464 0.9411057692307693 0.05048076923076923 0.11658653846153846
0 0.5060096153846154 0.9387019230769231 0.05048076923076923 0.11899038461538461
0 0.5444711538461539 0.9375 0.04927884615384615 0.12259615384615384
0 0.6141826923076923 0.9423076923076923 0.05048076923076923 0.11298076923076923
0 0.6646634615384616 0.9519230769230769 0.04807692307692308 0.09495192307692307
0 0.7548076923076923 0.9699519230769231 0.040865384615384616 0.05889423076923077
0 0.7487980769230769 0.9399038461538461 0.014423076923076924 0.013221153846153846
0 0.9038461538461539 0.9134615384615384 0.04447115384615385 0.16947115384615385
0 0.7391826923076923 0.8461538461538461 0.03485576923076923 0.09375
0 0.47475961538461536 0.7379807692307693 0.027644230769230768 0.07091346153846154
0 0.6117788461538461 0.6153846153846154 0.01201923076923077 0.07091346153846154
0 0.6033653846153846 0.5985576923076923 0.010817307692307692 0.040865384615384616
0 0.5144230769230769 0.7139423076923077 0.02403846153846154 0.04326923076923077
0 0.5144230769230769 0.7716346153846154 0.027644230769230768 0.12379807692307693
0 0.5324519230769231 0.7776442307692307 0.02403846153846154 0.11538461538461539
0 0.5360576923076923 0.7572115384615384 0.026442307692307692 0.09254807692307693
0 0.5228365384615384 0.7115384615384616 0.013221153846153846 0.051682692307692304
0 0.5396634615384616 0.6983173076923077 0.014423076923076924 0.030048076923076924
0 0.5432692307692307 0.7536057692307693 0.018028846153846152 0.10096153846153846
0 0.5588942307692307 0.7596153846153846 0.025240384615384616 0.11778846153846154
0 0.5552884615384616 0.6923076923076923 0.019230769230769232 0.054086538461538464
0 0.5649038461538461 0.6646634615384616 0.015625 0.05048076923076923
0 0.5709134615384616 0.6947115384615384 0.019230769230769232 0.09254807692307693
0 0.5901442307692307 0.6778846153846154 0.02283653846153846 0.07572115384615384
0 0.609375 0.6923076923076923 0.019230769230769232 0.0733173076923077
0 0.6225961538461539 0.6814903846153846 0.016826923076923076 0.08173076923076923
0 0.625 0.6346153846153846 0.016826923076923076 0.04567307692307692
0 0.6394230769230769 0.6526442307692307 0.018028846153846152 0.07572115384615384
0 0.6105769230769231 0.7151442307692307 0.015625 0.040865384615384616
0 0.6225961538461539 0.7427884615384616 0.028846153846153848 0.09134615384615384
0 0.6514423076923077 0.7704326923076923 0.028846153846153848 0.12259615384615384
0 0.6165865384615384 0.7836538461538461 0.025240384615384616 0.13221153846153846
0 0.5721153846153846 0.8305288461538461 0.040865384615384616 0.15264423076923078
0 0.6370192307692307 0.8377403846153846 0.038461538461538464 0.1622596153846154
0 0.6069711538461539 0.6670673076923077 0.016826923076923076 0.04567307692307692
0 0.5925480769230769 0.7548076923076923 0.03485576923076923 0.12740384615384615