0 0.09615384615384616 0.6322115384615384 0.125 0.7295673076923077
0 0.18509615384615385 0.6262019230769231 0.0889423076923077 0.5949519230769231
0 0.26802884615384615 0.6153846153846154 0.11177884615384616 0.5685096153846154
0 0.37740384615384615 0.46875 0.11658653846153846 0.33052884615384615
0 0.4723557692307692 0.47836538461538464 0.09495192307692307 0.26322115384615385
0 0.5504807692307693 0.5913461538461539 0.09495192307692307 0.4951923076923077
0 0.6310096153846154 0.5901442307692307 0.09254807692307693 0.5168269230769231
0 0.7079326923076923 0.47716346153846156 0.0985576923076923 0.25721153846153844
0 0.8004807692307693 0.46875 0.11298076923076923 0.24519230769230768
0 0.3762019230769231 0.7475961538461539 0.1502403846153846 0.47836538461538464
0 0.48197115384615385 0.7415865384615384 0.12740384615384615 0.46033653846153844
0 0.6021634615384616 0.7403846153846154 0.1466346153846154 0.44350961538461536
0 0.7007211538461539 0.7127403846153846 0.14423076923076922 0.5012019230769231
0 0.8173076923076923 0.7139423076923077 0.13822115384615385 0.47836538461538464
0 0.8605769230769231 0.4362980769230769 0.019230769230769232 0.08173076923076923
0 0.8762019230769231 0.4387019230769231 0.021634615384615384 0.0829326923076923
0 0.9411057692307693 0.4362980769230769 0.026442307692307692 0.10216346153846154
0 0.9170673076923077 0.4230769230769231 0.020432692307692308 0.052884615384615384
0 0.8846153846153846 0.43149038461538464 0.018028846153846152 0.07692307692307693