0 0.03714565004887586 0.9919117647058824 0.015640273704789834 0.013235294117647059
0 0.05327468230694037 0.9941176470588236 0.01270772238514174 0.008823529411764706
0 0.06207233626588465 0.9852941176470589 0.016617790811339198 0.026470588235294117
0 0.0000707099373261515 0.0014500432525951558 0.00000955539693596641 0.00004974048442906573
0 0.00011562030292519367 0.0014457179930795847 0.000011466476323159692 0.000054065743944636815
0 0.13049853372434017 0.9808823529411764 0.01270772238514174 0.03529411764705882
0 0.005376344086021506 0.9279411764705883 0.010752688172043012 0.041176470588235294
0 0.03470185728250244 0.9058823529411765 0.01270772238514174 0.05
0 0.04887585532746823 0.9330882352941177 0.015640273704789834 0.054411764705882354
0 0.0635386119257087 0.9463235294117647 0.011730205278592375 0.054411764705882354
0 0.0718475073313783 0.9514705882352941 0.01270772238514174 0.047058823529411764
0 0.08211143695014662 0.9529411764705882 0.013685239491691105 0.05588235294117647
0 0.09530791788856305 0.9448529411764706 0.016617790811339198 0.060294117647058824
0 0.10997067448680352 0.924264705882353 0.01466275659824047 0.04852941176470588
0 0.06451612903225806 0.9257352941176471 0.013685239491691105 0.045588235294117645
0 0.06402737047898338 0.9058823529411765 0.010752688172043012 0.03823529411764706
0 0.08406647116324535 0.888235294117647 0.015640273704789834 0.052941176470588235
0 0.06304985337243402 0.8764705882352941 0.01270772238514174 0.052941176470588235
0 0.0718475073313783 0.8757352941176471 0.01270772238514174 0.054411764705882354
0 0.06060606060606061 0.8470588235294118 0.007820136852394917 0.026470588235294117
0 0.06940371456500488 0.8558823529411764 0.013685239491691105 0.05
0 0.08113391984359726 0.8536764705882353 0.009775171065493646 0.045588235294117645
0 0.093841642228739 0.8470588235294118 0.011730205278592375 0.020588235294117647
0 0.10850439882697947 0.8477941176470588 0.017595307917888565 0.033823529411764704
0 0.19159335288367546 0.9536764705882353 0.015640273704789834 0.06323529411764706
0 0.21114369501466276 0.9705882352941176 0.015640273704789834 0.03823529411764706
0 0.21114369501466276 0.9536764705882353 0.011730205278592375 0.051470588235294115
0 0.2013685239491691 0.9080882352941176 0.015640273704789834 0.054411764705882354
0 0.2126099706744868 0.9169117647058823 0.010752688172043012 0.033823529411764704
0 0.21945259042033236 0.9213235294117647 0.01270772238514174 0.051470588235294115
0 0.22434017595307917 0.799264705882353 0.010752688172043012 0.030882352941176472
0 0.15933528836754643 0.7867647058823529 0.011730205278592375 0.01764705882352941
0 0.1681329423264907 0.7904411764705882 0.013685239491691105 0.027941176470588237
0 0.17595307917888564 0.7955882352941176 0.013685239491691105 0.026470588235294117
0 0.16959921798631475 0.7514705882352941 0.01270772238514174 0.03823529411764706
0 0.1793743890518084 0.7463235294117647 0.01270772238514174 0.039705882352941174
0 0.20039100684261973 0.7617647058823529 0.011730205278592375 0.05
0 0.20527859237536658 0.7647058823529411 0.013685239491691105 0.05
0 0.24975562072336266 0.7051470588235295 0.01857282502443793 0.045588235294117645
0 0.005865102639296188 0.8235294117647058 0.011730205278592375 0.05
0 0.05816226783968719 0.8080882352941177 0.016617790811339198 0.051470588235294115
0 0.06793743890518084 0.8058823529411765 0.01270772238514174 0.04411764705882353
0 0.021994134897360705 0.7955882352941176 0.008797653958944282 0.03235294117647059
0 0.03714565004887586 0.7838235294117647 0.011730205278592375 0.05
0 0.04398826979472141 0.7897058823529411 0.009775171065493646 0.047058823529411764
0 0.0635386119257087 0.7764705882352941 0.013685239491691105 0.03235294117647059
0 0.07526881720430108 0.7830882352941176 0.011730205278592375 0.04852941176470588
0 0.08651026392961877 0.7779411764705882 0.010752688172043012 0.05
0 0.09579667644183773 0.7786764705882353 0.011730205278592375 0.054411764705882354
0 0.11143695014662756 0.7786764705882353 0.013685239491691105 0.04852941176470588
0 0.06989247311827956 0.7735294117647059 0.010752688172043012 0.041176470588235294
0 0.08406647116324535 0.7625 0.007820136852394917 0.033823529411764704
0 0.056695992179863146 0.7764705882352941 0.009775171065493646 0.03823529411764706
0 0.04349951124144673 0.7595588235294117 0.01270772238514174 0.039705882352941174
0 0.06647116324535679 0.7529411764705882 0.009775171065493646 0.03235294117647059
0 0.021505376344086023 0.7448529411764706 0.011730205278592375 0.051470588235294115
0 0.01857282502443793 0.7227941176470588 0.009775171065493646 0.045588235294117645
0 0.02737047898338221 0.7338235294117647 0.009775171065493646 0.047058823529411764
0 0.029814271749755622 0.7183823529411765 0.01270772238514174 0.03676470588235294
0 0.03812316715542522 0.7455882352941177 0.007820136852394917 0.05
0 0.04838709677419355 0.7441176470588236 0.010752688172043012 0.041176470588235294
0 0.07380254154447703 0.7279411764705882 0.010752688172043012 0.04411764705882353
0 0.08211143695014662 0.7279411764705882 0.013685239491691105 0.05588235294117647
0 0.09286412512218964 0.736764705882353 0.011730205278592375 0.041176470588235294
0 0.11485826001955034 0.7242647058823529 0.01270772238514174 0.04852941176470588
0 0.12561094819159335 0.7220588235294118 0.01466275659824047 0.052941176470588235
0 0.05327468230694037 0.6933823529411764 0.01270772238514174 0.04264705882352941
0 0.06451612903225806 0.6933823529411764 0.015640273704789834 0.04264705882352941
0 0.08162267839687194 0.6904411764705882 0.010752688172043012 0.039705882352941174
0 0.08797653958944282 0.6970588235294117 0.009775171065493646 0.041176470588235294
0 0.09628543499511241 0.7036764705882353 0.01466275659824047 0.033823529411764704
0 0.10948191593352884 0.6904411764705882 0.013685239491691105 0.04852941176470588
0 0.13147605083088953 0.7036764705882353 0.01270772238514174 0.04852941176470588
0 0.13929618768328444 0.7029411764705882 0.01270772238514174 0.05
0 0.09286412512218964 0.6647058823529411 0.011730205278592375 0.026470588235294117
0 0.11241446725317693 0.6580882352941176 0.013685239491691105 0.033823529411764704
0 0.12023460410557185 0.6566176470588235 0.011730205278592375 0.04852941176470588
0 0.12903225806451613 0.6661764705882353 0.013685239491691105 0.03823529411764706
0 0.11730205278592376 0.674264705882353 0.013685239491691105 0.045588235294117645
0 0.13294232649071358 0.6455882352941177 0.011730205278592375 0.03823529411764706
0 0.15347018572825025 0.6588235294117647 0.011730205278592375 0.05
0 0.16177908113391984 0.6602941176470588 0.01270772238514174 0.04411764705882353
0 0.1681329423264907 0.6470588235294118 0.013685239491691105 0.041176470588235294
0 0.18035190615835778 0.6441176470588236 0.01466275659824047 0.047058823529411764
0 0.19159335288367546 0.6477941176470589 0.013685239491691105 0.04264705882352941
0 0.10557184750733138 0.6227941176470588 0.013685239491691105 0.045588235294117645
0 0.1270772238514174 0.6191176470588236 0.009775171065493646 0.041176470588235294
0 0.1466275659824047 0.6389705882352941 0.011730205278592375 0.04264705882352941
0 0.15298142717497556 0.6235294117647059 0.010752688172043012 0.029411764705882353
0 0.1652003910068426 0.6154411764705883 0.007820136852394917 0.013235294117647059
0 0.1739980449657869 0.6235294117647059 0.011730205278592375 0.041176470588235294
0 0.18377321603128055 0.6169117647058824 0.009775171065493646 0.033823529411764704
0 0.21505376344086022 0.6227941176470588 0.011730205278592375 0.033823529411764704
0 0.22287390029325513 0.6220588235294118 0.011730205278592375 0.041176470588235294
0 0.16471163245356793 0.6095588235294118 0.010752688172043012 0.03676470588235294
0 0.07038123167155426 0.5904411764705882 0.013685239491691105 0.045588235294117645
0 0.07673509286412512 0.5875 0.01270772238514174 0.045588235294117645
0 0.10410557184750734 0.5882352941176471 0.010752688172043012 0.03823529411764706
0 0.12072336265884653 0.5977941176470588 0.010752688172043012 0.04264705882352941
0 0.12903225806451613 0.5985294117647059 0.011730205278592375 0.03235294117647059
0 0.12756598240469208 0.575735294117647 0.01270772238514174 0.025
0 0.14516129032258066 0.5823529411764706 0.010752688172043012 0.041176470588235294
0 0.15542521994134897 0.5830882352941177 0.009775171065493646 0.039705882352941174
0 0.1627565982404692 0.5808823529411765 0.006842619745845552 0.03235294117647059
0 0.16715542521994134 0.5845588235294118 0.007820136852394917 0.030882352941176472
0 0.17204301075268819 0.5816176470588236 0.007820136852394917 0.03676470588235294
0 0.17644183773216032 0.5794117647058824 0.008797653958944282 0.03235294117647059
0 0.18328445747800587 0.5786764705882353 0.008797653958944282 0.033823529411764704
0 0.19012707722385142 0.5852941176470589 0.010752688172043012 0.04411764705882353
0 0.198435972629521 0.5845588235294118 0.007820136852394917 0.04264705882352941
0 0.2047898338220919 0.5823529411764706 0.008797653958944282 0.03823529411764706
0 0.21212121212121213 0.5897058823529412 0.009775171065493646 0.03529411764705882
0 0.2233626588465298 0.5875 0.01270772238514174 0.039705882352941174
0 0.12072336265884653 0.5588235294117647 0.010752688172043012 0.041176470588235294
0 0.16226783968719452 0.5551470588235294 0.009775171065493646 0.030882352941176472
0 0.16715542521994134 0.5507352941176471 0.009775171065493646 0.033823529411764704
0 0.19648093841642228 0.5669117647058823 0.011730205278592375 0.030882352941176472
0 0.21700879765395895 0.5566176470588236 0.011730205278592375 0.022058823529411766
0 0.2287390029325513 0.5625 0.019550342130987292 0.04264705882352941
0 0.2287390029325513 0.5522058823529412 0.011730205278592375 0.03676470588235294
0 0.13880742913000976 0.5330882352941176 0.011730205278592375 0.04852941176470588
0 0.14711632453567938 0.5213235294117647 0.010752688172043012 0.045588235294117645
0 0.1603128054740958 0.524264705882353 0.011730205278592375 0.04852941176470588
0 0.17008797653958943 0.5286764705882353 0.013685239491691105 0.04852941176470588
0 0.18328445747800587 0.5235294117647059 0.01466275659824047 0.041176470588235294
0 0.2013685239491691 0.5419117647058823 0.011730205278592375 0.04264705882352941
0 0.2155425219941349 0.5323529411764706 0.010752688172043012 0.041176470588235294
0 0.2209188660801564 0.5389705882352941 0.011730205278592375 0.039705882352941174
0 0.23069403714565004 0.5308823529411765 0.011730205278592375 0.03529411764705882
0 0.2434017595307918 0.5272058823529412 0.011730205278592375 0.04264705882352941
0 0.2155425219941349 0.5235294117647059 0.008797653958944282 0.03529411764705882
0 0.22434017595307917 0.513235294117647 0.008797653958944282 0.03823529411764706
0 0.24633431085043989 0.5029411764705882 0.011730205278592375 0.041176470588235294
0 0.17008797653958943 0.4963235294117647 0.007820136852394917 0.01911764705882353
0 0.17595307917888564 0.5036764705882353 0.009775171065493646 0.027941176470588237
0 0.17302052785923755 0.4889705882352941 0.007820136852394917 0.01911764705882353
0 0.18621700879765396 0.49558823529411766 0.008797653958944282 0.01764705882352941
0 0.21163245356793745 0.5051470588235294 0.010752688172043012 0.030882352941176472
0 0.23460410557184752 0.5073529411764706 0.011730205278592375 0.041176470588235294
0 0.26930596285434993 0.49558823529411766 0.008797653958944282 0.03529411764705882
0 0.18475073313782991 0.47794117647058826 0.011730205278592375 0.03235294117647059
0 0.19452590420332355 0.48161764705882354 0.009775171065493646 0.039705882352941174
0 0.21749755620723363 0.4838235294117647 0.010752688172043012 0.03529411764705882
0 0.22580645161290322 0.4808823529411765 0.011730205278592375 0.03823529411764706
0 0.23900293255131966 0.4808823529411765 0.010752688172043012 0.041176470588235294
0 0.2458455522971652 0.47573529411764703 0.010752688172043012 0.01911764705882353
0 0.23900293255131966 0.4713235294117647 0.008797653958944282 0.039705882352941174
0 0.17253176930596287 0.47058823529411764 0.008797653958944282 0.03235294117647059
0 0.18084066471163246 0.4661764705882353 0.009775171065493646 0.03823529411764706
0 0.18475073313782991 0.4786764705882353 0.011730205278592375 0.033823529411764704
0 0.1959921798631476 0.4610294117647059 0.008797653958944282 0.039705882352941174
0 0.18621700879765396 0.46397058823529413 0.008797653958944282 0.033823529411764704
0 0.20821114369501467 0.46176470588235297 0.009775171065493646 0.03823529411764706
0 0.20430107526881722 0.45808823529411763 0.007820136852394917 0.039705882352941174
0 0.22043010752688172 0.4610294117647059 0.01466275659824047 0.039705882352941174
0 0.23362658846529813 0.45588235294117646 0.009775171065493646 0.03823529411764706
0 0.24144672531769307 0.4551470588235294 0.007820136852394917 0.030882352941176472
0 0.24731182795698925 0.4485294117647059 0.011730205278592375 0.03235294117647059
0 0.25562072336265884 0.45808823529411763 0.006842619745845552 0.027941176470588237
0 0.26050830889540566 0.45441176470588235 0.006842619745845552 0.03235294117647059
0 0.26637341153470184 0.45441176470588235 0.010752688172043012 0.041176470588235294
0 0.22531769305962854 0.43161764705882355 0.010752688172043012 0.039705882352941174
0 0.1774193548387097 0.41911764705882354 0.008797653958944282 0.03529411764705882
0 0.18035190615835778 0.41323529411764703 0.008797653958944282 0.03823529411764706
0 0.1881720430107527 0.4176470588235294 0.008797653958944282 0.03235294117647059
0 0.25024437927663734 0.4073529411764706 0.009775171065493646 0.041176470588235294
0 0.26588465298142716 0.4022058823529412 0.007820136852394917 0.025
0 0.18475073313782991 0.37573529411764706 0.011730205278592375 0.039705882352941174
0 0.22434017595307917 0.3875 0.008797653958944282 0.030882352941176472
0 0.2404692082111437 0.3786764705882353 0.009775171065493646 0.01911764705882353
0 0.2179863147605083 0.3860294117647059 0.007820136852394917 0.033823529411764704
0 0.21114369501466276 0.3683823529411765 0.007820136852394917 0.03676470588235294
0 0.23069403714565004 0.37058823529411766 0.011730205278592375 0.041176470588235294
0 0.2380254154447703 0.37058823529411766 0.008797653958944282 0.03823529411764706
0 0.250733137829912 0.3382352941176471 0.008797653958944282 0.03235294117647059
0 0.20772238514174 0.3382352941176471 0.008797653958944282 0.03529411764705882
0 0.21505376344086022 0.3375 0.007820136852394917 0.030882352941176472
0 0.22189638318670576 0.3375 0.007820136852394917 0.033823529411764704
0 0.35043988269794724 0.26838235294117646 0.008797653958944282 0.030882352941176472
0 0.3592375366568915 0.2698529411764706 0.008797653958944282 0.033823529411764704
0 0.37145650048875856 0.26691176470588235 0.011730205278592375 0.03676470588235294
0 0.38220918866080156 0.26029411764705884 0.011730205278592375 0.03823529411764706
0 0.6647116324535679 0.9654411764705882 0.013685239491691105 0.054411764705882354
0 0.9594330400782014 0.9169117647058823 0.010752688172043012 0.051470588235294115
0 0.9721407624633431 0.9433823529411764 0.010752688172043012 0.04852941176470588
0 0.8778103616813294 0.5639705882352941 0.013685239491691105 0.04264705882352941
0 0.8768328445747801 0.5404411764705882 0.011730205278592375 0.025
0 0.6700879765395894 0.2161764705882353 0.008797653958944282 0.01764705882352941
0 0.49902248289345064 0.17720588235294119 0.006842619745845552 0.027941176470588237
0 0.5034213098729228 0.1786764705882353 0.009775171065493646 0.030882352941176472
0 0.6901270772238515 0.13602941176470587 0.009775171065493646 0.022058823529411766
0 0.0009732171779281797 0.00041738754325259516 0.000010510936629563052 0.00005190311418685119
0 0.969208211143695 0.27058823529411763 0.008797653958944282 0.029411764705882353
0 0.9667644183773216 0.25882352941176473 0.007820136852394917 0.029411764705882353
0 0.9726295210166178 0.25735294117647056 0.007820136852394917 0.03235294117647059
0 0.9780058651026393 0.25735294117647056 0.008797653958944282 0.029411764705882353
0 0.9828934506353861 0.2566176470588235 0.008797653958944282 0.030882352941176472
0 0.9897360703812317 0.2485294117647059 0.008797653958944282 0.01764705882352941
0 0.0009736949477749781 0.00034602076124567473 0.00000955539693596641 0.00003460207612456752
0 0.978494623655914 0.21323529411764705 0.007820136852394917 0.029411764705882353
0 0.9706744868035191 0.21544117647058825 0.007820136852394917 0.027941176470588237
0 0.9481915933528837 0.2595588235294118 0.007820136852394917 0.027941176470588237
0 0.10654936461388075 0.5661764705882353 0.019550342130987292 0.052941176470588235