0 0.018028846153846152 0.5625 0.020432692307692308 0.078125
0 0.07572115384615384 0.6634615384615384 0.1310096153846154 0.4074519230769231
0 0.1814903846153846 0.6478365384615384 0.12259615384615384 0.33774038461538464
0 0.2644230769230769 0.6069711538461539 0.12740384615384615 0.29447115384615385
0 0.27283653846153844 0.6514423076923077 0.1622596153846154 0.38341346153846156
0 0.5048076923076923 0.6009615384615384 0.021634615384615384 0.1346153846153846
0 0.5096153846153846 0.6538461538461539 0.10216346153846154 0.33533653846153844
0 0.6358173076923077 0.6310096153846154 0.021634615384615384 0.10576923076923077
0 0.6490384615384616 0.6983173076923077 0.11057692307692307 0.47716346153846156
0 0.7644230769230769 0.6622596153846154 0.15144230769230768 0.3701923076923077
0 0.7199519230769231 0.6213942307692307 0.026442307692307692 0.14783653846153846
0 0.7439903846153846 0.6081730769230769 0.019230769230769232 0.109375
0 0.9591346153846154 0.625 0.03365384615384615 0.14423076923076922
0 0.9867788461538461 0.6189903846153846 0.026442307692307692 0.1346153846153846