0 0.8810096153846154 0.12620192307692307 0.03125 0.0733173076923077
0 0.8533653846153846 0.11658653846153846 0.028846153846153848 0.07451923076923077
0 0.7944711538461539 0.16466346153846154 0.04567307692307692 0.12259615384615384
0 0.8197115384615384 0.17908653846153846 0.03245192307692308 0.10096153846153846
0 0.8473557692307693 0.16105769230769232 0.028846153846153848 0.07211538461538461
0 0.9855769230769231 0.1971153846153846 0.028846153846153848 0.0733173076923077
0 0.9206730769230769 0.22235576923076922 0.038461538461538464 0.10336538461538461
0 0.9170673076923077 0.24519230769230768 0.03125 0.06971153846153846
0 0.9591346153846154 0.27403846153846156 0.03365384615384615 0.13581730769230768
0 0.9855769230769231 0.2692307692307692 0.028846153846153848 0.13942307692307693
0 0.9759615384615384 0.37740384615384615 0.04807692307692308 0.16826923076923078
0 0.9807692307692307 0.5360576923076923 0.038461538461538464 0.09615384615384616
0 0.9699519230769231 0.5096153846153846 0.038461538461538464 0.11658653846153846
0 0.6586538461538461 0.10096153846153846 0.03365384615384615 0.08533653846153846
0 0.7103365384615384 0.1658653846153846 0.03125 0.0889423076923077
0 0.7307692307692307 0.19230769230769232 0.040865384615384616 0.0985576923076923
0 0.71875 0.2764423076923077 0.042067307692307696 0.13581730769230768
0 0.6838942307692307 0.23918269230769232 0.03485576923076923 0.07932692307692307
0 0.6526442307692307 0.15865384615384615 0.02403846153846154 0.07211538461538461
0 0.6574519230769231 0.22235576923076922 0.02403846153846154 0.05889423076923077
0 0.6370192307692307 0.11899038461538461 0.01201923076923077 0.019230769230769232
0 0.6021634615384616 0.125 0.02403846153846154 0.040865384615384616
0 0.5793269230769231 0.13581730769230768 0.028846153846153848 0.06129807692307692
0 0.5625 0.2127403846153846 0.028846153846153848 0.078125
0 0.5576923076923077 0.18990384615384615 0.036057692307692304 0.12620192307692307
0 0.48197115384615385 0.12259615384615384 0.037259615384615384 0.0625
0 0.46033653846153844 0.2403846153846154 0.026442307692307692 0.07211538461538461
0 0.4567307692307692 0.17067307692307693 0.03245192307692308 0.09375
0 0.42427884615384615 0.1622596153846154 0.028846153846153848 0.08173076923076923
0 0.4855769230769231 0.15985576923076922 0.019230769230769232 0.056490384615384616
0 0.3581730769230769 0.1466346153846154 0.018028846153846152 0.056490384615384616
0 0.31009615384615385 0.21875 0.016826923076923076 0.04927884615384615
0 0.3125 0.20192307692307693 0.039663461538461536 0.052884615384615384
0 0.2860576923076923 0.18028846153846154 0.03125 0.06971153846153846
0 0.20673076923076922 0.17668269230769232 0.02403846153846154 0.0625
0 0.03245192307692308 0.23677884615384615 0.037259615384615384 0.07932692307692307
0 0.016826923076923076 0.19230769230769232 0.026442307692307692 0.05889423076923077
0 0.014423076923076924 0.3293269230769231 0.028846153846153848 0.0733173076923077
0 0.020432692307692308 0.3798076923076923 0.039663461538461536 0.11538461538461539
0 0.036057692307692304 0.6141826923076923 0.07211538461538461 0.5504807692307693
0 0.11057692307692307 0.5276442307692307 0.1502403846153846 0.8461538461538461
0 0.24639423076923078 0.5060096153846154 0.13822115384615385 0.8762019230769231
0 0.203125 0.640625 0.07932692307692307 0.5060096153846154
0 0.3088942307692308 0.6382211538461539 0.06610576923076923 0.5072115384615384
0 0.3762019230769231 0.5084134615384616 0.1622596153846154 0.8918269230769231
0 0.4567307692307692 0.5853365384615384 0.03485576923076923 0.17067307692307693
0 0.42788461538461536 0.6117788461538461 0.02283653846153846 0.19951923076923078
0 0.4831730769230769 0.6694711538461539 0.08413461538461539 0.4519230769230769
0 0.6875 0.6358173076923077 0.07451923076923077 0.5216346153846154
0 0.7992788461538461 0.6899038461538461 0.07451923076923077 0.4567307692307692
0 0.8858173076923077 0.5456730769230769 0.13822115384615385 0.7896634615384616
0 0.7680288461538461 0.5649038461538461 0.13341346153846154 0.7367788461538461
0 0.6346153846153846 0.5228365384615384 0.15144230769230768 0.8293269230769231
0 0.5120192307692307 0.5336538461538461 0.12259615384615384 0.8293269230769231
0 0.8329326923076923 0.1310096153846154 0.020432692307692308 0.051682692307692304
0 0.7043269230769231 0.45072115384615385 0.020432692307692308 0.06129807692307692
0 0.7199519230769231 0.5216346153846154 0.03245192307692308 0.11658653846153846
0 0.12740384615384615 0.10096153846153846 0.013221153846153846 0.021634615384615384
0 0.4375 0.5012019230769231 0.02283653846153846 0.11778846153846154