0 0.078125 0.5060096153846154 0.09975961538461539 0.3858173076923077
0 0.1658653846153846 0.5504807692307693 0.08413461538461539 0.3762019230769231
0 0.27163461538461536 0.5540865384615384 0.13341346153846154 0.44471153846153844
0 0.40384615384615385 0.5697115384615384 0.1201923076923077 0.3713942307692308
0 0.6033653846153846 0.6322115384615384 0.12259615384615384 0.5336538461538461
0 0.5444711538461539 0.5637019230769231 0.09254807692307693 0.4026442307692308
0 0.6995192307692307 0.5504807692307693 0.10336538461538461 0.4170673076923077
0 0.9278846153846154 0.6370192307692307 0.14423076923076922 0.5108173076923077
0 0.8798076923076923 0.5096153846153846 0.09975961538461539 0.32091346153846156
0 0.8040865384615384 0.5144230769230769 0.08653846153846154 0.2776442307692308
0 0.7427884615384616 0.46875 0.0625 0.26322115384615385
0 0.6899038461538461 0.5060096153846154 0.125 0.3161057692307692
0 0.6550480769230769 0.38341346153846156 0.051682692307692304 0.15264423076923078
0 0.5637019230769231 0.37740384615384615 0.0625 0.0985576923076923
0 0.5336538461538461 0.41586538461538464 0.06370192307692307 0.16706730769230768
0 0.47716346153846156 0.46274038461538464 0.056490384615384616 0.23918269230769232
0 0.39903846153846156 0.38341346153846156 0.042067307692307696 0.06009615384615385
0 0.31850961538461536 0.45552884615384615 0.042067307692307696 0.19951923076923078
0 0.3581730769230769 0.3918269230769231 0.04567307692307692 0.14182692307692307
0 0.3425480769230769 0.38461538461538464 0.03485576923076923 0.15504807692307693
0 0.1935096153846154 0.49759615384615385 0.06009615384615385 0.29927884615384615
0 0.21634615384615385 0.4110576923076923 0.054086538461538464 0.171875
0 0.125 0.35697115384615385 0.028846153846153848 0.13701923076923078
0 0.04326923076923077 0.34975961538461536 0.02403846153846154 0.07211538461538461
0 0.08413461538461539 0.33653846153846156 0.020432692307692308 0.07091346153846154
0 0.09254807692307693 0.3389423076923077 0.016826923076923076 0.06971153846153846
0 0.25 0.31009615384615385 0.037259615384615384 0.14302884615384615
0 0.26322115384615385 0.31490384615384615 0.020432692307692308 0.03485576923076923
0 0.3918269230769231 0.3581730769230769 0.027644230769230768 0.078125
0 0.3858173076923077 0.3641826923076923 0.028846153846153848 0.1141826923076923
0 0.41346153846153844 0.33774038461538464 0.028846153846153848 0.06009615384615385
0 0.44350961538461536 0.5324519230769231 0.05889423076923077 0.3449519230769231
0 0.45913461538461536 0.3485576923076923 0.03125 0.09495192307692307
0 0.4807692307692308 0.3389423076923077 0.030048076923076924 0.04326923076923077
0 0.5036057692307693 0.38461538461538464 0.04326923076923077 0.1201923076923077
0 0.4795673076923077 0.34615384615384615 0.030048076923076924 0.06370192307692307
0 0.5108173076923077 0.3269230769230769 0.03485576923076923 0.0673076923076923
0 0.5456730769230769 0.3425480769230769 0.036057692307692304 0.07211538461538461
0 0.6153846153846154 0.3449519230769231 0.030048076923076924 0.06971153846153846
0 0.625 0.33533653846153844 0.02403846153846154 0.05889423076923077
0 0.8064903846153846 0.3798076923076923 0.056490384615384616 0.10216346153846154
0 0.8233173076923077 0.37740384615384615 0.03125 0.08653846153846154
0 0.78125 0.375 0.02403846153846154 0.09254807692307693
0 0.7896634615384616 0.32091346153846156 0.016826923076923076 0.03485576923076923
0 0.7920673076923077 0.3076923076923077 0.02283653846153846 0.04927884615384615
0 0.8497596153846154 0.3293269230769231 0.02403846153846154 0.08052884615384616
0 0.8954326923076923 0.3581730769230769 0.04326923076923077 0.07932692307692307
0 0.9110576923076923 0.3629807692307692 0.026442307692307692 0.08653846153846154
0 0.9266826923076923 0.3557692307692308 0.037259615384615384 0.09615384615384616
0 0.8725961538461539 0.33774038461538464 0.036057692307692304 0.04567307692307692
0 0.9783653846153846 0.2920673076923077 0.01201923076923077 0.04447115384615385
0 0.8966346153846154 0.30288461538461536 0.009615384615384616 0.04567307692307692
0 0.9002403846153846 0.2860576923076923 0.010817307692307692 0.030048076923076924
0 0.7680288461538461 0.296875 0.015625 0.056490384615384616
0 0.78125 0.28725961538461536 0.010817307692307692 0.04326923076923077
0 0.7932692307692307 0.27163461538461536 0.009615384615384616 0.016826923076923076
0 0.5673076923076923 0.30528846153846156 0.027644230769230768 0.06370192307692307
0 0.5396634615384616 0.30408653846153844 0.027644230769230768 0.054086538461538464
0 0.9699519230769231 0.28846153846153844 0.010817307692307692 0.040865384615384616