0 0.12139423076923077 0.7439903846153846 0.24278846153846154 0.5120192307692307
0 0.2548076923076923 0.7884615384615384 0.0625 0.24639423076923078
0 0.2776442307692308 0.7872596153846154 0.037259615384615384 0.2283653846153846
0 0.3125 0.7632211538461539 0.021634615384615384 0.1201923076923077
0 0.34975961538461536 0.8100961538461539 0.10576923076923077 0.3112980769230769
0 0.40865384615384615 0.7704326923076923 0.038461538461538464 0.15264423076923078
0 0.43990384615384615 0.7776442307692307 0.06129807692307692 0.19471153846153846
0 0.4675480769230769 0.7355769230769231 0.016826923076923076 0.07211538461538461
0 0.48197115384615385 0.7223557692307693 0.01201923076923077 0.04326923076923077
0 0.49399038461538464 0.7307692307692307 0.018028846153846152 0.0673076923076923
0 0.5252403846153846 0.7800480769230769 0.07572115384615384 0.26322115384615385
0 0.5516826923076923 0.7223557692307693 0.01201923076923077 0.04567307692307692
0 0.578125 0.7295673076923077 0.02403846153846154 0.0733173076923077
0 0.5901442307692307 0.7223557692307693 0.008413461538461538 0.039663461538461536
0 0.6021634615384616 0.7439903846153846 0.02403846153846154 0.09134615384615384
0 0.6081730769230769 0.7211538461538461 0.013221153846153846 0.0625
0 0.6237980769230769 0.7307692307692307 0.013221153846153846 0.051682692307692304
0 0.6298076923076923 0.7271634615384616 0.013221153846153846 0.055288461538461536
0 0.6454326923076923 0.7463942307692307 0.02403846153846154 0.09375
0 0.6538461538461539 0.7439903846153846 0.015625 0.09014423076923077
0 0.6754807692307693 0.7764423076923077 0.039663461538461536 0.21394230769230768
0 0.6995192307692307 0.7728365384615384 0.046875 0.19110576923076922
0 0.7367788461538461 0.7319711538461539 0.04927884615384615 0.13942307692307693
0 0.8028846153846154 0.7680288461538461 0.03125 0.11658653846153846
0 0.7932692307692307 0.6983173076923077 0.026442307692307692 0.036057692307692304
0 0.8004807692307693 0.7199519230769231 0.025240384615384616 0.057692307692307696
0 0.8918269230769231 0.7776442307692307 0.046875 0.16706730769230768
0 0.7427884615384616 0.8978365384615384 0.11177884615384616 0.20432692307692307