0 0.5661407766990292 0.24225865209471767 0.09344660194174757 0.2331511839708561
0 0.6808252427184466 0.24499089253187614 0.11407766990291263 0.2204007285974499
0 0.3786407766990291 0.2522768670309654 0.07766990291262135 0.122040072859745
0 0.2020631067961165 0.30145719489981787 0.10800970873786407 0.2058287795992714
0 0.7900485436893204 0.31876138433515483 0.1262135922330097 0.3460837887067395
0 0.3094660194174757 0.34153005464480873 0.10194174757281553 0.25318761384335153
0 0.5121359223300971 0.36247723132969034 0.12135922330097088 0.3424408014571949
0 0.4411407766990291 0.3679417122040073 0.10558252427184465 0.2987249544626594
0 0.2554611650485437 0.39162112932604737 0.10072815533980582 0.15664845173041894
0 0.3804611650485437 0.4016393442622951 0.16140776699029127 0.28233151183970856
0 0.12075242718446602 0.4371584699453552 0.10315533980582524 0.3825136612021858
0 0.7324029126213593 0.465391621129326 0.10558252427184465 0.41712204007285975
0 0.17475728155339806 0.4744990892531876 0.13592233009708737 0.30418943533697634
0 0.6711165048543689 0.5018214936247724 0.1383495145631068 0.36247723132969034
0 0.8106796116504854 0.5309653916211293 0.14320388349514562 0.3296903460837887
0 0.5412621359223301 0.5510018214936248 0.12135922330097088 0.3406193078324226
0 0.2566747572815534 0.6256830601092896 0.15898058252427186 0.5373406193078324
0 0.5983009708737864 0.6338797814207651 0.07281553398058252 0.5828779599271403
0 0.39745145631067963 0.656648451730419 0.1395631067961165 0.5081967213114754
0 0.6589805825242718 0.7103825136612022 0.14805825242718446 0.575591985428051
0 0.787621359223301 0.7459016393442623 0.15776699029126215 0.5045537340619308
0 0.16686893203883496 0.7468123861566485 0.19053398058252427 0.5027322404371585
0 0.5054611650485437 0.7477231329690346 0.17597087378640777 0.5009107468123861
0 0.341626213592233 0.7622950819672131 0.17354368932038836 0.47176684881602915