0 0.8713942307692307 0.6766826923076923 0.03125 0.08052884615384616
0 0.9362980769230769 0.7752403846153846 0.030048076923076924 0.03365384615384615
0 0.4495192307692308 0.7704326923076923 0.03245192307692308 0.06971153846153846
0 0.3004807692307692 0.7848557692307693 0.052884615384615384 0.16105769230769232
0 0.3269230769230769 0.7680288461538461 0.021634615384615384 0.11899038461538461
0 0.25961538461538464 0.7283653846153846 0.03125 0.11177884615384616
0 0.15504807692307693 0.7415865384615384 0.046875 0.11177884615384616
0 0.03125 0.7403846153846154 0.03485576923076923 0.10336538461538461
0 0.34975961538461536 0.7067307692307693 0.026442307692307692 0.10336538461538461
0 0.38100961538461536 0.7103365384615384 0.025240384615384616 0.09375
0 0.36658653846153844 0.6959134615384616 0.020432692307692308 0.09615384615384616
0 0.38100961538461536 0.6694711538461539 0.027644230769230768 0.03365384615384615
0 0.41225961538461536 0.7079326923076923 0.021634615384615384 0.09134615384615384
0 0.4519230769230769 0.7139423076923077 0.021634615384615384 0.051682692307692304
0 0.46274038461538464 0.6959134615384616 0.027644230769230768 0.06490384615384616
0 0.47836538461538464 0.6935096153846154 0.015625 0.056490384615384616
0 0.49399038461538464 0.6911057692307693 0.030048076923076924 0.056490384615384616
0 0.5204326923076923 0.6959134615384616 0.027644230769230768 0.06009615384615385
0 0.5456730769230769 0.6971153846153846 0.03245192307692308 0.0673076923076923
0 0.5721153846153846 0.6814903846153846 0.025240384615384616 0.0673076923076923
0 0.5817307692307693 0.6766826923076923 0.019230769230769232 0.0673076923076923
0 0.6971153846153846 0.6514423076923077 0.014423076923076924 0.06490384615384616
0 0.6754807692307693 0.6430288461538461 0.016826923076923076 0.05889423076923077
0 0.6454326923076923 0.6334134615384616 0.01201923076923077 0.056490384615384616
0 0.6346153846153846 0.6346153846153846 0.01201923076923077 0.05889423076923077
0 0.6177884615384616 0.6454326923076923 0.025240384615384616 0.040865384615384616
0 0.6201923076923077 0.6213942307692307 0.01201923076923077 0.02283653846153846
0 0.6045673076923077 0.6105769230769231 0.009615384615384616 0.042067307692307696
0 0.5865384615384616 0.6057692307692307 0.010817307692307692 0.040865384615384616
0 0.49278846153846156 0.6586538461538461 0.020432692307692308 0.04927884615384615
0 0.4855769230769231 0.6442307692307693 0.016826923076923076 0.046875
0 0.5300480769230769 0.6514423076923077 0.015625 0.06009615384615385
0 0.5396634615384616 0.6466346153846154 0.016826923076923076 0.06009615384615385
0 0.44711538461538464 0.65625 0.020432692307692308 0.046875
0 0.4723557692307692 0.6574519230769231 0.014423076923076924 0.036057692307692304
0 0.46153846153846156 0.65625 0.015625 0.06009615384615385
0 0.4326923076923077 0.6706730769230769 0.019230769230769232 0.036057692307692304
0 0.4182692307692308 0.6634615384615384 0.014423076923076924 0.05889423076923077
0 0.42788461538461536 0.6526442307692307 0.015625 0.054086538461538464
0 0.40865384615384615 0.6466346153846154 0.010817307692307692 0.020432692307692308
0 0.3918269230769231 0.6586538461538461 0.014423076923076924 0.051682692307692304
0 0.34975961538461536 0.6598557692307693 0.016826923076923076 0.06009615384615385
0 0.2620192307692308 0.6502403846153846 0.015625 0.04927884615384615
0 0.6995192307692307 0.6286057692307693 0.014423076923076924 0.046875
0 0.6862980769230769 0.6370192307692307 0.019230769230769232 0.0625
0 0.40024038461538464 0.6754807692307693 0.016826923076923076 0.0625