0 0.018028846153846152 0.8389423076923077 0.007211538461538462 0.014423076923076924
0 0.028846153846153848 0.8762019230769231 0.014423076923076924 0.0829326923076923
0 0.039663461538461536 0.8834134615384616 0.015625 0.08052884615384616
0 0.06971153846153846 0.9050480769230769 0.038461538461538464 0.18509615384615385
0 0.09014423076923077 0.8894230769230769 0.018028846153846152 0.10216346153846154
0 0.10336538461538461 0.8834134615384616 0.018028846153846152 0.07572115384615384
0 0.11658653846153846 0.8617788461538461 0.015625 0.054086538461538464
0 0.13221153846153846 0.8966346153846154 0.04807692307692308 0.20673076923076922
0 0.19110576923076922 0.9146634615384616 0.021634615384615384 0.13581730769230768
0 0.21754807692307693 0.8966346153846154 0.06490384615384616 0.20673076923076922
0 0.24759615384615385 0.9122596153846154 0.03365384615384615 0.17548076923076922
0 0.3016826923076923 0.9074519230769231 0.030048076923076924 0.17548076923076922
0 0.36538461538461536 0.9098557692307693 0.038461538461538464 0.13581730769230768
0 0.4254807692307692 0.8665865384615384 0.016826923076923076 0.04447115384615385
0 0.4639423076923077 0.9134615384615384 0.019230769230769232 0.14903846153846154
0 0.4735576923076923 0.8834134615384616 0.018028846153846152 0.09735576923076923
0 0.49399038461538464 0.9122596153846154 0.03125 0.15504807692307693
0 0.5084134615384616 0.8930288461538461 0.019230769230769232 0.11298076923076923
0 0.5192307692307693 0.8978365384615384 0.025240384615384616 0.125
0 0.5252403846153846 0.8942307692307693 0.015625 0.10576923076923077
0 0.5420673076923077 0.8930288461538461 0.014423076923076924 0.1045673076923077
0 0.5721153846153846 0.9242788461538461 0.030048076923076924 0.0889423076923077
0 0.5829326923076923 0.8930288461538461 0.02283653846153846 0.12379807692307693
0 0.6045673076923077 0.8918269230769231 0.020432692307692308 0.109375
0 0.671875 0.8918269230769231 0.021634615384615384 0.125
0 0.9314903846153846 0.8269230769230769 0.016826923076923076 0.026442307692307692