0 0.5805288461538461 0.6694711538461539 0.3245192307692308 0.5709134615384616
0 0.7463942307692307 0.5649038461538461 0.17067307692307693 0.44711538461538464
0 0.8497596153846154 0.3233173076923077 0.04927884615384615 0.1814903846153846
0 0.8569711538461539 0.24158653846153846 0.03125 0.06610576923076923
0 0.7151442307692307 0.49278846153846156 0.12620192307692307 0.4254807692307692
0 0.6682692307692307 0.453125 0.09975961538461539 0.5192307692307693
0 0.6009615384615384 0.4519230769230769 0.11298076923076923 0.31490384615384615
0 0.5180288461538461 0.5348557692307693 0.19951923076923078 0.4807692307692308
0 0.3918269230769231 0.4855769230769231 0.15745192307692307 0.515625
0 0.28966346153846156 0.5817307692307693 0.11177884615384616 0.5144230769230769
0 0.20072115384615385 0.5012019230769231 0.11057692307692307 0.5709134615384616
0 0.1814903846153846 0.45552884615384615 0.1141826923076923 0.5709134615384616
0 0.3401442307692308 0.40384615384615385 0.13942307692307693 0.5528846153846154
0 0.3076923076923077 0.5240384615384616 0.08052884615384616 0.44711538461538464
0 0.7163461538461539 0.28365384615384615 0.03365384615384615 0.12379807692307693
0 0.6009615384615384 0.22596153846153846 0.02403846153846154 0.06610576923076923
0 0.6021634615384616 0.27163461538461536 0.03365384615384615 0.06009615384615385
0 0.4266826923076923 0.24639423076923078 0.036057692307692304 0.1141826923076923
0 0.3786057692307692 0.25721153846153844 0.039663461538461536 0.13942307692307693
0 0.35216346153846156 0.2548076923076923 0.03485576923076923 0.1466346153846154
0 0.29447115384615385 0.21514423076923078 0.03245192307692308 0.08052884615384616
0 0.20072115384615385 0.24519230769230768 0.036057692307692304 0.1502403846153846
0 0.037259615384615384 0.25240384615384615 0.026442307692307692 0.16346153846153846
0 0.06370192307692307 0.2439903846153846 0.036057692307692304 0.15384615384615385
0 0.09134615384615384 0.24759615384615385 0.028846153846153848 0.12379807692307693
0 0.12139423076923077 0.24879807692307693 0.027644230769230768 0.12980769230769232
0 0.16466346153846154 0.23918269230769232 0.020432692307692308 0.057692307692307696
0 0.008413461538461538 0.19471153846153846 0.016826923076923076 0.0673076923076923
0 0.2283653846153846 0.2283653846153846 0.03365384615384615 0.037259615384615384
0 0.9375 0.12620192307692307 0.025240384615384616 0.09375
0 0.8653846153846154 0.17307692307692307 0.030048076923076924 0.046875
0 0.8617788461538461 0.19471153846153846 0.020432692307692308 0.04326923076923077
0 0.7992788461538461 0.19471153846153846 0.020432692307692308 0.06370192307692307
0 0.8221153846153846 0.19591346153846154 0.02403846153846154 0.06610576923076923
0 0.8341346153846154 0.19831730769230768 0.020432692307692308 0.0625
0 0.8377403846153846 0.19591346153846154 0.027644230769230768 0.06610576923076923
0 0.17908653846153846 0.21514423076923078 0.025240384615384616 0.046875
0 0.08173076923076923 0.24519230769230768 0.027644230769230768 0.1466346153846154