0 0.19110576923076922 0.7283653846153846 0.10336538461538461 0.31490384615384615
0 0.22355769230769232 0.7572115384615384 0.12259615384615384 0.3317307692307692
0 0.23918269230769232 0.7848557692307693 0.15144230769230768 0.33413461538461536
0 0.3737980769230769 0.796875 0.24158653846153846 0.40625
0 0.49759615384615385 0.7956730769230769 0.5264423076923077 0.40865384615384615
0 0.6586538461538461 0.8221153846153846 0.15144230769230768 0.2776442307692308
0 0.7848557692307693 0.6826923076923077 0.20432692307692307 0.5348557692307693
0 0.02403846153846154 0.6262019230769231 0.039663461538461536 0.09134615384615384
0 0.037259615384615384 0.6009615384615384 0.028846153846153848 0.040865384615384616
0 0.06129807692307692 0.6117788461538461 0.039663461538461536 0.04807692307692308
0 0.06370192307692307 0.6418269230769231 0.04927884615384615 0.051682692307692304
0 0.25841346153846156 0.5889423076923077 0.026442307692307692 0.020432692307692308
0 0.3401442307692308 0.7391826923076923 0.15504807692307693 0.28966346153846156
0 0.4266826923076923 0.6286057692307693 0.056490384615384616 0.04326923076923077
0 0.5012019230769231 0.5865384615384616 0.04326923076923077 0.09254807692307693
0 0.546875 0.6237980769230769 0.0829326923076923 0.08653846153846154
0 0.5913461538461539 0.6189903846153846 0.07692307692307693 0.09375
0 0.6646634615384616 0.6322115384615384 0.09254807692307693 0.14182692307692307
0 0.703125 0.6141826923076923 0.05048076923076923 0.08173076923076923
0 0.9242788461538461 0.6814903846153846 0.07572115384615384 0.04326923076923077
0 0.9038461538461539 0.6478365384615384 0.04927884615384615 0.03245192307692308
0 0.9735576923076923 0.6742788461538461 0.052884615384615384 0.057692307692307696