0 0.9735576923076923 0.6574519230769231 0.052884615384615384 0.23677884615384615
0 0.8774038461538461 0.6862980769230769 0.04447115384615385 0.24639423076923078
0 0.8401442307692307 0.6814903846153846 0.05048076923076923 0.21875
0 0.8064903846153846 0.640625 0.046875 0.2536057692307692
0 0.8161057692307693 0.6694711538461539 0.03125 0.2283653846153846
0 0.7776442307692307 0.6959134615384616 0.056490384615384616 0.21033653846153846
0 0.7644230769230769 0.6670673076923077 0.046875 0.20793269230769232
0 0.7572115384615384 0.6526442307692307 0.036057692307692304 0.22115384615384615
0 0.7295673076923077 0.6310096153846154 0.09254807692307693 0.2848557692307692
0 0.7283653846153846 0.6814903846153846 0.026442307692307692 0.2091346153846154
0 0.7139423076923077 0.6911057692307693 0.03485576923076923 0.21394230769230768
0 0.7019230769230769 0.6141826923076923 0.02403846153846154 0.1141826923076923
0 0.6887019230769231 0.6069711538461539 0.042067307692307696 0.08653846153846154
0 0.6442307692307693 0.5709134615384616 0.06009615384615385 0.054086538461538464
0 0.6382211538461539 0.6310096153846154 0.042067307692307696 0.14423076923076922
0 0.6586538461538461 0.6454326923076923 0.056490384615384616 0.09254807692307693
0 0.6610576923076923 0.6442307692307693 0.04927884615384615 0.0889423076923077
0 0.6153846153846154 0.7175480769230769 0.04567307692307692 0.16706730769230768
0 0.5625 0.7223557692307693 0.04447115384615385 0.1778846153846154
0 0.5180288461538461 0.7247596153846154 0.055288461538461536 0.1778846153846154
0 0.48677884615384615 0.7223557692307693 0.040865384615384616 0.16826923076923078
0 0.4495192307692308 0.6899038461538461 0.03245192307692308 0.23918269230769232
0 0.59375 0.5757211538461539 0.046875 0.14302884615384615
0 0.5913461538461539 0.6802884615384616 0.040865384615384616 0.19831730769230768
0 0.5625 0.6141826923076923 0.03125 0.10336538461538461
0 0.5420673076923077 0.6598557692307693 0.04326923076923077 0.17908653846153846
0 0.5192307692307693 0.6213942307692307 0.04447115384615385 0.12860576923076922
0 0.4987980769230769 0.5805288461538461 0.027644230769230768 0.08052884615384616
0 0.47836538461538464 0.6201923076923077 0.02283653846153846 0.1045673076923077
0 0.49278846153846156 0.6334134615384616 0.042067307692307696 0.08774038461538461
0 0.45552884615384615 0.6478365384615384 0.026442307692307692 0.18389423076923078
0 0.4411057692307692 0.5697115384615384 0.02403846153846154 0.05048076923076923
0 0.41346153846153844 0.5877403846153846 0.038461538461538464 0.09735576923076923
0 0.44711538461538464 0.6754807692307693 0.03485576923076923 0.203125
0 0.421875 0.6826923076923077 0.042067307692307696 0.25
0 0.40384615384615385 0.6947115384615384 0.057692307692307696 0.20432692307692307
0 0.390625 0.5841346153846154 0.019230769230769232 0.027644230769230768
0 0.3641826923076923 0.7115384615384616 0.038461538461538464 0.18629807692307693
0 0.3329326923076923 0.6850961538461539 0.039663461538461536 0.25
0 0.29927884615384615 0.7379807692307693 0.040865384615384616 0.13221153846153846
0 0.36177884615384615 0.6033653846153846 0.04326923076923077 0.11298076923076923
0 0.3545673076923077 0.5685096153846154 0.030048076923076924 0.0625
0 0.31850961538461536 0.5961538461538461 0.020432692307692308 0.07692307692307693
0 0.3329326923076923 0.6177884615384616 0.039663461538461536 0.10576923076923077
0 0.3004807692307692 0.6069711538461539 0.03125 0.11778846153846154
0 0.28846153846153844 0.6742788461538461 0.030048076923076924 0.17548076923076922
0 0.2668269230769231 0.6790865384615384 0.03485576923076923 0.23317307692307693
0 0.2668269230769231 0.5997596153846154 0.025240384615384616 0.05048076923076923
0 0.2403846153846154 0.578125 0.03125 0.11899038461538461
0 0.24879807692307693 0.6165865384615384 0.027644230769230768 0.05048076923076923
0 0.2403846153846154 0.6971153846153846 0.03245192307692308 0.17908653846153846
0 0.21754807692307693 0.7367788461538461 0.04326923076923077 0.12259615384615384
0 0.21634615384615385 0.6574519230769231 0.03365384615384615 0.12620192307692307
0 0.18629807692307693 0.6911057692307693 0.03365384615384615 0.21033653846153846
0 0.16346153846153846 0.5985576923076923 0.027644230769230768 0.08052884615384616
0 0.15985576923076922 0.703125 0.037259615384615384 0.19951923076923078
0 0.1346153846153846 0.6875 0.03365384615384615 0.21394230769230768
0 0.12139423076923077 0.6850961538461539 0.027644230769230768 0.19831730769230768
0 0.09495192307692307 0.7019230769230769 0.054086538461538464 0.22115384615384615
0 0.08653846153846154 0.6045673076923077 0.02403846153846154 0.057692307692307696
0 0.05889423076923077 0.6923076923076923 0.03485576923076923 0.2127403846153846
0 0.025240384615384616 0.6911057692307693 0.046875 0.21634615384615385
0 0.01201923076923077 0.6862980769230769 0.02283653846153846 0.20432692307692307
0 0.016826923076923076 0.5588942307692307 0.025240384615384616 0.06490384615384616
0 0.19951923076923078 0.5997596153846154 0.026442307692307692 0.05889423076923077