0 0.9303846153846154 0.18880753138075315 0.01 0.01778242677824268
0 0.9426923076923077 0.19142259414225943 0.006923076923076923 0.02510460251046025
0 0.905 0.19456066945606695 0.005384615384615384 0.02301255230125523
0 0.9519230769230769 0.19560669456066945 0.01 0.03138075313807531
0 0.9242307692307692 0.1961297071129707 0.005384615384615384 0.0198744769874477
0 0.911923076923077 0.20031380753138076 0.006923076923076923 0.02405857740585774
0 0.8984615384615384 0.2065899581589958 0.010769230769230769 0.01778242677824268
0 0.9192307692307692 0.21443514644351463 0.010769230769230769 0.04184100418410042
0 0.7984615384615384 0.2170502092050209 0.010769230769230769 0.030334728033472803
0 0.8888461538461538 0.22071129707112971 0.01 0.03765690376569038
0 0.9326923076923077 0.2217573221757322 0.008461538461538461 0.043933054393305436
0 0.9415384615384615 0.223326359832636 0.007692307692307693 0.038702928870292884
0 0.9476923076923077 0.223326359832636 0.010769230769230769 0.04497907949790795
0 0.8823692307692307 0.22455020920502092 0.013076923076923076 0.02615062761506276
0 0.9003846153846153 0.23064853556485357 0.008461538461538461 0.032426778242677826
0 0.9103846153846153 0.23117154811715482 0.01 0.029288702928870293
0 0.8092307692307692 0.23274058577405857 0.009230769230769232 0.021966527196652718
0 0.8157692307692308 0.23430962343096234 0.006923076923076923 0.016736401673640166
0 0.8234615384615385 0.23744769874476987 0.006923076923076923 0.010460251046025104
0 0.8334615384615385 0.24372384937238495 0.008461538461538461 0.03138075313807531
0 0.2746153846153846 0.25313807531380755 0.013846153846153847 0.03138075313807531
0 0.8973076923076924 0.25418410041841005 0.014615384615384615 0.02092050209205021
0 0.915 0.25889121338912136 0.013076923076923076 0.0198744769874477
0 0.9561538461538461 0.26202928870292885 0.013846153846153847 0.04079497907949791
0 0.9046153846153846 0.2662133891213389 0.006153846153846154 0.0198744769874477
0 0.8926923076923077 0.26830543933054396 0.013076923076923076 0.011506276150627616
0 0.928076923076923 0.26830543933054396 0.016153846153846154 0.021966527196652718
0 0.5165384615384615 0.29131799163179917 0.01 0.028242677824267783
0 0.9919230769230769 0.29497907949790797 0.014615384615384615 0.06694560669456066
0 0.24461538461538462 0.2965481171548117 0.016923076923076923 0.0596234309623431
0 0.5576923076923077 0.2965481171548117 0.013846153846153847 0.030334728033472803
0 0.21423076923076922 0.2996861924686193 0.01 0.06171548117154812
0 0.41807692307692307 0.2996861924686193 0.014615384615384615 0.05753138075313807
0 0.6269230769230769 0.3002092050209205 0.009230769230769232 0.05230125523012552
0 0.5896153846153847 0.301255230125523 0.013076923076923076 0.05439330543933055
0 0.19538461538461538 0.30177824267782427 0.018461538461538463 0.04288702928870293
0 0.20423076923076924 0.30387029288702927 0.011538461538461539 0.04497907949790795
0 0.6392307692307693 0.30387029288702927 0.013846153846153847 0.051255230125523014
0 0.6015384615384616 0.3080543933054393 0.016923076923076923 0.06589958158995816
0 0.5234615384615384 0.3101464435146444 0.014615384615384615 0.036610878661087864
0 0.5126923076923077 0.3117154811715481 0.016153846153846154 0.05230125523012552
0 0.48653846153846153 0.3185146443514644 0.01769230769230769 0.051255230125523014
0 0.9253846153846154 0.3190376569037657 0.02 0.03765690376569038
0 0.49615384615384617 0.3190376569037657 0.015384615384615385 0.043933054393305436
0 0.7980769230769231 0.32217573221757323 0.008461538461538461 0.02092050209205021
0 0.40384615384615385 0.3226987447698745 0.018461538461538463 0.06380753138075314
0 0.38846153846153847 0.32426778242677823 0.024615384615384615 0.06903765690376569
0 0.6857692307692308 0.3263598326359833 0.019230769230769232 0.07112970711297072
0 0.7665384615384615 0.3263598326359833 0.013076923076923076 0.04811715481171548
0 0.6938461538461539 0.32688284518828453 0.016923076923076923 0.06799163179916318
0 0.775 0.32792887029288703 0.011538461538461539 0.053347280334728034
0 0.786923076923077 0.32897489539748953 0.012307692307692308 0.05543933054393305
0 0.49230769230769234 0.32897489539748953 0.012307692307692308 0.034518828451882845
0 0.805 0.33158995815899583 0.013076923076923076 0.02301255230125523
0 0.5130769230769231 0.33472803347280333 0.02 0.07112970711297072
0 0.7484615384615385 0.3352510460251046 0.012307692307692308 0.015690376569037656
0 0.6584615384615384 0.3378661087866109 0.016923076923076923 0.07740585774058577
0 0.6688461538461539 0.3425732217573222 0.016153846153846154 0.049163179916317995
0 0.5223076923076924 0.34309623430962344 0.023076923076923078 0.060669456066945605
0 0.6680769230769231 0.3446652719665272 0.014615384615384615 0.04288702928870293
0 0.5803846153846154 0.34623430962343094 0.016153846153846154 0.07112970711297072
0 0.5538461538461539 0.34884937238493724 0.02 0.07635983263598327
0 0.5673076923076923 0.35355648535564854 0.02076923076923077 0.07112970711297072
0 0.7180769230769231 0.35564853556485354 0.02076923076923077 0.07112970711297072
0 0.8323076923076923 0.3577405857740586 0.010769230769230769 0.08158995815899582
0 0.2753846153846154 0.35930962343096234 0.02 0.08054393305439331
0 0.46692307692307694 0.36297071129707115 0.02 0.07112970711297072
0 0.4480769230769231 0.3645397489539749 0.02076923076923077 0.08263598326359832
0 0.49615384615384617 0.3666317991631799 0.02 0.07845188284518828
0 0.4796153846153846 0.36715481171548114 0.022307692307692306 0.07531380753138076
0 0.5919230769230769 0.3682008368200837 0.02076923076923077 0.07531380753138076
0 0.6146153846153846 0.37343096234309625 0.018461538461538463 0.07531380753138076
0 0.305 0.3739539748953975 0.026923076923076925 0.08891213389121339
0 0.2703846153846154 0.37447698744769875 0.019230769230769232 0.08786610878661087
0 0.9296153846153846 0.37552301255230125 0.026923076923076925 0.08158995815899582
0 0.1753846153846154 0.37918410041841005 0.015384615384615385 0.08891213389121339
0 0.22807692307692307 0.37918410041841005 0.019230769230769232 0.09518828451882845
0 0.803076923076923 0.3797071129707113 0.024615384615384615 0.08786610878661087
0 0.95 0.38127615062761505 0.02923076923076923 0.08054393305439331
0 0.32576923076923076 0.38232217573221755 0.019230769230769232 0.08263598326359832
0 0.25576923076923075 0.38284518828451886 0.02076923076923077 0.0794979079497908
0 0.40923076923076923 0.38493723849372385 0.026153846153846153 0.0899581589958159
0 0.6761538461538461 0.38702928870292885 0.023076923076923078 0.07112970711297072
0 0.7357692307692307 0.38702928870292885 0.02076923076923077 0.08158995815899582
0 0.7488461538461538 0.3891213389121339 0.01769230769230769 0.09205020920502092
0 0.42846153846153845 0.38964435146443516 0.023076923076923078 0.08054393305439331
0 0.6503846153846153 0.39278242677824265 0.025384615384615384 0.09100418410041841
0 0.6380769230769231 0.39435146443514646 0.019230769230769232 0.0794979079497908
0 0.6907692307692308 0.39539748953974896 0.024615384615384615 0.08577405857740586
0 0.7692307692307693 0.3959205020920502 0.021538461538461538 0.08472803347280335
0 0.7615384615384615 0.3985355648535565 0.012307692307692308 0.08786610878661087
0 0.5276923076923077 0.40219665271966526 0.027692307692307693 0.08891213389121339
0 0.0876923076923077 0.4027196652719665 0.02 0.03765690376569038
0 0.5007692307692307 0.40324267782426776 0.026153846153846153 0.08891213389121339
0 0.9784615384615385 0.4063807531380753 0.021538461538461538 0.08472803347280335
0 0.23576923076923076 0.40794979079497906 0.022307692307692306 0.09414225941422594
0 0.21076923076923076 0.40951882845188287 0.023076923076923078 0.09518828451882845
0 0.29923076923076924 0.40951882845188287 0.036923076923076927 0.09100418410041841
0 0.09961538461538462 0.4194560669456067 0.019230769230769232 0.08577405857740586
0 0.065 0.4246861924686193 0.023846153846153847 0.04811715481171548
0 0.99 0.42887029288702927 0.018461538461538463 0.09205020920502092
0 0.4823076923076923 0.4320083682008368 0.024615384615384615 0.0899581589958159
0 0.7746153846153846 0.4330543933054393 0.021538461538461538 0.0794979079497908
0 0.02346153846153846 0.4356694560669456 0.026923076923076925 0.09518828451882845
0 0.7734615384615384 0.446652719665272 0.01769230769230769 0.06903765690376569
0 0.568076923076923 0.4476987447698745 0.023846153846153847 0.09414225941422594
0 0.5911538461538461 0.4476987447698745 0.03769230769230769 0.11297071129707113
0 0.08807692307692308 0.448744769874477 0.026923076923076925 0.10460251046025104
0 0.006538461538461538 0.4544979079497908 0.013076923076923076 0.09937238493723849
0 0.1426923076923077 0.45502092050209203 0.016153846153846154 0.09205020920502092
0 0.6703846153846154 0.4618200836820084 0.02846153846153846 0.10355648535564854
0 0.6915384615384615 0.46338912133891214 0.03538461538461538 0.11715481171548117
0 0.046153846153846156 0.47489539748953974 0.033846153846153845 0.09832635983263599
0 0.7865384615384615 0.475418410041841 0.019230769230769232 0.07426778242677824
0 0.06615384615384616 0.4801255230125523 0.027692307692307693 0.10251046025104603
0 0.735 0.49006276150627615 0.025384615384615384 0.1202928870292887
0 0.5292307692307693 0.4952928870292887 0.04 0.10774058577405858
0 0.7973076923076923 0.49843096234309625 0.026923076923076925 0.11610878661087866
0 0.7134615384615385 0.49947698744769875 0.03923076923076923 0.11192468619246862
0 0.9038461538461539 0.5036610878661087 0.024615384615384615 0.11610878661087866
0 0.9511538461538461 0.5062761506276151 0.03923076923076923 0.1192468619246862
0 0.5626923076923077 0.5167364016736402 0.02846153846153846 0.11297071129707113
0 0.4026923076923077 0.5177824267782427 0.031538461538461536 0.12343096234309624
0 0.7719230769230769 0.547071129707113 0.03307692307692308 0.1401673640167364
0 0.09038461538461538 0.553347280334728 0.023846153846153847 0.11297071129707113
0 0.7769230769230769 0.5721757322175732 0.04 0.14644351464435146
0 0.07884615384615384 0.5742677824267782 0.05 0.12552301255230125
0 0.9830769230769231 0.5763598326359832 0.027692307692307693 0.08577405857740586
0 0.395 0.6061715481171548 0.03769230769230769 0.14539748953974896
0 0.6688461538461539 0.6171548117154811 0.04384615384615385 0.1401673640167364
0 0.7138461538461538 0.6223849372384938 0.055384615384615386 0.15271966527196654
0 0.4276923076923077 0.622907949790795 0.038461538461538464 0.14539748953974896
0 0.010384615384615384 0.6809623430962343 0.02076923076923077 0.16317991631799164
0 0.2846153846153846 0.7013598326359832 0.03538461538461538 0.19560669456066945
0 0.03076923076923077 0.7055439330543933 0.06153846153846154 0.17468619246861924
0 0.31 0.7165271966527197 0.02923076923076923 0.1297071129707113
0 0.26346153846153847 0.7374476987447699 0.04230769230769231 0.1903765690376569
0 0.3680769230769231 0.7379707112970711 0.05153846153846154 0.17677824267782427
0 0.8288461538461539 0.7751046025104602 0.022307692307692306 0.17782426778242677
0 0.8061538461538461 0.7897489539748954 0.05692307692307692 0.16736401673640167
0 0.3153846153846154 0.8127615062761506 0.06769230769230769 0.18828451882845187
0 0.31846153846153846 0.8300209205020921 0.06923076923076923 0.1579497907949791
0 0.19807692307692307 0.8582635983263598 0.04230769230769231 0.09937238493723849
0 0.21923076923076923 0.8833682008368201 0.033846153846153845 0.051255230125523014