0 0.3545673076923077 0.6983173076923077 0.2776442307692308 0.4387019230769231
0 0.4375 0.5528846153846154 0.07692307692307693 0.20432692307692307
0 0.49158653846153844 0.6538461538461539 0.13341346153846154 0.42427884615384615
0 0.7752403846153846 0.6177884615384616 0.12259615384615384 0.41466346153846156
0 0.7355769230769231 0.5913461538461539 0.054086538461538464 0.28125
0 0.8882211538461539 0.5420673076923077 0.0733173076923077 0.23918269230769232
0 0.8521634615384616 0.5288461538461539 0.051682692307692304 0.20673076923076922
0 0.8413461538461539 0.4951923076923077 0.036057692307692304 0.14423076923076922
0 0.9110576923076923 0.45072115384615385 0.018028846153846152 0.039663461538461536
0 0.9471153846153846 0.45913461538461536 0.019230769230769232 0.06370192307692307
0 0.9326923076923077 0.44591346153846156 0.009615384615384616 0.03365384615384615
0 0.9579326923076923 0.4483173076923077 0.007211538461538462 0.03125
0 0.0829326923076923 0.4879807692307692 0.030048076923076924 0.0733173076923077
0 0.0889423076923077 0.47596153846153844 0.019230769230769232 0.0625
0 0.09975961538461539 0.48197115384615385 0.027644230769230768 0.06009615384615385
0 0.33533653846153844 0.46634615384615385 0.015625 0.05048076923076923
0 0.3485576923076923 0.47115384615384615 0.02403846153846154 0.052884615384615384
0 0.4831730769230769 0.4567307692307692 0.009615384615384616 0.03245192307692308
0 0.5204326923076923 0.4567307692307692 0.009615384615384616 0.03125
0 0.5264423076923077 0.46033653846153844 0.010817307692307692 0.03125
0 0.5324519230769231 0.46033653846153844 0.007211538461538462 0.026442307692307692
0 0.5528846153846154 0.4567307692307692 0.010817307692307692 0.042067307692307696