0 0.010817307692307692 0.65625 0.021634615384615384 0.08173076923076923
0 0.0625 0.6478365384615384 0.027644230769230768 0.040865384615384616
0 0.08774038461538461 0.6526442307692307 0.027644230769230768 0.04447115384615385
0 0.11057692307692307 0.6514423076923077 0.021634615384615384 0.046875
0 0.15384615384615385 0.6490384615384616 0.020432692307692308 0.04807692307692308
0 0.17427884615384615 0.6502403846153846 0.02403846153846154 0.046875
0 0.22355769230769232 0.6478365384615384 0.021634615384615384 0.039663461538461536
0 0.24158653846153846 0.6466346153846154 0.030048076923076924 0.04567307692307692
0 0.27884615384615385 0.65625 0.030048076923076924 0.05048076923076923
0 0.45913461538461536 0.6538461538461539 0.026442307692307692 0.056490384615384616
0 0.6454326923076923 0.6550480769230769 0.027644230769230768 0.051682692307692304
0 0.6310096153846154 0.6574519230769231 0.038461538461538464 0.04807692307692308
0 0.8605769230769231 0.6442307692307693 0.020432692307692308 0.02283653846153846
0 0.8990384615384616 0.6514423076923077 0.021634615384615384 0.03485576923076923
0 0.9314903846153846 0.65625 0.02403846153846154 0.04567307692307692
0 0.9675480769230769 0.6574519230769231 0.030048076923076924 0.040865384615384616
0 0.9783653846153846 0.6586538461538461 0.04326923076923077 0.052884615384615384
0 0.6983173076923077 0.6454326923076923 0.027644230769230768 0.03485576923076923