0 0.3161057692307692 0.6262019230769231 0.28966346153846156 0.7463942307692307
0 0.5264423076923077 0.5516826923076923 0.4519230769230769 0.8966346153846154
0 0.6610576923076923 0.6682692307692307 0.140625 0.6634615384615384
0 0.11057692307692307 0.625 0.22115384615384615 0.7451923076923077
0 0.25240384615384615 0.6658653846153846 0.12379807692307693 0.6670673076923077
0 0.12379807692307693 0.38461538461538464 0.08052884615384616 0.18870192307692307
0 0.7439903846153846 0.8125 0.18629807692307693 0.33413461538461536
0 0.9254807692307693 0.7632211538461539 0.14783653846153846 0.4735576923076923
0 0.8557692307692307 0.7127403846153846 0.10576923076923077 0.40865384615384615
0 0.9170673076923077 0.5528846153846154 0.052884615384615384 0.16346153846153846
0 0.9495192307692307 0.47836538461538464 0.07932692307692307 0.13822115384615385
0 0.8028846153846154 0.5420673076923077 0.0733173076923077 0.21754807692307693
0 0.75 0.5769230769230769 0.07211538461538461 0.28725961538461536
0 0.6550480769230769 0.32572115384615385 0.036057692307692304 0.046875
0 0.32211538461538464 0.3870192307692308 0.057692307692307696 0.15865384615384615
0 0.2668269230769231 0.31971153846153844 0.030048076923076924 0.038461538461538464
0 0.20432692307692307 0.4050480769230769 0.08173076923076923 0.1971153846153846
0 0.14783653846153846 0.4387019230769231 0.037259615384615384 0.06490384615384616
0 0.1778846153846154 0.3473557692307692 0.06129807692307692 0.12259615384615384
0 0.14903846153846154 0.3954326923076923 0.04927884615384615 0.08774038461538461
0 0.125 0.3473557692307692 0.04927884615384615 0.12620192307692307
0 0.12379807692307693 0.28365384615384615 0.04447115384615385 0.07451923076923077
0 0.15264423076923078 0.2644230769230769 0.04927884615384615 0.08533653846153846
0 0.24278846153846154 0.30408653846153844 0.038461538461538464 0.10697115384615384
0 0.21875 0.2620192307692308 0.03245192307692308 0.09134615384615384
0 0.1935096153846154 0.21995192307692307 0.04447115384615385 0.09254807692307693
0 0.25 0.2403846153846154 0.037259615384615384 0.09975961538461539
0 0.2980769230769231 0.31971153846153844 0.042067307692307696 0.09134615384615384
0 0.3545673076923077 0.3088942307692308 0.039663461538461536 0.11538461538461539
0 0.2932692307692308 0.27163461538461536 0.04567307692307692 0.0733173076923077
0 0.29086538461538464 0.23918269230769232 0.06009615384615385 0.12620192307692307
0 0.3329326923076923 0.2692307692307692 0.039663461538461536 0.10096153846153846
0 0.2548076923076923 0.1814903846153846 0.039663461538461536 0.08653846153846154
0 0.2824519230769231 0.18509615384615385 0.03365384615384615 0.07211538461538461
0 0.29927884615384615 0.1814903846153846 0.025240384615384616 0.040865384615384616
0 0.3401442307692308 0.23197115384615385 0.055288461538461536 0.08533653846153846
0 0.2824519230769231 0.17908653846153846 0.030048076923076924 0.06129807692307692
0 0.29447115384615385 0.16105769230769232 0.04567307692307692 0.06610576923076923
0 0.3389423076923077 0.19471153846153846 0.04567307692307692 0.0673076923076923
0 0.3233173076923077 0.1875 0.026442307692307692 0.0889423076923077
0 0.3425480769230769 0.15985576923076922 0.030048076923076924 0.08173076923076923
0 0.36538461538461536 0.18028846153846154 0.03365384615384615 0.07451923076923077
0 0.3858173076923077 0.15144230769230768 0.027644230769230768 0.06490384615384616
0 0.38221153846153844 0.23317307692307693 0.04927884615384615 0.07091346153846154
0 0.3858173076923077 0.23557692307692307 0.026442307692307692 0.04927884615384615
0 0.3954326923076923 0.20673076923076922 0.038461538461538464 0.09014423076923077
0 0.4110576923076923 0.1935096153846154 0.03125 0.0889423076923077
0 0.4206730769230769 0.16826923076923078 0.028846153846153848 0.078125
0 0.4387019230769231 0.25600961538461536 0.028846153846153848 0.05048076923076923
0 0.4423076923076923 0.23317307692307693 0.06971153846153846 0.09254807692307693
0 0.43509615384615385 0.20192307692307693 0.03485576923076923 0.06850961538461539
0 0.44350961538461536 0.16826923076923078 0.019230769230769232 0.02403846153846154
0 0.4579326923076923 0.17067307692307693 0.025240384615384616 0.051682692307692304
0 0.47596153846153844 0.2127403846153846 0.028846153846153848 0.06610576923076923
0 0.47115384615384615 0.18509615384615385 0.02283653846153846 0.06009615384615385
0 0.5444711538461539 0.14903846153846154 0.007211538461538462 0.019230769230769232
0 0.5564903846153846 0.19831730769230768 0.038461538461538464 0.08533653846153846
0 0.5745192307692307 0.17548076923076922 0.026442307692307692 0.05889423076923077
0 0.6069711538461539 0.18028846153846154 0.02283653846153846 0.055288461538461536
0 0.5925480769230769 0.203125 0.039663461538461536 0.08173076923076923
0 0.5865384615384616 0.21634615384615385 0.018028846153846152 0.03245192307692308
0 0.5805288461538461 0.22956730769230768 0.028846153846153848 0.037259615384615384
0 0.6141826923076923 0.23557692307692307 0.030048076923076924 0.09735576923076923
0 0.6382211538461539 0.2127403846153846 0.03245192307692308 0.09615384615384616
0 0.6418269230769231 0.25961538461538464 0.036057692307692304 0.09615384615384616
0 0.6322115384615384 0.2920673076923077 0.038461538461538464 0.0985576923076923
0 0.6574519230769231 0.19951923076923078 0.04567307692307692 0.2091346153846154
0 0.6947115384615384 0.23317307692307693 0.04927884615384615 0.14783653846153846
0 0.7331730769230769 0.23197115384615385 0.04567307692307692 0.15625
0 0.7620192307692307 0.2764423076923077 0.042067307692307696 0.17668269230769232
0 0.7908653846153846 0.20072115384615385 0.036057692307692304 0.06129807692307692
0 0.8365384615384616 0.1971153846153846 0.036057692307692304 0.06129807692307692
0 0.8581730769230769 0.19230769230769232 0.037259615384615384 0.08774038461538461
0 0.8978365384615384 0.1875 0.03365384615384615 0.078125
0 0.9507211538461539 0.21514423076923078 0.042067307692307696 0.08173076923076923
0 0.9807692307692307 0.21514423076923078 0.027644230769230768 0.07692307692307693
0 0.7800480769230769 0.2512019230769231 0.04567307692307692 0.11177884615384616
0 0.8149038461538461 0.22596153846153846 0.042067307692307696 0.08774038461538461
0 0.8413461538461539 0.22596153846153846 0.030048076923076924 0.07451923076923077
0 0.8641826923076923 0.2512019230769231 0.055288461538461536 0.10216346153846154
0 0.8918269230769231 0.23197115384615385 0.03125 0.08653846153846154
0 0.9122596153846154 0.24519230769230768 0.039663461538461536 0.09014423076923077
0 0.9194711538461539 0.28365384615384615 0.04447115384615385 0.10216346153846154
0 0.9519230769230769 0.234375 0.036057692307692304 0.06971153846153846
0 0.9651442307692307 0.2860576923076923 0.051682692307692304 0.09495192307692307
0 0.9831730769230769 0.2608173076923077 0.03365384615384615 0.07091346153846154
0 0.984375 0.32091346153846156 0.030048076923076924 0.09134615384615384
0 0.984375 0.4050480769230769 0.030048076923076924 0.18990384615384615
0 0.8197115384615384 0.3473557692307692 0.04927884615384615 0.18389423076923078
0 0.8401442307692307 0.3629807692307692 0.057692307692307696 0.12860576923076922
0 0.9050480769230769 0.3858173076923077 0.06850961538461539 0.19230769230769232
0 0.9350961538461539 0.35096153846153844 0.036057692307692304 0.10096153846153846
0 0.9495192307692307 0.3088942307692308 0.040865384615384616 0.06610576923076923
0 0.8701923076923077 0.4567307692307692 0.0889423076923077 0.2403846153846154
0 0.9639423076923077 0.43509615384615385 0.07211538461538461 0.20192307692307693
0 0.8810096153846154 0.3112980769230769 0.037259615384615384 0.08413461538461539