0 0.02197265625 0.3075221238938053 0.0439453125 0.17256637168141592
0 0.15185546875 0.40707964601769914 0.1201171875 0.4424778761061947
0 0.1728515625 0.3333333333333333 0.009765625 0.017699115044247787
0 0.25830078125 0.35103244837758113 0.0322265625 0.11799410029498525
0 0.29541015625 0.4166666666666667 0.0751953125 0.3525073746312684
0 0.32666015625 0.3606194690265487 0.0263671875 0.14601769911504425
0 0.341796875 0.36578171091445427 0.017578125 0.12094395280235988
0 0.37939453125 0.46017699115044247 0.1142578125 0.4896755162241888
0 0.46875 0.4830383480825959 0.107421875 0.5
0 0.42578125 0.4358407079646018 0.060546875 0.3672566371681416
0 0.52099609375 0.43952802359882004 0.0791015625 0.45132743362831856
0 0.55078125 0.42404129793510326 0.05078125 0.3938053097345133
0 0.63134765625 0.4166666666666667 0.1396484375 0.4557522123893805
0 0.67529296875 0.41814159292035397 0.1416015625 0.42625368731563423
0 0.82373046875 0.4498525073746313 0.1767578125 0.4749262536873156
0 0.87841796875 0.4424778761061947 0.1376953125 0.46017699115044247
0 0.89306640625 0.2529498525073746 0.0322265625 0.07817109144542773
0 0.9521484375 0.43289085545722716 0.087890625 0.33775811209439527
0 0.98291015625 0.43289085545722716 0.0322265625 0.33775811209439527