0 0.4987980769230769 0.6670673076923077 0.6682692307692307 0.6658653846153846
0 0.13942307692307693 0.9002403846153846 0.22235576923076922 0.19951923076923078
0 0.18629807692307693 0.8389423076923077 0.2091346153846154 0.11778846153846154
0 0.27403846153846156 0.8653846153846154 0.1971153846153846 0.2692307692307692
0 0.09014423076923077 0.7451923076923077 0.18028846153846154 0.140625
0 0.25 0.734375 0.171875 0.1502403846153846
0 0.11057692307692307 0.6658653846153846 0.16105769230769232 0.11899038461538461
0 0.2932692307692308 0.7512019230769231 0.2403846153846154 0.2956730769230769
0 0.1310096153846154 0.6177884615384616 0.1814903846153846 0.13942307692307693
0 0.36177884615384615 0.6310096153846154 0.15144230769230768 0.13221153846153846
0 0.21394230769230768 0.5204326923076923 0.1466346153846154 0.13221153846153846
0 0.14543269230769232 0.41947115384615385 0.1346153846153846 0.12259615384615384
0 0.28365384615384615 0.38822115384615385 0.14903846153846154 0.109375
0 0.3713942307692308 0.4098557692307692 0.13942307692307693 0.15985576923076922
0 0.07932692307692307 0.3233173076923077 0.15504807692307693 0.12139423076923077
0 0.03485576923076923 0.2920673076923077 0.06971153846153846 0.24879807692307693
0 0.11057692307692307 0.2920673076923077 0.09254807692307693 0.1346153846153846
0 0.14182692307692307 0.18990384615384615 0.14182692307692307 0.11177884615384616
0 0.22596153846153846 0.140625 0.1141826923076923 0.125
0 0.16466346153846154 0.0985576923076923 0.2644230769230769 0.12259615384615384
0 0.41586538461538464 0.1778846153846154 0.11899038461538461 0.08413461538461539
0 0.42427884615384615 0.17067307692307693 0.14182692307692307 0.15985576923076922
0 0.4411057692307692 0.09495192307692307 0.1346153846153846 0.1201923076923077
0 0.5721153846153846 0.15504807692307693 0.13942307692307693 0.11177884615384616
0 0.9134615384615384 0.8858173076923077 0.171875 0.20072115384615385
0 0.8858173076923077 0.7680288461538461 0.2091346153846154 0.13581730769230768
0 0.8581730769230769 0.7584134615384616 0.2824519230769231 0.3173076923076923
0 0.8834134615384616 0.6418269230769231 0.15144230769230768 0.15264423076923078
0 0.9182692307692307 0.5360576923076923 0.1622596153846154 0.18990384615384615
0 0.9807692307692307 0.4543269230769231 0.037259615384615384 0.10216346153846154
0 0.9290865384615384 0.41225961538461536 0.12379807692307693 0.11778846153846154
0 0.9350961538461539 0.3581730769230769 0.12980769230769232 0.125
0 0.2536057692307692 0.4699519230769231 0.11057692307692307 0.11778846153846154