0 0.19831730769230768 0.5444711538461539 0.04447115384615385 0.15745192307692307
0 0.23798076923076922 0.4963942307692308 0.042067307692307696 0.11778846153846154
0 0.28966346153846156 0.5096153846153846 0.042067307692307696 0.10336538461538461
0 0.33052884615384615 0.5360576923076923 0.040865384615384616 0.1935096153846154
0 0.40384615384615385 0.5204326923076923 0.054086538461538464 0.11658653846153846
0 0.42908653846153844 0.5132211538461539 0.028846153846153848 0.09495192307692307
0 0.5180288461538461 0.5096153846153846 0.038461538461538464 0.08774038461538461
0 0.5420673076923077 0.5673076923076923 0.052884615384615384 0.23798076923076922
0 0.5889423076923077 0.5853365384615384 0.039663461538461536 0.13341346153846154
0 0.6237980769230769 0.5576923076923077 0.03485576923076923 0.17427884615384615
0 0.7836538461538461 0.5805288461538461 0.028846153846153848 0.2247596153846154
0 0.7764423076923077 0.5853365384615384 0.06009615384615385 0.2439903846153846
0 0.8028846153846154 0.5805288461538461 0.07211538461538461 0.2824519230769231
0 0.9170673076923077 0.6105769230769231 0.06971153846153846 0.34615384615384615
0 0.9807692307692307 0.6298076923076923 0.038461538461538464 0.34615384615384615
0 0.09014423076923077 0.7127403846153846 0.18028846153846154 0.37259615384615385
0 0.25600961538461536 0.6394230769230769 0.12980769230769232 0.37740384615384615
0 0.3173076923076923 0.65625 0.09615384615384616 0.22355769230769232
0 0.4326923076923077 0.7415865384615384 0.15384615384615385 0.3701923076923077
0 0.4723557692307692 0.7007211538461539 0.10697115384615384 0.28725961538461536
0 0.5120192307692307 0.6237980769230769 0.09014423076923077 0.20432692307692307
0 0.6598557692307693 0.5925480769230769 0.08173076923076923 0.15745192307692307
0 0.7079326923076923 0.5853365384615384 0.078125 0.15384615384615385
0 0.6947115384615384 0.7427884615384616 0.17668269230769232 0.34375
0 0.8377403846153846 0.7139423076923077 0.16466346153846154 0.3389423076923077