0 0.08774038461538461 0.5456730769230769 0.07451923076923077 0.16706730769230768
0 0.07211538461538461 0.4963942307692308 0.04447115384615385 0.12379807692307693
0 0.16346153846153846 0.5360576923076923 0.17427884615384615 0.6274038461538461
0 0.23557692307692307 0.5144230769230769 0.06971153846153846 0.15745192307692307
0 0.2800480769230769 0.5 0.09735576923076923 0.16826923076923078
0 0.3125 0.4891826923076923 0.11298076923076923 0.17067307692307693
0 0.4014423076923077 0.4651442307692308 0.12259615384615384 0.15504807692307693
0 0.45913461538461536 0.44591346153846156 0.20072115384615385 0.15625
0 0.5252403846153846 0.4182692307692308 0.10576923076923077 0.18389423076923078
0 0.5901442307692307 0.4387019230769231 0.05048076923076923 0.11177884615384616
0 0.7007211538461539 0.6165865384615384 0.3485576923076923 0.6766826923076923
0 0.7908653846153846 0.36177884615384615 0.06610576923076923 0.13942307692307693
0 0.8269230769230769 0.359375 0.04927884615384615 0.14302884615384615
0 0.8942307692307693 0.41346153846153844 0.09615384615384616 0.38822115384615385
0 0.9735576923076923 0.30528846153846156 0.03485576923076923 0.18269230769230768