0 0.015625 0.8701923076923077 0.03125 0.20673076923076922
0 0.052884615384615384 0.8473557692307693 0.038461538461538464 0.18509615384615385
0 0.0733173076923077 0.8581730769230769 0.052884615384615384 0.17668269230769232
0 0.10576923076923077 0.8389423076923077 0.02403846153846154 0.19591346153846154
0 0.11778846153846154 0.8413461538461539 0.030048076923076924 0.1935096153846154
0 0.13581730769230768 0.8413461538461539 0.03365384615384615 0.18269230769230768
0 0.16466346153846154 0.8389423076923077 0.046875 0.22235576923076922
0 0.17548076923076922 0.8305288461538461 0.036057692307692304 0.1935096153846154
0 0.20192307692307693 0.8401442307692307 0.027644230769230768 0.17067307692307693
0 0.21033653846153846 0.7800480769230769 0.028846153846153848 0.09254807692307693
0 0.22716346153846154 0.7475961538461539 0.015625 0.042067307692307696
0 0.26322115384615385 0.8100961538461539 0.03245192307692308 0.1875
0 0.28365384615384615 0.7199519230769231 0.01201923076923077 0.025240384615384616
0 0.3004807692307692 0.7872596153846154 0.027644230769230768 0.1466346153846154
0 0.3173076923076923 0.7896634615384616 0.027644230769230768 0.1778846153846154
0 0.3269230769230769 0.7788461538461539 0.02403846153846154 0.1778846153846154
0 0.3401442307692308 0.7776442307692307 0.019230769230769232 0.15745192307692307
0 0.3641826923076923 0.7704326923076923 0.040865384615384616 0.15745192307692307
0 0.38461538461538464 0.6814903846153846 0.02283653846153846 0.04447115384615385
0 0.3858173076923077 0.7692307692307693 0.030048076923076924 0.15745192307692307
0 0.4074519230769231 0.75 0.020432692307692308 0.16105769230769232
0 0.4266826923076923 0.7451923076923077 0.027644230769230768 0.1814903846153846
0 0.4495192307692308 0.7512019230769231 0.021634615384615384 0.15625
0 0.4411057692307692 0.6850961538461539 0.010817307692307692 0.042067307692307696
0 0.4639423076923077 0.7199519230769231 0.02283653846153846 0.12259615384615384
0 0.49158653846153844 0.7091346153846154 0.03365384615384615 0.12620192307692307
0 0.5036057692307693 0.703125 0.026442307692307692 0.11778846153846154
0 0.5228365384615384 0.6983173076923077 0.020432692307692308 0.12259615384615384
0 0.5649038461538461 0.7415865384615384 0.04447115384615385 0.21995192307692307
0 0.5661057692307693 0.7079326923076923 0.026442307692307692 0.15625
0 0.5745192307692307 0.6875 0.020432692307692308 0.10817307692307693
0 0.6418269230769231 0.7247596153846154 0.036057692307692304 0.18028846153846154
0 0.6574519230769231 0.6466346153846154 0.018028846153846152 0.05889423076923077
0 0.7055288461538461 0.6141826923076923 0.021634615384615384 0.052884615384615384
0 0.7103365384615384 0.6262019230769231 0.015625 0.07451923076923077
0 0.734375 0.6358173076923077 0.01201923076923077 0.10216346153846154
0 0.7367788461538461 0.6189903846153846 0.020432692307692308 0.07091346153846154
0 0.7668269230769231 0.6129807692307693 0.020432692307692308 0.057692307692307696
0 0.8161057692307693 0.5949519230769231 0.02283653846153846 0.06009615384615385
0 0.8329326923076923 0.59375 0.021634615384615384 0.04927884615384615
0 0.8653846153846154 0.5829326923076923 0.018028846153846152 0.06610576923076923
0 0.859375 0.5889423076923077 0.01201923076923077 0.040865384615384616
0 0.8088942307692307 0.7788461538461539 0.12860576923076922 0.4423076923076923
0 0.8810096153846154 0.5588942307692307 0.016826923076923076 0.027644230769230768
0 0.8978365384615384 0.5829326923076923 0.020432692307692308 0.0829326923076923
0 0.9230769230769231 0.5649038461538461 0.015625 0.06610576923076923
0 0.9098557692307693 0.6742788461538461 0.0625 0.21995192307692307
0 0.9723557692307693 0.6742788461538461 0.055288461538461536 0.21514423076923078
0 0.9831730769230769 0.6887019230769231 0.03365384615384615 0.21875
0 0.2800480769230769 0.7427884615384616 0.028846153846153848 0.08653846153846154
0 0.32211538461538464 0.796875 0.027644230769230768 0.15865384615384615
0 0.22355769230769232 0.7800480769230769 0.02403846153846154 0.09735576923076923
0 0.020432692307692308 0.8088942307692307 0.026442307692307692 0.09975961538461539