0 0.9338942307692307 0.6682692307692307 0.018028846153846152 0.018028846153846152
0 0.96875 0.6658653846153846 0.016826923076923076 0.010817307692307692
0 0.8569711538461539 0.828125 0.24278846153846154 0.34375
0 0.7235576923076923 0.7067307692307693 0.04927884615384615 0.039663461538461536
0 0.47836538461538464 0.828125 0.2403846153846154 0.3088942307692308
0 0.5384615384615384 0.7091346153846154 0.06009615384615385 0.07211538461538461
0 0.2548076923076923 0.6790865384615384 0.018028846153846152 0.020432692307692308
0 0.265625 0.703125 0.036057692307692304 0.038461538461538464
0 0.27163461538461536 0.6875 0.03245192307692308 0.027644230769230768
0 0.28125 0.6766826923076923 0.016826923076923076 0.02403846153846154
0 0.31009615384615385 0.8125 0.16947115384615385 0.3016826923076923
0 0.3629807692307692 0.6935096153846154 0.04567307692307692 0.06370192307692307
0 0.3798076923076923 0.671875 0.03125 0.03365384615384615
0 0.44471153846153844 0.6766826923076923 0.009615384615384616 0.008413461538461538
0 0.4110576923076923 0.734375 0.07692307692307693 0.14423076923076922