0 0.4495192307692308 0.42427884615384615 0.08774038461538461 0.15144230769230768
0 0.3701923076923077 0.43509615384615385 0.10576923076923077 0.18269230769230768
0 0.8545673076923077 0.5997596153846154 0.1141826923076923 0.5384615384615384
0 0.9399038461538461 0.6045673076923077 0.11899038461538461 0.5829326923076923
0 0.7091346153846154 0.6045673076923077 0.10096153846153846 0.4831730769230769
0 0.5877403846153846 0.6069711538461539 0.08653846153846154 0.47596153846153844
0 0.5180288461538461 0.6069711538461539 0.09134615384615384 0.5060096153846154
0 0.234375 0.6105769230769231 0.09615384615384616 0.5180288461538461
0 0.30408653846153844 0.6129807692307693 0.078125 0.5012019230769231
0 0.6442307692307693 0.6189903846153846 0.09375 0.46274038461538464
0 0.7800480769230769 0.6201923076923077 0.0985576923076923 0.49038461538461536
0 0.15144230769230768 0.6322115384615384 0.09615384615384616 0.49759615384615385
0 0.05889423076923077 0.6346153846153846 0.09975961538461539 0.5300480769230769