0 0.3786057692307692 0.2283653846153846 0.02403846153846154 0.0673076923076923
0 0.3557692307692308 0.23076923076923078 0.027644230769230768 0.09975961538461539
0 0.5192307692307693 0.24519230769230768 0.027644230769230768 0.109375
0 0.5480769230769231 0.24519230769230768 0.02403846153846154 0.0625
0 0.5997596153846154 0.2536057692307692 0.026442307692307692 0.06610576923076923
0 0.3918269230769231 0.25721153846153844 0.036057692307692304 0.12379807692307693
0 0.5733173076923077 0.25721153846153844 0.03125 0.0673076923076923
0 0.1141826923076923 0.2620192307692308 0.046875 0.12980769230769232
0 0.4423076923076923 0.26322115384615385 0.027644230769230768 0.14182692307692307
0 0.21153846153846154 0.27163461538461536 0.037259615384615384 0.13221153846153846
0 0.46875 0.2764423076923077 0.046875 0.1658653846153846
0 0.7560096153846154 0.2860576923076923 0.036057692307692304 0.2091346153846154
0 0.17067307692307693 0.29086538461538464 0.04326923076923077 0.16346153846153846
0 0.04447115384615385 0.2932692307692308 0.04567307692307692 0.1935096153846154
0 0.2692307692307692 0.34615384615384615 0.08413461538461539 0.19471153846153846
0 0.5372596153846154 0.34615384615384615 0.0673076923076923 0.14903846153846154
0 0.8149038461538461 0.34975961538461536 0.057692307692307696 0.11538461538461539
0 0.9110576923076923 0.42908653846153844 0.09014423076923077 0.2620192307692308
0 0.33774038461538464 0.42908653846153844 0.1778846153846154 0.3125
0 0.6057692307692307 0.4423076923076923 0.14903846153846154 0.2692307692307692
0 0.17668269230769232 0.5240384615384616 0.3112980769230769 0.44350961538461536
0 0.7175480769230769 0.5877403846153846 0.2692307692307692 0.46875