0 0.015625 0.953125 0.021634615384615384 0.09375
0 0.027644230769230768 0.9170673076923077 0.018028846153846152 0.03245192307692308
0 0.07211538461538461 0.9471153846153846 0.028846153846153848 0.10576923076923077
0 0.04927884615384615 0.9507211538461539 0.028846153846153848 0.0985576923076923
0 0.09495192307692307 0.9483173076923077 0.026442307692307692 0.08173076923076923
0 0.14423076923076922 0.9338942307692307 0.05889423076923077 0.13221153846153846
0 0.18389423076923078 0.9447115384615384 0.03125 0.11057692307692307
0 0.1971153846153846 0.9459134615384616 0.016826923076923076 0.09735576923076923
0 0.23076923076923078 0.9567307692307693 0.04927884615384615 0.08653846153846154
0 0.22115384615384615 0.9387019230769231 0.03245192307692308 0.08774038461538461
0 0.25841346153846156 0.9399038461538461 0.030048076923076924 0.1201923076923077
0 0.27163461538461536 0.9278846153846154 0.014423076923076924 0.057692307692307696
0 0.2980769230769231 0.9507211538461539 0.025240384615384616 0.08774038461538461
0 0.33533653846153844 0.9459134615384616 0.02283653846153846 0.08533653846153846
0 0.3641826923076923 0.9423076923076923 0.026442307692307692 0.10336538461538461
0 0.390625 0.9447115384615384 0.027644230769230768 0.0733173076923077
0 0.47596153846153844 0.9399038461538461 0.021634615384615384 0.08653846153846154
0 0.46153846153846156 0.9411057692307693 0.028846153846153848 0.11298076923076923
0 0.4423076923076923 0.9459134615384616 0.02283653846153846 0.10817307692307693
0 0.5048076923076923 0.9387019230769231 0.015625 0.0733173076923077
0 0.5228365384615384 0.9435096153846154 0.030048076923076924 0.11298076923076923
0 0.5528846153846154 0.9399038461538461 0.03125 0.11899038461538461
0 0.5817307692307693 0.9459134615384616 0.037259615384615384 0.10697115384615384
0 0.6105769230769231 0.9278846153846154 0.018028846153846152 0.06129807692307692
0 0.6033653846153846 0.9254807692307693 0.016826923076923076 0.06370192307692307
0 0.6358173076923077 0.921875 0.016826923076923076 0.06129807692307692
0 0.6201923076923077 0.9242788461538461 0.013221153846153846 0.055288461538461536
0 0.6526442307692307 0.9350961538461539 0.021634615384615384 0.07932692307692307
0 0.6682692307692307 0.9338942307692307 0.04447115384615385 0.13221153846153846
0 0.6838942307692307 0.9326923076923077 0.02403846153846154 0.09975961538461539
0 0.7139423076923077 0.9411057692307693 0.028846153846153848 0.10817307692307693
0 0.7391826923076923 0.9194711538461539 0.030048076923076924 0.057692307692307696
0 0.7800480769230769 0.9290865384615384 0.03245192307692308 0.11057692307692307
0 0.8112980769230769 0.9302884615384616 0.028846153846153848 0.10817307692307693
0 0.8233173076923077 0.9266826923076923 0.02283653846153846 0.09615384615384616
0 0.8449519230769231 0.9302884615384616 0.03125 0.09735576923076923
0 0.8509615384615384 0.9242788461538461 0.019230769230769232 0.09975961538461539
0 0.8858173076923077 0.9206730769230769 0.03485576923076923 0.11899038461538461
0 0.9399038461538461 0.9158653846153846 0.02283653846153846 0.08413461538461539
0 0.9735576923076923 0.921875 0.038461538461538464 0.1346153846153846