0 0.8166666666666667 0.8119266055045872 0.08888888888888889 0.28440366972477066
0 0.8533333333333334 0.7623853211009174 0.051111111111111114 0.25504587155963304
0 0.6877777777777778 0.7844036697247706 0.06 0.24770642201834864
0 0.7355555555555555 0.7477064220183486 0.057777777777777775 0.21467889908256882
0 0.76 0.7275229357798165 0.035555555555555556 0.1706422018348624
0 0.6172222222222222 0.7825688073394496 0.06333333333333334 0.29908256880733947
0 0.4272222222222222 0.8064220183486238 0.08777777777777777 0.3431192660550459
0 0.2644444444444444 0.7458715596330275 0.06222222222222222 0.25137614678899084
0 0.2238888888888889 0.7091743119266055 0.052222222222222225 0.23302752293577983
0 0.15722222222222224 0.6954128440366972 0.052222222222222225 0.1908256880733945
0 0.1272222222222222 0.6752293577981652 0.04777777777777778 0.1798165137614679
0 0.11555555555555555 0.6330275229357798 0.03333333333333333 0.09174311926605505
0 0.02722222222222222 0.6642201834862386 0.05 0.10275229357798166
0 0.31666666666666665 0.7009174311926606 0.04 0.22752293577981653
0 0.34555555555555556 0.7009174311926606 0.03111111111111111 0.1651376146788991
0 0.37444444444444447 0.6779816513761467 0.02666666666666667 0.11926605504587157
0 0.40444444444444444 0.7009174311926606 0.022222222222222223 0.10275229357798166
0 0.4172222222222222 0.7009174311926606 0.027777777777777776 0.1577981651376147
0 0.47944444444444445 0.681651376146789 0.03666666666666667 0.12293577981651377
0 0.5061111111111111 0.7055045871559633 0.03888888888888889 0.13761467889908258
0 0.5422222222222223 0.7238532110091743 0.03111111111111111 0.1669724770642202
0 0.5655555555555556 0.710091743119266 0.04 0.1761467889908257
0 0.5838888888888889 0.7091743119266055 0.023333333333333334 0.1669724770642202
0 0.9761111111111112 0.7990825688073394 0.04555555555555556 0.25137614678899084
0 0.9527777777777777 0.7330275229357798 0.03222222222222222 0.11926605504587157
0 0.9344444444444444 0.7073394495412844 0.028888888888888888 0.11559633027522936
0 0.8944444444444445 0.681651376146789 0.02 0.06422018348623854
0 0.835 0.6614678899082569 0.023333333333333334 0.060550458715596334
0 0.8738888888888889 0.7412844036697248 0.03222222222222222 0.1944954128440367
0 0.7788888888888889 0.7045871559633028 0.02666666666666667 0.11743119266055047
0 0.7288888888888889 0.736697247706422 0.03333333333333333 0.2
0 0.005 0.618348623853211 0.01 0.047706422018348627
0 0.013888888888888888 0.6174311926605505 0.012222222222222223 0.05321100917431193
0 0.03222222222222222 0.6128440366972477 0.015555555555555555 0.05504587155963303
0 0.03777777777777778 0.6082568807339449 0.008888888888888889 0.03853211009174312
0 0.06166666666666667 0.6412844036697247 0.027777777777777776 0.11192660550458716
0 0.09444444444444444 0.6330275229357798 0.017777777777777778 0.10275229357798166
0 0.07944444444444444 0.6330275229357798 0.01888888888888889 0.06972477064220184
0 0.18222222222222223 0.6403669724770642 0.02 0.08807339449541285
0 0.20555555555555555 0.6660550458715596 0.028888888888888888 0.13577981651376148
0 0.2677777777777778 0.636697247706422 0.02 0.07706422018348624
0 0.39 0.6522935779816513 0.015555555555555555 0.07522935779816514
0 0.65 0.6779816513761467 0.022222222222222223 0.09357798165137615
0 0.6388888888888888 0.6577981651376147 0.011111111111111112 0.045871559633027525
0 0.6222222222222222 0.6559633027522935 0.022222222222222223 0.06422018348623854
0 0.4666666666666667 0.6431192660550459 0.011111111111111112 0.05688073394495413
0 0.4727777777777778 0.6834862385321101 0.021111111111111112 0.11192660550458716
0 0.495 0.6495412844036698 0.014444444444444444 0.05504587155963303
0 0.5244444444444445 0.6853211009174311 0.02 0.12660550458715597
0 0.8766666666666667 0.708256880733945 0.028888888888888888 0.11376146788990826
0 0.6061111111111112 0.7018348623853211 0.025555555555555557 0.10458715596330276
0 0.5488888888888889 0.6504587155963303 0.017777777777777778 0.05321100917431193
0 0.025 0.6110091743119266 0.012222222222222223 0.047706422018348627