0 0.8161057692307693 0.8125 0.0889423076923077 0.2848557692307692
0 0.8533653846153846 0.7620192307692307 0.051682692307692304 0.2548076923076923
0 0.6875 0.7848557692307693 0.06009615384615385 0.24759615384615385
0 0.7355769230769231 0.7475961538461539 0.057692307692307696 0.21514423076923078
0 0.7596153846153846 0.7271634615384616 0.036057692307692304 0.17067307692307693
0 0.6177884615384616 0.7824519230769231 0.06370192307692307 0.29927884615384615
0 0.4266826923076923 0.8064903846153846 0.08774038461538461 0.3425480769230769
0 0.2644230769230769 0.7463942307692307 0.0625 0.2512019230769231
0 0.22355769230769232 0.7091346153846154 0.051682692307692304 0.23317307692307693
0 0.15745192307692307 0.6959134615384616 0.051682692307692304 0.19110576923076922
0 0.12740384615384615 0.6754807692307693 0.04807692307692308 0.18028846153846154
0 0.11538461538461539 0.6334134615384616 0.03365384615384615 0.09134615384615384
0 0.027644230769230768 0.6646634615384616 0.05048076923076923 0.10216346153846154
0 0.3161057692307692 0.7007211538461539 0.039663461538461536 0.22716346153846154
0 0.34615384615384615 0.7007211538461539 0.03125 0.16466346153846154
0 0.375 0.6778846153846154 0.026442307692307692 0.11899038461538461
0 0.40384615384615385 0.7007211538461539 0.021634615384615384 0.10216346153846154
0 0.4170673076923077 0.7007211538461539 0.027644230769230768 0.15745192307692307
0 0.4795673076923077 0.6814903846153846 0.037259615384615384 0.12259615384615384
0 0.5060096153846154 0.7055288461538461 0.038461538461538464 0.13701923076923078
0 0.5420673076923077 0.7235576923076923 0.03125 0.16706730769230768
0 0.5661057692307693 0.7103365384615384 0.039663461538461536 0.17668269230769232
0 0.5841346153846154 0.7091346153846154 0.02283653846153846 0.16706730769230768
0 0.9759615384615384 0.7992788461538461 0.04567307692307692 0.2512019230769231
0 0.953125 0.7331730769230769 0.03245192307692308 0.11899038461538461
0 0.9338942307692307 0.7079326923076923 0.028846153846153848 0.11538461538461539
0 0.8942307692307693 0.6814903846153846 0.020432692307692308 0.06370192307692307
0 0.8353365384615384 0.6610576923076923 0.02283653846153846 0.06009615384615385
0 0.8737980769230769 0.7415865384615384 0.03245192307692308 0.19471153846153846
0 0.7788461538461539 0.7043269230769231 0.026442307692307692 0.11778846153846154
0 0.7283653846153846 0.7367788461538461 0.03365384615384615 0.19951923076923078
0 0.004807692307692308 0.6177884615384616 0.009615384615384616 0.04807692307692308
0 0.014423076923076924 0.6177884615384616 0.01201923076923077 0.052884615384615384
0 0.03245192307692308 0.6129807692307693 0.015625 0.055288461538461536
0 0.037259615384615384 0.6081730769230769 0.008413461538461538 0.038461538461538464
0 0.06129807692307692 0.6418269230769231 0.027644230769230768 0.11177884615384616
0 0.09495192307692307 0.6334134615384616 0.018028846153846152 0.10216346153846154
0 0.07932692307692307 0.6334134615384616 0.019230769230769232 0.06971153846153846
0 0.18269230769230768 0.640625 0.020432692307692308 0.08774038461538461
0 0.20552884615384615 0.6658653846153846 0.028846153846153848 0.13581730769230768
0 0.26802884615384615 0.6370192307692307 0.020432692307692308 0.07692307692307693
0 0.3894230769230769 0.6526442307692307 0.015625 0.07572115384615384
0 0.6502403846153846 0.6778846153846154 0.021634615384615384 0.09375
0 0.6394230769230769 0.6574519230769231 0.010817307692307692 0.04567307692307692
0 0.6225961538461539 0.65625 0.021634615384615384 0.06370192307692307
0 0.46634615384615385 0.6430288461538461 0.010817307692307692 0.056490384615384616
0 0.4723557692307692 0.6838942307692307 0.021634615384615384 0.11177884615384616
0 0.4951923076923077 0.6490384615384616 0.014423076923076924 0.055288461538461536
0 0.5240384615384616 0.6850961538461539 0.020432692307692308 0.12620192307692307
0 0.8762019230769231 0.7079326923076923 0.028846153846153848 0.1141826923076923
0 0.6057692307692307 0.7019230769230769 0.025240384615384616 0.1045673076923077
0 0.5492788461538461 0.6502403846153846 0.018028846153846152 0.052884615384615384
0 0.025240384615384616 0.6105769230769231 0.01201923076923077 0.04807692307692308