0 0.7944711538461539 0.7415865384615384 0.04567307692307692 0.17067307692307693
0 0.84375 0.7151442307692307 0.021634615384615384 0.07211538461538461
0 0.84375 0.7127403846153846 0.015625 0.0625
0 0.055288461538461536 0.7235576923076923 0.03485576923076923 0.1502403846153846
0 0.026442307692307692 0.7103365384615384 0.046875 0.16105769230769232
0 0.4579326923076923 0.6766826923076923 0.027644230769230768 0.0673076923076923
0 0.4098557692307692 0.6298076923076923 0.03485576923076923 0.05889423076923077
0 0.4338942307692308 0.6766826923076923 0.030048076923076924 0.09014423076923077
0 0.6177884615384616 0.6586538461538461 0.026442307692307692 0.054086538461538464
0 0.7560096153846154 0.7091346153846154 0.016826923076923076 0.051682692307692304
0 0.5661057692307693 0.7019230769230769 0.016826923076923076 0.07211538461538461