0 0.07692307692307693 0.6069711538461539 0.15264423076923078 0.5384615384615384
0 0.1141826923076923 0.5913461538461539 0.08774038461538461 0.49038461538461536
0 0.20192307692307693 0.5745192307692307 0.10336538461538461 0.4362980769230769
0 0.25841346153846156 0.5685096153846154 0.07091346153846154 0.3870192307692308
0 0.3173076923076923 0.5084134615384616 0.06610576923076923 0.24519230769230768
0 0.36658653846153844 0.5576923076923077 0.06850961538461539 0.32572115384615385
0 0.4026442307692308 0.5360576923076923 0.06129807692307692 0.3401442307692308
0 0.4411057692307692 0.5432692307692307 0.0829326923076923 0.2980769230769231
0 0.4519230769230769 0.4579326923076923 0.07211538461538461 0.22355769230769232
0 0.5072115384615384 0.5480769230769231 0.06610576923076923 0.32572115384615385
0 0.5709134615384616 0.5396634615384616 0.08173076923076923 0.24639423076923078
0 0.5829326923076923 0.42427884615384615 0.05889423076923077 0.14302884615384615
0 0.6262019230769231 0.5697115384615384 0.07572115384615384 0.4098557692307692
0 0.6778846153846154 0.5853365384615384 0.11057692307692307 0.3870192307692308
0 0.7259615384615384 0.5805288461538461 0.07572115384615384 0.4387019230769231
0 0.8064903846153846 0.5901442307692307 0.10697115384615384 0.4699519230769231
0 0.9290865384615384 0.5480769230769231 0.140625 0.3918269230769231