0 0.040865384615384616 0.5528846153846154 0.06971153846153846 0.2668269230769231
0 0.06971153846153846 0.45552884615384615 0.03245192307692308 0.04326923076923077
0 0.0673076923076923 0.5264423076923077 0.036057692307692304 0.13942307692307693
0 0.1310096153846154 0.4795673076923077 0.04326923076923077 0.10336538461538461
0 0.12259615384615384 0.5444711538461539 0.05889423076923077 0.11177884615384616
0 0.21995192307692307 0.5673076923076923 0.09495192307692307 0.34615384615384615
0 0.2439903846153846 0.5769230769230769 0.08052884615384616 0.35096153846153844
0 0.27524038461538464 0.5588942307692307 0.055288461538461536 0.22596153846153846
0 0.35216346153846156 0.6286057692307693 0.1466346153846154 0.3713942307692308
0 0.30408653846153844 0.5036057692307693 0.04807692307692308 0.19471153846153846
0 0.3713942307692308 0.5132211538461539 0.03365384615384615 0.12259615384615384
0 0.38822115384615385 0.5096153846153846 0.04567307692307692 0.17908653846153846
0 0.4074519230769231 0.5192307692307693 0.040865384615384616 0.1502403846153846
0 0.4411057692307692 0.5192307692307693 0.07451923076923077 0.2536057692307692
0 0.4375 0.42788461538461536 0.04447115384615385 0.09495192307692307
0 0.4807692307692308 0.5252403846153846 0.042067307692307696 0.14783653846153846
0 0.5192307692307693 0.5048076923076923 0.037259615384615384 0.1658653846153846
0 0.6610576923076923 0.5024038461538461 0.04447115384615385 0.16947115384615385
0 0.75 0.47836538461538464 0.04927884615384615 0.19951923076923078
0 0.8293269230769231 0.5024038461538461 0.040865384615384616 0.2091346153846154
0 0.8737980769230769 0.5480769230769231 0.078125 0.32091346153846156
0 0.9639423076923077 0.6165865384615384 0.07211538461538461 0.5264423076923077
0 0.8870192307692307 0.5204326923076923 0.04807692307692308 0.2620192307692308
0 0.5877403846153846 0.6033653846153846 0.1622596153846154 0.6754807692307693
0 0.7740384615384616 0.5805288461538461 0.08774038461538461 0.43509615384615385