0 0.2608173076923077 0.5204326923076923 0.21875 0.9555288461538461
0 0.4723557692307692 0.5252403846153846 0.18870192307692307 0.8545673076923077
0 0.6838942307692307 0.5 0.27163461538461536 1
0 0.9074519230769231 0.5528846153846154 0.09254807692307693 0.7836538461538461
0 0.042067307692307696 0.5985576923076923 0.08173076923076923 0.8016826923076923
0 0.054086538461538464 0.37259615384615385 0.07572115384615384 0.13822115384615385
0 0.11899038461538461 0.5084134615384616 0.12259615384615384 0.43028846153846156
0 0.3713942307692308 0.4891826923076923 0.046875 0.3858173076923077
0 0.9014423076923077 0.5516826923076923 0.09615384615384616 0.78125
0 0.546875 0.49399038461538464 0.09495192307692307 0.6262019230769231
0 0.4579326923076923 0.5192307692307693 0.12379807692307693 0.4050480769230769
0 0.53125 0.578125 0.0673076923076923 0.13942307692307693