0 0.13341346153846154 0.625 0.2668269230769231 0.75
0 0.27403846153846156 0.5649038461538461 0.4170673076923077 0.4855769230769231
0 0.265625 0.28125 0.2536057692307692 0.22355769230769232
0 0.2932692307692308 0.3581730769230769 0.3389423076923077 0.3557692307692308
0 0.4098557692307692 0.6177884615384616 0.21514423076923078 0.234375
0 0.5072115384615384 0.36899038461538464 0.23557692307692307 0.3112980769230769
0 0.49759615384615385 0.5480769230769231 0.35336538461538464 0.5264423076923077
0 0.6694711538461539 0.5300480769230769 0.19110576923076922 0.4735576923076923
0 0.8305288461538461 0.6262019230769231 0.3389423076923077 0.7427884615384616
0 0.9002403846153846 0.5721153846153846 0.19951923076923078 0.8557692307692307
0 0.34615384615384615 0.5661057692307693 0.20432692307692307 0.5721153846153846