0 0.04807692307692308 0.9014423076923077 0.08774038461538461 0.04927884615384615
0 0.07211538461538461 0.9098557692307693 0.06610576923076923 0.03365384615384615
0 0.16706730769230768 0.9002403846153846 0.15865384615384615 0.07572115384615384
0 0.5192307692307693 0.8870192307692307 0.15264423076923078 0.04807692307692308
0 0.47716346153846156 0.8713942307692307 0.08774038461538461 0.055288461538461536
0 0.4230769230769231 0.8737980769230769 0.052884615384615384 0.057692307692307696
0 0.7764423076923077 0.9158653846153846 0.10216346153846154 0.11057692307692307
0 0.7007211538461539 0.9206730769230769 0.06009615384615385 0.0889423076923077
0 0.8185096153846154 0.9050480769230769 0.109375 0.039663461538461536
0 0.9435096153846154 0.9615384615384616 0.11298076923076923 0.06610576923076923
0 0.9302884615384616 0.7992788461538461 0.042067307692307696 0.20552884615384615
0 0.8846153846153846 0.7944711538461539 0.03125 0.052884615384615384
0 0.9927884615384616 0.6923076923076923 0.014423076923076924 0.07451923076923077
0 0.9723557692307693 0.6778846153846154 0.013221153846153846 0.07572115384615384
0 0.9627403846153846 0.6646634615384616 0.018028846153846152 0.0673076923076923
0 0.9483173076923077 0.7019230769230769 0.028846153846153848 0.10336538461538461
0 0.9471153846153846 0.6430288461538461 0.013221153846153846 0.038461538461538464
0 0.9026442307692307 0.7391826923076923 0.052884615384615384 0.055288461538461536
0 0.9086538461538461 0.7295673076923077 0.02403846153846154 0.04567307692307692
0 0.9122596153846154 0.6983173076923077 0.02283653846153846 0.08052884615384616
0 0.9158653846153846 0.6790865384615384 0.016826923076923076 0.03245192307692308
0 0.8942307692307693 0.6646634615384616 0.019230769230769232 0.04927884615384615
0 0.8786057692307693 0.6790865384615384 0.016826923076923076 0.07091346153846154
0 0.8677884615384616 0.6742788461538461 0.018028846153846152 0.0625
0 0.8713942307692307 0.7235576923076923 0.02283653846153846 0.046875
0 0.8461538461538461 0.7331730769230769 0.038461538461538464 0.16466346153846154
0 0.8533653846153846 0.6862980769230769 0.014423076923076924 0.07572115384615384
0 0.8341346153846154 0.6730769230769231 0.02283653846153846 0.06850961538461539
0 0.8245192307692307 0.6887019230769231 0.018028846153846152 0.09975961538461539
0 0.8257211538461539 0.7415865384615384 0.05048076923076923 0.04567307692307692
0 0.7956730769230769 0.7355769230769231 0.03365384615384615 0.15264423076923078
0 0.7860576923076923 0.6598557692307693 0.013221153846153846 0.03125
0 0.7764423076923077 0.671875 0.027644230769230768 0.06129807692307692
0 0.7331730769230769 0.6983173076923077 0.04447115384615385 0.1310096153846154
0 0.7716346153846154 0.7896634615384616 0.06490384615384616 0.07091346153846154
0 0.7427884615384616 0.7836538461538461 0.026442307692307692 0.06971153846153846
0 0.7427884615384616 0.7572115384615384 0.026442307692307692 0.054086538461538464
0 0.7079326923076923 0.7716346153846154 0.051682692307692304 0.042067307692307696
0 0.7079326923076923 0.7199519230769231 0.009615384615384616 0.020432692307692308
0 0.7091346153846154 0.6442307692307693 0.010817307692307692 0.052884615384615384
0 0.7283653846153846 0.6298076923076923 0.014423076923076924 0.03245192307692308
0 0.7463942307692307 0.6442307692307693 0.009615384615384616 0.04927884615384615
0 0.6802884615384616 0.7355769230769231 0.05048076923076923 0.027644230769230768
0 0.6598557692307693 0.6899038461538461 0.009615384615384616 0.039663461538461536
0 0.5997596153846154 0.765625 0.07091346153846154 0.042067307692307696
0 0.5997596153846154 0.7043269230769231 0.028846153846153848 0.13822115384615385
0 0.6322115384615384 0.7091346153846154 0.04807692307692308 0.12620192307692307
0 0.6201923076923077 0.6634615384615384 0.01201923076923077 0.052884615384615384
0 0.6514423076923077 0.6346153846153846 0.01201923076923077 0.039663461538461536
0 0.6310096153846154 0.6334134615384616 0.021634615384615384 0.04567307692307692
0 0.6430288461538461 0.6225961538461539 0.010817307692307692 0.039663461538461536
0 0.6538461538461539 0.6213942307692307 0.008413461538461538 0.037259615384615384
0 0.5901442307692307 0.6490384615384616 0.018028846153846152 0.06009615384615385
0 0.6153846153846154 0.6850961538461539 0.025240384615384616 0.037259615384615384
0 0.5685096153846154 0.6346153846153846 0.014423076923076924 0.04807692307692308
0 0.5528846153846154 0.6370192307692307 0.015625 0.037259615384615384
0 0.5288461538461539 0.6862980769230769 0.03365384615384615 0.04927884615384615
0 0.5877403846153846 0.7283653846153846 0.03485576923076923 0.04927884615384615
0 0.5072115384615384 0.6622596153846154 0.018028846153846152 0.10697115384615384
0 0.49278846153846156 0.7259615384615384 0.039663461538461536 0.0625
0 0.5264423076923077 0.6418269230769231 0.018028846153846152 0.052884615384615384
0 0.5336538461538461 0.6394230769230769 0.013221153846153846 0.046875
0 0.4098557692307692 0.7379807692307693 0.046875 0.07451923076923077
0 0.4495192307692308 0.7223557692307693 0.04927884615384615 0.10697115384615384
0 0.4567307692307692 0.7175480769230769 0.02283653846153846 0.06610576923076923
0 0.4074519230769231 0.6971153846153846 0.02403846153846154 0.05048076923076923
0 0.3858173076923077 0.7788461538461539 0.0829326923076923 0.03125
0 0.39663461538461536 0.7920673076923077 0.06009615384615385 0.019230769230769232
0 0.421875 0.6225961538461539 0.010817307692307692 0.040865384615384616
0 0.41466346153846156 0.6490384615384616 0.020432692307692308 0.04927884615384615
0 0.35697115384615385 0.6658653846153846 0.037259615384615384 0.05048076923076923
0 0.33413461538461536 0.6262019230769231 0.015625 0.06129807692307692
0 0.31009615384615385 0.5997596153846154 0.007211538461538462 0.019230769230769232
0 0.3161057692307692 0.6466346153846154 0.021634615384615384 0.0829326923076923
0 0.31009615384615385 0.6826923076923077 0.04807692307692308 0.04567307692307692
0 0.2980769230769231 0.6334134615384616 0.020432692307692308 0.078125
0 0.28725961538461536 0.640625 0.02283653846153846 0.09254807692307693
0 0.27524038461538464 0.6141826923076923 0.009615384615384616 0.021634615384615384
0 0.33052884615384615 0.7247596153846154 0.08533653846153846 0.027644230769230768
0 0.2536057692307692 0.6286057692307693 0.018028846153846152 0.07211538461538461
0 0.26802884615384615 0.625 0.013221153846153846 0.046875
0 0.2536057692307692 0.6694711538461539 0.027644230769230768 0.04447115384615385
0 0.23557692307692307 0.6574519230769231 0.02283653846153846 0.042067307692307696
0 0.22956730769230768 0.6225961538461539 0.014423076923076924 0.04807692307692308
0 0.21754807692307693 0.6213942307692307 0.010817307692307692 0.04326923076923077
0 0.2127403846153846 0.6129807692307693 0.01201923076923077 0.04447115384615385
0 0.18870192307692307 0.6141826923076923 0.019230769230769232 0.06009615384615385
0 0.17908653846153846 0.5985576923076923 0.008413461538461538 0.020432692307692308
0 0.16105769230769232 0.6105769230769231 0.009615384615384616 0.036057692307692304
0 0.15504807692307693 0.6117788461538461 0.013221153846153846 0.042067307692307696
0 0.14302884615384615 0.6105769230769231 0.008413461538461538 0.04326923076923077
0 0.13221153846153846 0.6129807692307693 0.010817307692307692 0.040865384615384616
0 0.1201923076923077 0.6009615384615384 0.014423076923076924 0.03125
0 0.37740384615384615 0.7391826923076923 0.04567307692307692 0.036057692307692304
0 0.265625 0.8605769230769231 0.13942307692307693 0.040865384615384616
0 0.2932692307692308 0.8305288461538461 0.10096153846153846 0.09014423076923077
0 0.37259615384615385 0.8341346153846154 0.2644230769230769 0.3317307692307692
0 0.2127403846153846 0.8028846153846154 0.06129807692307692 0.08533653846153846
0 0.21995192307692307 0.7548076923076923 0.036057692307692304 0.0625
0 0.125 0.7788461538461539 0.04447115384615385 0.12980769230769232
0 0.04807692307692308 0.8317307692307693 0.09615384615384616 0.036057692307692304
0 0.11298076923076923 0.8016826923076923 0.08653846153846154 0.04927884615384615
0 0.17668269230769232 0.7307692307692307 0.06009615384615385 0.08052884615384616
0 0.21033653846153846 0.6706730769230769 0.018028846153846152 0.11538461538461539
0 0.18389423076923078 0.6766826923076923 0.021634615384615384 0.10336538461538461
0 0.1622596153846154 0.6766826923076923 0.02283653846153846 0.09615384615384616
0 0.10576923076923077 0.7139423076923077 0.03365384615384615 0.12259615384615384
0 0.08052884615384616 0.7079326923076923 0.030048076923076924 0.056490384615384616
0 0.07932692307692307 0.6454326923076923 0.02403846153846154 0.09134615384615384
0 0.056490384615384616 0.6478365384615384 0.020432692307692308 0.036057692307692304
0 0.09615384615384616 0.6009615384615384 0.016826923076923076 0.057692307692307696
0 0.1201923076923077 0.5793269230769231 0.007211538461538462 0.026442307692307692
0 0.08653846153846154 0.5877403846153846 0.009615384615384616 0.019230769230769232
0 0.07091346153846154 0.5913461538461539 0.009615384615384616 0.026442307692307692
0 0.06971153846153846 0.5709134615384616 0.007211538461538462 0.025240384615384616
0 0.46274038461538464 0.578125 0.008413461538461538 0.025240384615384616
0 0.4699519230769231 0.5745192307692307 0.007211538461538462 0.02403846153846154