0 0.18990384615384615 0.7067307692307693 0.05889423076923077 0.12139423076923077
0 0.34975961538461536 0.5504807692307693 0.039663461538461536 0.10817307692307693
0 0.46153846153846156 0.6442307692307693 0.040865384615384616 0.12740384615384615
0 0.4266826923076923 0.796875 0.06610576923076923 0.15264423076923078
0 0.41346153846153844 0.8798076923076923 0.07211538461538461 0.13942307692307693
0 0.2692307692307692 0.9471153846153846 0.0625 0.10576923076923077
0 0.32572115384615385 0.9483173076923077 0.04567307692307692 0.10336538461538461
0 0.375 0.9603365384615384 0.052884615384615384 0.07932692307692307
0 0.44350961538461536 0.9579326923076923 0.03125 0.0829326923076923
0 0.4651442307692308 0.9627403846153846 0.042067307692307696 0.07451923076923077
0 0.5108173076923077 0.8617788461538461 0.054086538461538464 0.14423076923076922
0 0.6129807692307693 0.9519230769230769 0.046875 0.09615384615384616
0 0.6947115384615384 0.9699519230769231 0.0625 0.06009615384615385
0 0.6514423076923077 0.9314903846153846 0.052884615384615384 0.13701923076923078
0 0.6971153846153846 0.8858173076923077 0.051682692307692304 0.1502403846153846
0 0.6442307692307693 0.8557692307692307 0.042067307692307696 0.12259615384615384
0 0.6754807692307693 0.8052884615384616 0.039663461538461536 0.09735576923076923
0 0.7451923076923077 0.7848557692307693 0.054086538461538464 0.15865384615384615
0 0.8004807692307693 0.7752403846153846 0.04567307692307692 0.17548076923076922
0 0.8449519230769231 0.6923076923076923 0.057692307692307696 0.15264423076923078
0 0.9002403846153846 0.6646634615384616 0.057692307692307696 0.17548076923076922
0 0.8209134615384616 0.59375 0.04927884615384615 0.17908653846153846
0 0.8509615384615384 0.5540865384615384 0.052884615384615384 0.13701923076923078
0 0.7944711538461539 0.5120192307692307 0.04447115384615385 0.14543269230769232
0 0.7608173076923077 0.7007211538461539 0.056490384615384616 0.15985576923076922
0 0.7163461538461539 0.7103365384615384 0.056490384615384616 0.17067307692307693
0 0.6634615384615384 0.7463942307692307 0.039663461538461536 0.1141826923076923
0 0.6610576923076923 0.6995192307692307 0.04447115384615385 0.1141826923076923
0 0.6935096153846154 0.6538461538461539 0.028846153846153848 0.1502403846153846
0 0.6105769230769231 0.6129807692307693 0.039663461538461536 0.15264423076923078
0 0.6586538461538461 0.5408653846153846 0.03365384615384615 0.12740384615384615
0 0.6911057692307693 0.5192307692307693 0.03365384615384615 0.13701923076923078
0 0.2956730769230769 0.4723557692307692 0.04567307692307692 0.11057692307692307
0 0.21153846153846154 0.4266826923076923 0.03365384615384615 0.0829326923076923
0 0.22596153846153846 0.42908653846153844 0.03485576923076923 0.0829326923076923
0 0.24158653846153846 0.4074519230769231 0.025240384615384616 0.08533653846153846
0 0.25600961538461536 0.40865384615384615 0.03245192307692308 0.0829326923076923
0 0.26802884615384615 0.3954326923076923 0.025240384615384616 0.07932692307692307
0 0.28125 0.3918269230769231 0.03125 0.07932692307692307
0 0.1778846153846154 0.4326923076923077 0.02283653846153846 0.04326923076923077
0 0.1875 0.43028846153846156 0.018028846153846152 0.04326923076923077
0 0.17427884615384615 0.40625 0.026442307692307692 0.042067307692307696
0 0.1778846153846154 0.375 0.019230769230769232 0.03365384615384615
0 0.18028846153846154 0.30649038461538464 0.020432692307692308 0.05048076923076923
0 0.16466346153846154 0.31009615384615385 0.018028846153846152 0.04567307692307692
0 0.15384615384615385 0.3389423076923077 0.021634615384615384 0.04326923076923077
0 0.14302884615384615 0.34975961538461536 0.026442307692307692 0.05889423076923077
0 0.14423076923076922 0.2980769230769231 0.016826923076923076 0.042067307692307696
0 0.16826923076923078 0.27524038461538464 0.014423076923076924 0.037259615384615384
0 0.1814903846153846 0.27403846153846156 0.015625 0.039663461538461536
0 0.19951923076923078 0.30408653846153844 0.016826923076923076 0.04567307692307692
0 0.20072115384615385 0.33774038461538464 0.014423076923076924 0.037259615384615384
0 0.2127403846153846 0.2620192307692308 0.016826923076923076 0.042067307692307696
0 0.21153846153846154 0.2548076923076923 0.016826923076923076 0.04807692307692308
0 0.7439903846153846 0.12980769230769232 0.015625 0.051682692307692304
0 0.7740384615384616 0.12620192307692307 0.01201923076923077 0.056490384615384616
0 0.8040865384615384 0.10697115384615384 0.014423076923076924 0.06490384615384616
0 0.8557692307692307 0.16826923076923078 0.018028846153846152 0.06490384615384616
0 0.5793269230769231 0.13701923076923078 0.013221153846153846 0.04326923076923077
0 0.18389423076923078 0.5600961538461539 0.051682692307692304 0.125
0 0.16466346153846154 0.4807692307692308 0.04567307692307692 0.09014423076923077
0 0.8930288461538461 0.11177884615384616 0.03365384615384615 0.04807692307692308
0 0.9086538461538461 0.18870192307692307 0.025240384615384616 0.08173076923076923
0 0.9326923076923077 0.8401442307692307 0.04927884615384615 0.12740384615384615
0 0.2283653846153846 0.3557692307692308 0.025240384615384616 0.06490384615384616
0 0.13341346153846154 0.34975961538461536 0.019230769230769232 0.04567307692307692
0 0.15504807692307693 0.31971153846153844 0.025240384615384616 0.056490384615384616