0 0.9915865384615384 0.5336538461538461 0.016826923076923076 0.17067307692307693
0 0.9375 0.6911057692307693 0.125 0.49278846153846156
0 0.8353365384615384 0.5865384615384616 0.08653846153846154 0.41466346153846156
0 0.7944711538461539 0.6081730769230769 0.12379807692307693 0.41225961538461536
0 0.7391826923076923 0.4579326923076923 0.046875 0.09615384615384616
0 0.7223557692307693 0.5889423076923077 0.11298076923076923 0.27524038461538464
0 0.7259615384615384 0.8016826923076923 0.24879807692307693 0.3161057692307692
0 0.5084134615384616 0.7608173076923077 0.13942307692307693 0.39663461538461536
0 0.2536057692307692 0.7932692307692307 0.21995192307692307 0.41225961538461536
0 0.4014423076923077 0.7331730769230769 0.140625 0.4483173076923077
0 0.6442307692307693 0.7740384615384616 0.14423076923076922 0.3004807692307692
0 0.6165865384615384 0.5721153846153846 0.08653846153846154 0.2956730769230769
0 0.5973557692307693 0.375 0.07692307692307693 0.1814903846153846
0 0.5012019230769231 0.4735576923076923 0.07451923076923077 0.31850961538461536
0 0.4639423076923077 0.453125 0.06610576923076923 0.3269230769230769
0 0.4050480769230769 0.578125 0.11298076923076923 0.390625
0 0.32572115384615385 0.5889423076923077 0.13221153846153846 0.2620192307692308
0 0.19471153846153846 0.7079326923076923 0.07451923076923077 0.21514423076923078
0 0.2512019230769231 0.5540865384615384 0.09254807692307693 0.2512019230769231
0 0.15264423076923078 0.5612980769230769 0.1141826923076923 0.39663461538461536
0 0.23677884615384615 0.4579326923076923 0.0889423076923077 0.2824519230769231
0 0.31971153846153844 0.4206730769230769 0.09375 0.19951923076923078
0 0.40024038461538464 0.39663461538461536 0.09254807692307693 0.1658653846153846
0 0.41466346153846156 0.3245192307692308 0.04807692307692308 0.13701923076923078
0 0.38221153846153844 0.34134615384615385 0.07692307692307693 0.13701923076923078
0 0.3557692307692308 0.3112980769230769 0.04807692307692308 0.14783653846153846
0 0.2800480769230769 0.328125 0.06850961538461539 0.17307692307692307
0 0.3269230769230769 0.31850961538461536 0.038461538461538464 0.12980769230769232
0 0.2091346153846154 0.375 0.056490384615384616 0.12980769230769232
0 0.10697115384615384 0.46875 0.0673076923076923 0.3137019230769231
0 0.057692307692307696 0.4266826923076923 0.06850961538461539 0.24879807692307693
0 0.013221153846153846 0.4026442307692308 0.026442307692307692 0.21754807692307693
0 0.08774038461538461 0.32572115384615385 0.04326923076923077 0.109375
0 0.14903846153846154 0.32572115384615385 0.051682692307692304 0.10576923076923077
0 0.18389423076923078 0.34134615384615385 0.055288461538461536 0.16826923076923078
0 0.22956730769230768 0.3088942307692308 0.0625 0.12139423076923077
0 0.0673076923076923 0.25600961538461536 0.03485576923076923 0.11177884615384616
0 0.12139423076923077 0.25240384615384615 0.02403846153846154 0.06971153846153846
0 0.1045673076923077 0.2668269230769231 0.03125 0.04927884615384615
0 0.5637019230769231 0.6971153846153846 0.1346153846153846 0.5252403846153846