0 0.021634615384615384 0.5300480769230769 0.014423076923076924 0.0733173076923077
0 0.03485576923076923 0.5324519230769231 0.01201923076923077 0.06490384615384616
0 0.04807692307692308 0.5324519230769231 0.01201923076923077 0.07091346153846154
0 0.06129807692307692 0.53125 0.016826923076923076 0.07692307692307693
0 0.17067307692307693 0.5588942307692307 0.01201923076923077 0.06610576923076923
0 0.17668269230769232 0.5504807692307693 0.019230769230769232 0.08413461538461539
0 0.2548076923076923 0.5504807692307693 0.013221153846153846 0.06009615384615385
0 0.21995192307692307 0.5384615384615384 0.016826923076923076 0.04807692307692308
0 0.19831730769230768 0.5384615384615384 0.01201923076923077 0.04567307692307692
0 0.31971153846153844 0.5745192307692307 0.02403846153846154 0.1141826923076923
0 0.34134615384615385 0.5480769230769231 0.018028846153846152 0.054086538461538464
0 0.37740384615384615 0.5552884615384616 0.025240384615384616 0.08653846153846154
0 0.7427884615384616 0.6454326923076923 0.06370192307692307 0.1346153846153846
0 0.3737980769230769 0.8221153846153846 0.10576923076923077 0.3557692307692308
0 0.4699519230769231 0.8485576923076923 0.11899038461538461 0.30288461538461536
0 0.6394230769230769 0.8353365384615384 0.19110576923076922 0.3293269230769231
0 0.6634615384615384 0.9206730769230769 0.10216346153846154 0.15504807692307693
0 0.9567307692307693 0.6213942307692307 0.037259615384615384 0.10096153846153846
0 0.9855769230769231 0.6959134615384616 0.027644230769230768 0.2800480769230769
0 0.9459134615384616 0.84375 0.10336538461538461 0.3125
0 0.8870192307692307 0.8762019230769231 0.15504807692307693 0.24759615384615385
0 0.9350961538461539 0.7007211538461539 0.0829326923076923 0.12860576923076922