0 0.7788461538461539 0.5612980769230769 0.18509615384615385 0.5168269230769231
0 0.9014423076923077 0.59375 0.026442307692307692 0.09615384615384616
0 0.9026442307692307 0.546875 0.04567307692307692 0.1814903846153846
0 0.8701923076923077 0.5432692307692307 0.042067307692307696 0.19831730769230768
0 0.6670673076923077 0.5576923076923077 0.07451923076923077 0.296875
0 0.5300480769230769 0.5348557692307693 0.20673076923076922 0.640625
0 0.2956730769230769 0.5444711538461539 0.13701923076923078 0.53125
0 0.38822115384615385 0.5132211538461539 0.07091346153846154 0.20192307692307693
0 0.15745192307692307 0.5048076923076923 0.10817307692307693 0.3713942307692308
0 0.18509615384615385 0.53125 0.11658653846153846 0.31009615384615385
0 0.21875 0.53125 0.06490384615384616 0.24879807692307693
0 0.125 0.49399038461538464 0.05889423076923077 0.2620192307692308
0 0.036057692307692304 0.5168269230769231 0.0625 0.28725961538461536
0 0.0673076923076923 0.5276442307692307 0.056490384615384616 0.21875
0 0.007211538461538462 0.4387019230769231 0.013221153846153846 0.12620192307692307
0 0.056490384615384616 0.5336538461538461 0.06850961538461539 0.23076923076923078
0 0.42788461538461536 0.5504807692307693 0.051682692307692304 0.12860576923076922
0 0.6274038461538461 0.5805288461538461 0.04447115384615385 0.0889423076923077