0 0.030048076923076924 0.7115384615384616 0.019230769230769232 0.21754807692307693
0 0.038461538461538464 0.7235576923076923 0.04447115384615385 0.22235576923076922
0 0.14543269230769232 0.7115384615384616 0.042067307692307696 0.22355769230769232
0 0.16947115384615385 0.6911057692307693 0.021634615384615384 0.12980769230769232
0 0.0889423076923077 0.7956730769230769 0.08173076923076923 0.4074519230769231
0 0.20552884615384615 0.8365384615384616 0.0625 0.32572115384615385
0 0.25 0.6490384615384616 0.016826923076923076 0.06610576923076923
0 0.23317307692307693 0.7019230769230769 0.03125 0.16826923076923078
0 0.25600961538461536 0.8076923076923077 0.06850961538461539 0.38341346153846156
0 0.29927884615384615 0.7283653846153846 0.028846153846153848 0.19591346153846154
0 0.3329326923076923 0.671875 0.010817307692307692 0.07211538461538461
0 0.40384615384615385 0.6959134615384616 0.014423076923076924 0.12379807692307693
0 0.37259615384615385 0.7872596153846154 0.08653846153846154 0.4254807692307692
0 0.46634615384615385 0.6947115384615384 0.030048076923076924 0.14182692307692307
0 0.5 0.6995192307692307 0.030048076923076924 0.14182692307692307
0 0.5252403846153846 0.6947115384615384 0.02403846153846154 0.13341346153846154
0 0.5480769230769231 0.6875 0.020432692307692308 0.09975961538461539
0 0.5612980769230769 0.6706730769230769 0.008413461538461538 0.054086538461538464
0 0.5829326923076923 0.6959134615384616 0.026442307692307692 0.15144230769230768
0 0.5997596153846154 0.7463942307692307 0.04326923076923077 0.25240384615384615
0 0.6430288461538461 0.7487980769230769 0.038461538461538464 0.24639423076923078
0 0.6947115384615384 0.6778846153846154 0.02283653846153846 0.1045673076923077
0 0.6754807692307693 0.6730769230769231 0.018028846153846152 0.0985576923076923
0 0.765625 0.7007211538461539 0.028846153846153848 0.15384615384615385
0 0.8413461538461539 0.6478365384615384 0.026442307692307692 0.06850961538461539
0 0.8353365384615384 0.7079326923076923 0.02403846153846154 0.14783653846153846
0 0.8125 0.7139423076923077 0.027644230769230768 0.17548076923076922
0 0.7944711538461539 0.765625 0.04447115384615385 0.2800480769230769
0 0.8762019230769231 0.6935096153846154 0.02403846153846154 0.15144230769230768
0 0.9002403846153846 0.7199519230769231 0.037259615384615384 0.18389423076923078
0 0.9435096153846154 0.7115384615384616 0.042067307692307696 0.18629807692307693
0 0.7307692307692307 0.765625 0.055288461538461536 0.2920673076923077