0 0.04807692307692308 0.8798076923076923 0.037259615384615384 0.19471153846153846
0 0.109375 0.9206730769230769 0.03485576923076923 0.12620192307692307
0 0.24158653846153846 0.9338942307692307 0.027644230769230768 0.07692307692307693
0 0.25721153846153844 0.8774038461538461 0.04326923076923077 0.21634615384615385
0 0.22235576923076922 0.890625 0.028846153846153848 0.19831730769230768
0 0.28846153846153844 0.8485576923076923 0.05048076923076923 0.20552884615384615
0 0.3173076923076923 0.7920673076923077 0.038461538461538464 0.125
0 0.3713942307692308 0.890625 0.030048076923076924 0.18028846153846154
0 0.37740384615384615 0.8774038461538461 0.055288461538461536 0.18990384615384615
0 0.40865384615384615 0.8786057692307693 0.03485576923076923 0.19110576923076922
0 0.36658653846153844 0.8257211538461539 0.037259615384615384 0.140625
0 0.38461538461538464 0.7367788461538461 0.030048076923076924 0.051682692307692304
0 0.36177884615384615 0.7716346153846154 0.03125 0.15865384615384615
0 0.31009615384615385 0.7055288461538461 0.03365384615384615 0.10697115384615384
0 0.265625 0.7103365384615384 0.030048076923076924 0.12980769230769232
0 0.24759615384615385 0.6983173076923077 0.018028846153846152 0.06850961538461539
0 0.2620192307692308 0.6454326923076923 0.030048076923076924 0.0625
0 0.3088942307692308 0.6754807692307693 0.027644230769230768 0.10096153846153846
0 0.3605769230769231 0.7007211538461539 0.036057692307692304 0.08413461538461539
0 0.3858173076923077 0.7091346153846154 0.025240384615384616 0.06490384615384616
0 0.38341346153846156 0.6730769230769231 0.027644230769230768 0.039663461538461536
0 0.3581730769230769 0.6622596153846154 0.026442307692307692 0.0625
0 0.3401442307692308 0.6670673076923077 0.030048076923076924 0.1141826923076923
0 0.3581730769230769 0.625 0.02403846153846154 0.06370192307692307
0 0.31009615384615385 0.6189903846153846 0.021634615384615384 0.04567307692307692
0 0.25 0.6177884615384616 0.025240384615384616 0.08653846153846154
0 0.28966346153846156 0.6334134615384616 0.019230769230769232 0.10817307692307693
0 0.28966346153846156 0.5673076923076923 0.021634615384615384 0.06850961538461539
0 0.30408653846153844 0.5420673076923077 0.018028846153846152 0.09254807692307693
0 0.32091346153846156 0.5817307692307693 0.02283653846153846 0.0889423076923077
0 0.27524038461538464 0.5528846153846154 0.019230769230769232 0.09134615384615384
0 0.2644230769230769 0.515625 0.016826923076923076 0.05889423076923077
0 0.24639423076923078 0.5709134615384616 0.021634615384615384 0.055288461538461536
0 0.24639423076923078 0.5120192307692307 0.016826923076923076 0.05889423076923077
0 0.2704326923076923 0.6358173076923077 0.015625 0.06850961538461539
0 0.8798076923076923 0.96875 0.040865384615384616 0.06009615384615385
0 0.8810096153846154 0.9302884615384616 0.038461538461538464 0.0673076923076923
0 0.8509615384615384 0.9290865384615384 0.03245192307692308 0.09254807692307693