0 0.07451923076923077 0.8004807692307693 0.02283653846153846 0.07091346153846154
0 0.09134615384615384 0.796875 0.014423076923076924 0.055288461538461536
0 0.09735576923076923 0.796875 0.014423076923076924 0.052884615384615384
0 0.25600961538461536 0.8112980769230769 0.02283653846153846 0.06850961538461539
0 0.27884615384615385 0.8161057692307693 0.01201923076923077 0.07091346153846154
0 0.3173076923076923 0.8173076923076923 0.01201923076923077 0.07091346153846154
0 0.3389423076923077 0.8040865384615384 0.009615384615384616 0.056490384615384616
0 0.34615384615384615 0.8076923076923077 0.014423076923076924 0.06850961538461539
0 0.36658653846153844 0.8088942307692307 0.014423076923076924 0.06850961538461539
0 0.3762019230769231 0.8112980769230769 0.01201923076923077 0.06490384615384616
0 0.38461538461538464 0.8076923076923077 0.009615384615384616 0.07091346153846154
0 0.39302884615384615 0.796875 0.013221153846153846 0.052884615384615384
0 0.4026442307692308 0.7932692307692307 0.009615384615384616 0.04326923076923077
0 0.41346153846153844 0.7992788461538461 0.010817307692307692 0.04927884615384615
0 0.4050480769230769 0.8161057692307693 0.013221153846153846 0.07572115384615384
0 0.4230769230769231 0.8173076923076923 0.020432692307692308 0.09495192307692307
0 0.43509615384615385 0.8293269230769231 0.014423076923076924 0.0889423076923077
0 0.4411057692307692 0.8016826923076923 0.009615384615384616 0.057692307692307696
0 0.4495192307692308 0.8185096153846154 0.014423076923076924 0.078125
0 0.4567307692307692 0.8125 0.008413461538461538 0.07572115384615384
0 0.4723557692307692 0.8317307692307693 0.016826923076923076 0.08413461538461539
0 0.4651442307692308 0.8161057692307693 0.01201923076923077 0.07572115384615384
0 0.47115384615384615 0.7848557692307693 0.007211538461538462 0.016826923076923076
0 0.47836538461538464 0.8161057692307693 0.010817307692307692 0.06370192307692307
0 0.4807692307692308 0.7944711538461539 0.009615384615384616 0.03365384615384615
0 0.49399038461538464 0.8185096153846154 0.01201923076923077 0.07211538461538461
0 0.49158653846153844 0.7908653846153846 0.009615384615384616 0.03365384615384615
0 0.49759615384615385 0.7836538461538461 0.009615384615384616 0.02403846153846154
0 0.5024038461538461 0.7932692307692307 0.008413461538461538 0.04927884615384615
0 0.5096153846153846 0.78125 0.007211538461538462 0.020432692307692308
0 0.5108173076923077 0.7992788461538461 0.009615384615384616 0.04567307692307692
0 0.5036057692307693 0.8185096153846154 0.016826923076923076 0.08774038461538461
0 0.5108173076923077 0.8197115384615384 0.009615384615384616 0.08052884615384616
0 0.5168269230769231 0.8137019230769231 0.007211538461538462 0.06129807692307692
0 0.5240384615384616 0.8257211538461539 0.014423076923076924 0.07692307692307693
0 0.5300480769230769 0.8161057692307693 0.010817307692307692 0.06490384615384616
0 0.5396634615384616 0.8173076923076923 0.014423076923076924 0.07572115384615384
0 0.5432692307692307 0.8112980769230769 0.009615384615384616 0.06610576923076923
0 0.5492788461538461 0.8016826923076923 0.008413461538461538 0.05048076923076923
0 0.5588942307692307 0.8197115384615384 0.014423076923076924 0.078125
0 0.5552884615384616 0.8173076923076923 0.009615384615384616 0.07451923076923077
0 0.5697115384615384 0.8221153846153846 0.01201923076923077 0.07451923076923077
0 0.5733173076923077 0.8161057692307693 0.009615384615384616 0.07091346153846154
0 0.5841346153846154 0.8161057692307693 0.014423076923076924 0.07572115384615384
0 0.6141826923076923 0.8040865384615384 0.014423076923076924 0.04927884615384615
0 0.6358173076923077 0.7896634615384616 0.008413461538461538 0.020432692307692308
0 0.640625 0.8004807692307693 0.01201923076923077 0.04567307692307692
0 0.6634615384615384 0.7884615384615384 0.007211538461538462 0.02403846153846154
0 0.6646634615384616 0.8052884615384616 0.013221153846153846 0.039663461538461536
0 0.6670673076923077 0.8064903846153846 0.009615384615384616 0.06850961538461539
0 0.6778846153846154 0.7896634615384616 0.008413461538461538 0.018028846153846152
0 0.6850961538461539 0.8004807692307693 0.010817307692307692 0.04326923076923077
0 0.7692307692307693 0.7980769230769231 0.014423076923076924 0.05048076923076923
0 0.8016826923076923 0.7920673076923077 0.013221153846153846 0.027644230769230768
0 0.8942307692307693 0.7524038461538461 0.01201923076923077 0.019230769230769232
0 0.9038461538461539 0.7920673076923077 0.021634615384615384 0.04567307692307692
0 0.17908653846153846 0.8100961538461539 0.025240384615384616 0.078125
0 0.2127403846153846 0.8173076923076923 0.018028846153846152 0.08052884615384616
0 0.20552884615384615 0.8100961538461539 0.025240384615384616 0.078125
0 0.21754807692307693 0.8112980769230769 0.018028846153846152 0.06971153846153846
0 0.22355769230769232 0.8076923076923077 0.014423076923076924 0.06129807692307692
0 0.40384615384615385 0.7980769230769231 0.01201923076923077 0.04447115384615385
0 0.5372596153846154 0.8112980769230769 0.009615384615384616 0.06129807692307692