0 0.501875 0.7855 0.0225 0.097
0 0.6959375 0.8045 0.016875 0.041
0 0.4028125 0.814 0.011875 0.042
0 0.45 0.819 0.04125 0.176
0 0.7403125 0.8195 0.020625 0.133
0 0.859375 0.82 0.02 0.134
0 0.98875 0.8205 0.02125 0.163
0 0.932375 0.82065 0.028125 0.13
0 0.7709375 0.822 0.029375 0.116
0 0.5859375 0.822 0.023125 0.122
0 0.5346875 0.8225 0.015625 0.109
0 0.685 0.823 0.01375 0.07
0 0.4121875 0.8235 0.016875 0.079
0 0.87375 0.824 0.0175 0.088
0 0.916875 0.824 0.0225 0.118
0 0.60625 0.8245 0.02875 0.119
0 0.3978125 0.826 0.013125 0.07
0 0.546875 0.826 0.02 0.092
0 0.4690625 0.8265 0.024375 0.153
0 0.665 0.8275 0.02375 0.119
0 0.56375 0.8275 0.0275 0.105
0 0.70125 0.829 0.02125 0.058
0 0.1434375 0.8315 0.038125 0.153
0 0.345 0.8315 0.0325 0.135
0 0.43 0.8325 0.0175 0.089
0 0.009375 0.833 0.01875 0.09
0 0.1990625 0.833 0.026875 0.14
0 0.3721875 0.8335 0.038125 0.151
0 0.021875 0.834 0.01375 0.074
0 0.2409375 0.834 0.026875 0.166
0 0.18125 0.8345 0.04125 0.153
0 0.3878125 0.8345 0.016875 0.117
0 0.2634375 0.835 0.028125 0.144
0 0.2884375 0.838 0.016875 0.124
0 0.0575 0.838 0.035 0.136
0 0.1003125 0.8405 0.023125 0.147
0 0.22375 0.8405 0.045 0.195
0 0.83625 0.8415 0.05 0.247
0 0.1209375 0.8415 0.035625 0.149
0 0.071875 0.8465 0.045 0.153
0 0.7925 0.8475 0.0475 0.217
0 0.3134375 0.8535 0.065625 0.211
0 0.505625 0.863 0.06625 0.254