0 0.09014423076923077 0.45072115384615385 0.14302884615384615 0.5901442307692307
0 0.15985576923076922 0.28125 0.055288461538461536 0.12139423076923077
0 0.31971153846153844 0.4206730769230769 0.07692307692307693 0.23677884615384615
0 0.43028846153846156 0.3942307692307692 0.078125 0.1466346153846154
0 0.46875 0.421875 0.109375 0.19831730769230768
0 0.5060096153846154 0.4735576923076923 0.125 0.25721153846153844
0 0.5432692307692307 0.5024038461538461 0.1502403846153846 0.3016826923076923
0 0.6947115384615384 0.4951923076923077 0.16346153846153846 0.2283653846153846
0 0.7295673076923077 0.5985576923076923 0.1778846153846154 0.36538461538461536
0 0.7668269230769231 0.6081730769230769 0.2439903846153846 0.34975961538461536
0 0.6057692307692307 0.6310096153846154 0.15865384615384615 0.25