0 0.6418269230769231 0.6370192307692307 0.171875 0.6225961538461539
0 0.6802884615384616 0.5649038461538461 0.17427884615384615 0.6177884615384616
0 0.71875 0.375 0.2608173076923077 0.6502403846153846
0 0.546875 0.6033653846153846 0.12980769230769232 0.5288461538461539
0 0.47716346153846156 0.6514423076923077 0.05889423076923077 0.4326923076923077
0 0.4170673076923077 0.6478365384615384 0.12620192307692307 0.5649038461538461
0 0.3125 0.5168269230769231 0.27283653846153844 0.7331730769230769
0 0.203125 0.6802884615384616 0.14903846153846154 0.43509615384615385
0 0.23317307692307693 0.4411057692307692 0.11538461538461539 0.6213942307692307
0 0.3942307692307692 0.22716346153846154 0.13221153846153846 0.31490384615384615
0 0.11899038461538461 0.34615384615384615 0.10216346153846154 0.5348557692307693
0 0.052884615384615384 0.36778846153846156 0.10336538461538461 0.49759615384615385