0 0.04807692307692308 0.8485576923076923 0.009615384615384616 0.028846153846153848
0 0.09735576923076923 0.8846153846153846 0.008413461538461538 0.016826923076923076
0 0.14543269230769232 0.8810096153846154 0.008413461538461538 0.027644230769230768
0 0.04567307692307692 0.9278846153846154 0.010817307692307692 0.02283653846153846
0 0.03245192307692308 0.9266826923076923 0.008413461538461538 0.025240384615384616
0 0.03365384615384615 0.9182692307692307 0.009615384615384616 0.019230769230769232
0 0.028846153846153848 0.9266826923076923 0.009615384615384616 0.02403846153846154
0 0.016826923076923076 0.9314903846153846 0.009615384615384616 0.03485576923076923
0 0.006009615384615385 0.9206730769230769 0.007211538461538462 0.01201923076923077
0 0.019230769230769232 0.9507211538461539 0.01201923076923077 0.018028846153846152
0 0.027644230769230768 0.9543269230769231 0.007211538461538462 0.014423076923076924
0 0.039663461538461536 0.9543269230769231 0.01201923076923077 0.018028846153846152
0 0.052884615384615384 0.9663461538461539 0.010817307692307692 0.042067307692307696
0 0.05889423076923077 0.9639423076923077 0.01201923076923077 0.039663461538461536
0 0.38461538461538464 0.9603365384615384 0.007211538461538462 0.042067307692307696
0 0.40024038461538464 0.953125 0.01201923076923077 0.04567307692307692
0 0.41346153846153844 0.9507211538461539 0.01201923076923077 0.039663461538461536
0 0.4230769230769231 0.9807692307692307 0.018028846153846152 0.038461538461538464
0 0.4254807692307692 0.9447115384615384 0.007211538461538462 0.03485576923076923
0 0.4387019230769231 0.9459134615384616 0.01201923076923077 0.039663461538461536
0 0.46875 0.8978365384615384 0.01201923076923077 0.028846153846153848
0 0.8762019230769231 0.9387019230769231 0.008413461538461538 0.019230769230769232