0 0.19591346153846154 0.7536057692307693 0.11899038461538461 0.49158653846153844
0 0.22115384615384615 0.6838942307692307 0.06971153846153846 0.46033653846153844
0 0.26802884615384615 0.6911057692307693 0.06610576923076923 0.5252403846153846
0 0.31971153846153844 0.7007211538461539 0.0889423076923077 0.28725961538461536
0 0.34615384615384615 0.578125 0.06490384615384616 0.18870192307692307
0 0.4206730769230769 0.5384615384615384 0.09254807692307693 0.2403846153846154
0 0.5252403846153846 0.5540865384615384 0.05889423076923077 0.2704326923076923
0 0.5697115384615384 0.5925480769230769 0.09014423076923077 0.3269230769230769
0 0.6081730769230769 0.6526442307692307 0.09495192307692307 0.33052884615384615
0 0.6778846153846154 0.6826923076923077 0.11658653846153846 0.3137019230769231
0 0.7403846153846154 0.7427884615384616 0.07211538461538461 0.13701923076923078
0 0.6262019230769231 0.47475961538461536 0.07451923076923077 0.1466346153846154
0 0.8774038461538461 0.5721153846153846 0.0829326923076923 0.38822115384615385
0 0.7331730769230769 0.5324519230769231 0.0673076923076923 0.3016826923076923
0 0.7872596153846154 0.4639423076923077 0.078125 0.1658653846153846
0 0.9362980769230769 0.5336538461538461 0.06370192307692307 0.31850961538461536
0 0.8449519230769231 0.31850961538461536 0.039663461538461536 0.09014423076923077
0 0.6550480769230769 0.35697115384615385 0.04447115384615385 0.2247596153846154
0 0.38221153846153844 0.40865384615384615 0.0625 0.21394230769230768
0 0.328125 0.3293269230769231 0.03365384615384615 0.12620192307692307
0 0.33533653846153844 0.4254807692307692 0.06490384615384616 0.1310096153846154
0 0.30408653846153844 0.4795673076923077 0.051682692307692304 0.21033653846153846
0 0.24879807692307693 0.30408653846153844 0.051682692307692304 0.1658653846153846
0 0.21514423076923078 0.28125 0.040865384615384616 0.125
0 0.17668269230769232 0.2920673076923077 0.04567307692307692 0.17067307692307693
0 0.2512019230769231 0.4543269230769231 0.04567307692307692 0.14903846153846154
0 0.22115384615384615 0.40865384615384615 0.04326923076923077 0.13581730769230768
0 0.2091346153846154 0.47836538461538464 0.07211538461538461 0.14182692307692307
0 0.16826923076923078 0.4483173076923077 0.054086538461538464 0.203125
0 0.1141826923076923 0.5649038461538461 0.08774038461538461 0.3401442307692308
0 0.140625 0.4362980769230769 0.05889423076923077 0.14302884615384615
0 0.06610576923076923 0.4170673076923077 0.06610576923076923 0.22355769230769232
0 0.36177884615384615 0.8137019230769231 0.15985576923076922 0.31009615384615385
0 0.6418269230769231 0.39783653846153844 0.036057692307692304 0.16706730769230768
0 0.5841346153846154 0.3858173076923077 0.054086538461538464 0.15264423076923078
0 0.5504807692307693 0.4387019230769231 0.036057692307692304 0.27283653846153844
0 0.4170673076923077 0.36778846153846156 0.04807692307692308 0.18389423076923078
0 0.453125 0.38341346153846156 0.039663461538461536 0.2127403846153846
0 0.48677884615384615 0.3858173076923077 0.03365384615384615 0.18028846153846154
0 0.08413461538461539 0.32091346153846156 0.03365384615384615 0.09735576923076923
0 0.09134615384615384 0.27403846153846156 0.03245192307692308 0.0829326923076923
0 0.21153846153846154 0.22596153846153846 0.026442307692307692 0.057692307692307696
0 0.3557692307692308 0.3269230769230769 0.036057692307692304 0.12980769230769232
0 0.37740384615384615 0.28966346153846156 0.03125 0.07572115384615384
0 0.6153846153846154 0.3293269230769231 0.03245192307692308 0.12740384615384615
0 0.5805288461538461 0.3088942307692308 0.03365384615384615 0.08533653846153846
0 0.6177884615384616 0.33653846153846156 0.028846153846153848 0.14543269230769232
0 0.6983173076923077 0.45552884615384615 0.04807692307692308 0.2980769230769231
0 0.7223557692307693 0.3137019230769231 0.038461538461538464 0.09254807692307693
0 0.7079326923076923 0.28966346153846156 0.025240384615384616 0.04567307692307692
0 0.7680288461538461 0.33653846153846156 0.042067307692307696 0.1466346153846154
0 0.796875 0.375 0.039663461538461536 0.06850961538461539
0 0.8245192307692307 0.3329326923076923 0.028846153846153848 0.10697115384615384
0 0.8461538461538461 0.47475961538461536 0.0625 0.328125
0 0.8834134615384616 0.375 0.042067307692307696 0.12860576923076922
0 0.9362980769230769 0.4170673076923077 0.057692307692307696 0.21514423076923078
0 0.9206730769230769 0.3605769230769231 0.038461538461538464 0.057692307692307696
0 0.9855769230769231 0.3125 0.026442307692307692 0.12740384615384615
0 0.037259615384615384 0.390625 0.06129807692307692 0.27884615384615385
0 0.3161057692307692 0.35336538461538464 0.03125 0.0673076923076923
0 0.7247596153846154 0.3786057692307692 0.026442307692307692 0.08173076923076923
0 0.7475961538461539 0.4026442307692308 0.052884615384615384 0.09254807692307693