0 0.07091346153846154 0.5661057692307693 0.13701923076923078 0.36538461538461536
0 0.17307692307692307 0.5637019230769231 0.15144230769230768 0.3557692307692308
0 0.2704326923076923 0.4651442307692308 0.0673076923076923 0.16706730769230768
0 0.3137019230769231 0.4375 0.04567307692307692 0.15264423076923078
0 0.36658653846153844 0.4651442307692308 0.078125 0.1658653846153846
0 0.5144230769230769 0.4735576923076923 0.10216346153846154 0.20793269230769232
0 0.5709134615384616 0.49038461538461536 0.052884615384615384 0.265625
0 0.6454326923076923 0.59375 0.27884615384615385 0.47836538461538464
0 0.8581730769230769 0.5540865384615384 0.1658653846153846 0.44711538461538464
0 0.3449519230769231 0.43028846153846156 0.018028846153846152 0.06971153846153846
0 0.3485576923076923 0.3894230769230769 0.020432692307692308 0.039663461538461536
0 0.37259615384615385 0.4014423076923077 0.020432692307692308 0.052884615384615384
0 0.38461538461538464 0.4387019230769231 0.039663461538461536 0.0889423076923077
0 0.38461538461538464 0.4362980769230769 0.026442307692307692 0.04927884615384615
0 0.4170673076923077 0.41346153846153844 0.021634615384615384 0.10576923076923077
0 0.4230769230769231 0.4338942307692308 0.03245192307692308 0.09254807692307693
0 0.44350961538461536 0.4170673076923077 0.021634615384615384 0.10336538461538461
0 0.4735576923076923 0.43149038461538464 0.02403846153846154 0.08052884615384616
0 0.6826923076923077 0.41346153846153844 0.030048076923076924 0.10096153846153846
0 0.6983173076923077 0.41586538461538464 0.027644230769230768 0.12139423076923077
0 0.7199519230769231 0.4206730769230769 0.026442307692307692 0.11177884615384616
0 0.7451923076923077 0.4206730769230769 0.026442307692307692 0.10817307692307693
0 0.7728365384615384 0.41466346153846156 0.020432692307692308 0.11177884615384616
0 0.7896634615384616 0.41466346153846156 0.025240384615384616 0.11057692307692307
0 0.8052884615384616 0.42427884615384615 0.01201923076923077 0.09495192307692307
0 0.8461538461538461 0.3798076923076923 0.018028846153846152 0.040865384615384616
0 0.8653846153846154 0.390625 0.019230769230769232 0.04807692307692308
0 0.8798076923076923 0.4110576923076923 0.02283653846153846 0.11298076923076923
0 0.8990384615384616 0.4182692307692308 0.03485576923076923 0.10697115384615384
0 0.9194711538461539 0.41586538461538464 0.03125 0.109375
0 0.9603365384615384 0.41466346153846156 0.03125 0.109375