0 0.8665865384615384 0.7451923076923077 0.1310096153846154 0.5084134615384616
0 0.7596153846153846 0.7211538461538461 0.13942307692307693 0.5516826923076923
0 0.6814903846153846 0.6911057692307693 0.13221153846153846 0.6081730769230769
0 0.5961538461538461 0.7439903846153846 0.09975961538461539 0.5120192307692307
0 0.6394230769230769 0.5060096153846154 0.05048076923076923 0.17307692307692307
0 0.49399038461538464 0.7487980769230769 0.12259615384615384 0.5024038461538461
0 0.5480769230769231 0.7223557692307693 0.08052884615384616 0.5540865384615384
0 0.3713942307692308 0.734375 0.13701923076923078 0.53125
0 0.4411057692307692 0.6754807692307693 0.07451923076923077 0.453125
0 0.24879807692307693 0.7439903846153846 0.12860576923076922 0.5120192307692307
0 0.3173076923076923 0.7355769230769231 0.0625 0.5288461538461539
0 0.18389423076923078 0.7271634615384616 0.10096153846153846 0.5456730769230769
0 0.0985576923076923 0.7644230769230769 0.1622596153846154 0.4699519230769231