0 0.12259615384615384 0.5637019230769231 0.07692307692307693 0.390625
0 0.27884615384615385 0.4014423076923077 0.03245192307692308 0.06610576923076923
0 0.3581730769230769 0.38221153846153844 0.027644230769230768 0.078125
0 0.3737980769230769 0.3737980769230769 0.02283653846153846 0.07932692307692307
0 0.4050480769230769 0.37259615384615385 0.03125 0.09254807692307693
0 0.4098557692307692 0.36778846153846156 0.019230769230769232 0.0673076923076923
0 0.4423076923076923 0.4338942307692308 0.020432692307692308 0.09375
0 0.49038461538461536 0.4639423076923077 0.028846153846153848 0.13581730769230768
0 0.5120192307692307 0.43028846153846156 0.028846153846153848 0.09254807692307693
0 0.5216346153846154 0.4014423076923077 0.019230769230769232 0.06129807692307692
0 0.6754807692307693 0.43509615384615385 0.04927884615384615 0.12620192307692307
0 0.6995192307692307 0.4098557692307692 0.020432692307692308 0.08653846153846154
0 0.7139423076923077 0.3894230769230769 0.028846153846153848 0.12379807692307693
0 0.8076923076923077 0.3918269230769231 0.016826923076923076 0.0673076923076923