0 0.3161057692307692 0.6033653846153846 0.2247596153846154 0.5588942307692307
0 0.3245192307692308 0.2920673076923077 0.12980769230769232 0.21875
0 0.796875 0.5084134615384616 0.1346153846153846 0.49038461538461536
0 0.9122596153846154 0.4375 0.15504807692307693 0.4795673076923077
0 0.13942307692307693 0.2932692307692308 0.1346153846153846 0.3317307692307692
0 0.15985576923076922 0.15985576923076922 0.06370192307692307 0.12259615384615384
0 0.26802884615384615 0.24519230769230768 0.09134615384615384 0.3016826923076923
0 0.40024038461538464 0.16947115384615385 0.0829326923076923 0.23197115384615385
0 0.6923076923076923 0.33653846153846156 0.15985576923076922 0.3485576923076923
0 0.7391826923076923 0.3004807692307692 0.09134615384615384 0.3485576923076923
0 0.4855769230769231 0.15144230769230768 0.052884615384615384 0.17427884615384615
0 0.5516826923076923 0.18269230769230768 0.06490384615384616 0.23197115384615385
0 0.6153846153846154 0.203125 0.06490384615384616 0.25600961538461536
0 0.5192307692307693 0.078125 0.04927884615384615 0.037259615384615384
0 0.5817307692307693 0.19591346153846154 0.054086538461538464 0.22235576923076922
0 0.609375 0.16947115384615385 0.07211538461538461 0.22355769230769232
0 0.6430288461538461 0.6838942307692307 0.12379807692307693 0.3161057692307692
0 0.8521634615384616 0.2127403846153846 0.10096153846153846 0.16346153846153846
0 0.7223557692307693 0.11057692307692307 0.05048076923076923 0.0829326923076923
0 0.7608173076923077 0.17908653846153846 0.08173076923076923 0.22956730769230768
0 0.7992788461538461 0.16105769230769232 0.04567307692307692 0.1814903846153846
0 0.8209134615384616 0.12740384615384615 0.046875 0.15985576923076922
0 0.8533653846153846 0.11538461538461539 0.046875 0.12259615384615384
0 0.8858173076923077 0.12259615384615384 0.057692307692307696 0.11899038461538461
0 0.9266826923076923 0.14783653846153846 0.05889423076923077 0.18870192307692307
0 0.9447115384615384 0.12259615384615384 0.03485576923076923 0.15504807692307693
0 0.7427884615384616 0.057692307692307696 0.027644230769230768 0.051682692307692304