0 0.33349609375 0.8651026392961877 0.1396484375 0.2668621700879765
0 0.20166015625 0.8533724340175953 0.1103515625 0.26392961876832843
0 0.00005245208740234375 0.0012491292644542101 0.0001049041748046875 0.00043859271936085855
0 0.123046875 0.7741935483870968 0.091796875 0.16129032258064516
0 0.00014209747314453125 0.0013383527833437964 0.0001316070556640625 0.0002601456815816858
0 0.0004010200500488281 0.0013523275513626473 0.00014019012451171875 0.0002321961455439841
0 0.47705078125 0.8782991202346041 0.1103515625 0.23460410557184752
0 0.40673828125 0.7624633431085044 0.1005859375 0.20527859237536658
0 0.51025390625 0.8284457478005866 0.1279296875 0.25219941348973607
0 0.55078125 0.7881231671554252 0.083984375 0.15689149560117302
0 0.64697265625 0.8519061583577713 0.1298828125 0.2932551319648094
0 0.75537109375 0.8167155425219942 0.0830078125 0.21700879765395895
0 0.0007801055908203125 0.0013491026048967586 0.0001010894775390625 0.00023864603847576141
0 0.78466796875 0.8892961876832844 0.1572265625 0.218475073313783
0 0.91259765625 0.876099706744868 0.1416015625 0.24486803519061584
0 0.94580078125 0.7624633431085044 0.0595703125 0.1466275659824047
0 0.962890625 0.718475073313783 0.06640625 0.1348973607038123
0 0.849609375 0.7998533724340176 0.0859375 0.23900293255131966
0 0.8212890625 0.7074780058651027 0.052734375 0.13636363636363635
0 0.7724609375 0.657624633431085 0.0625 0.12756598240469208
0 0.75732421875 0.5879765395894428 0.0400390625 0.11143695014662756
0 0.716796875 0.6173020527859238 0.03515625 0.10263929618768329
0 0.6572265625 0.533724340175953 0.021484375 0.08211143695014662
0 0.64306640625 0.4970674486803519 0.0146484375 0.05571847507331378
0 0.62890625 0.5491202346041055 0.03515625 0.08651026392961877
0 0.6044921875 0.5381231671554252 0.029296875 0.07038123167155426
0 0.70751953125 0.5821114369501467 0.0224609375 0.11730205278592376
0 0.6689453125 0.5769794721407625 0.044921875 0.07771260997067449
0 0.71484375 0.7368035190615836 0.095703125 0.17155425219941348
0 0.55126953125 0.7067448680351907 0.0595703125 0.17302052785923755
0 0.6083984375 0.6869501466275659 0.05078125 0.15102639296187684
0 0.66162109375 0.6686217008797654 0.0810546875 0.11436950146627566
0 0.2216796875 0.8240469208211144 0.1171875 0.2668621700879765
0 0.1328125 0.7236070381231672 0.044921875 0.20967741935483872
0 0.1630859375 0.6524926686217009 0.0390625 0.0967741935483871
0 0.169921875 0.5960410557184751 0.021484375 0.051319648093841645
0 0.1875 0.5909090909090909 0.041015625 0.06451612903225806
0 0.1962890625 0.6634897360703812 0.03515625 0.13636363636363635
0 0.232421875 0.7016129032258065 0.0703125 0.1627565982404692
0 0.27490234375 0.7089442815249267 0.0537109375 0.18914956011730205
0 0.2744140625 0.6143695014662757 0.029296875 0.09970674486803519
0 0.2939453125 0.626099706744868 0.02734375 0.11436950146627566
0 0.3515625 0.6862170087976539 0.08203125 0.1466275659824047
0 0.3408203125 0.5887096774193549 0.033203125 0.0689149560117302
0 0.3232421875 0.6363636363636364 0.029296875 0.06744868035190615
0 0.427734375 0.6686217008797654 0.048828125 0.13196480938416422
0 0.4111328125 0.5747800586510264 0.060546875 0.09090909090909091
0 0.3916015625 0.5637829912023461 0.033203125 0.07771260997067449
0 0.36279296875 0.5491202346041055 0.0302734375 0.09237536656891496
0 0.3349609375 0.531524926686217 0.025390625 0.060117302052785926
0 0.45849609375 0.6099706744868035 0.0302734375 0.13196480938416422
0 0.47802734375 0.5755131964809385 0.0302734375 0.08357771260997067
0 0.48681640625 0.6671554252199413 0.0595703125 0.10263929618768329
0 0.52734375 0.6488269794721407 0.033203125 0.10410557184750734
0 0.50537109375 0.6114369501466276 0.0380859375 0.10263929618768329
0 0.54443359375 0.6011730205278593 0.0263671875 0.07038123167155426
0 0.56884765625 0.6187683284457478 0.0361328125 0.08211143695014662
0 0.59521484375 0.5989736070381232 0.0322265625 0.06598240469208211
0 0.64404296875 0.6898826979472141 0.0439453125 0.20967741935483872
0 0.583984375 0.5711143695014663 0.033203125 0.06598240469208211
0 0.578125 0.5219941348973607 0.03125 0.06451612903225806
0 0.5654296875 0.5601173020527859 0.033203125 0.08211143695014662
0 0.51123046875 0.5557184750733137 0.0380859375 0.0967741935483871
0 0.4677734375 0.5263929618768328 0.03515625 0.05278592375366569
0 0.44580078125 0.5483870967741935 0.0322265625 0.10557184750733138
0 0.3935546875 0.5117302052785924 0.029296875 0.04105571847507331
0 0.42724609375 0.5183284457478006 0.0263671875 0.04838709677419355
0 0.529296875 0.5447214076246334 0.025390625 0.1158357771260997
0 0.5546875 0.5219941348973607 0.02734375 0.08211143695014662
0 0.4931640625 0.5359237536656891 0.021484375 0.08064516129032258
0 0.513671875 0.5153958944281525 0.029296875 0.045454545454545456
0 0.478515625 0.5043988269794721 0.025390625 0.07331378299120235
0 0.49365234375 0.4838709677419355 0.0205078125 0.03812316715542522
0 0.4326171875 0.4912023460410557 0.025390625 0.05571847507331378
0 0.462890625 0.45821114369501464 0.01953125 0.04252199413489736
0 0.4755859375 0.44281524926686217 0.01953125 0.04105571847507331
0 0.41748046875 0.44941348973607037 0.0146484375 0.04252199413489736
0 0.427734375 0.44208211143695014 0.017578125 0.02785923753665689
0 0.435546875 0.43548387096774194 0.013671875 0.026392961876832845
0 0.45166015625 0.4897360703812317 0.0205078125 0.03519061583577713
0 0.5595703125 0.5256598240469208 0.0234375 0.054252199413489736
0 0.6376953125 0.530791788856305 0.01953125 0.093841642228739
0 0.734375 0.5828445747800587 0.017578125 0.1158357771260997
0 0.677734375 0.6195014662756598 0.048828125 0.08944281524926687