0 0.06971153846153846 0.4519230769230769 0.09495192307692307 0.18269230769230768
0 0.05889423076923077 0.6033653846153846 0.0889423076923077 0.21875
0 0.07692307692307693 0.5504807692307693 0.051682692307692304 0.14182692307692307
0 0.12139423076923077 0.5997596153846154 0.030048076923076924 0.15865384615384615
0 0.20673076923076922 0.7259615384615384 0.1971153846153846 0.5480769230769231
0 0.3629807692307692 0.7175480769230769 0.09615384615384616 0.5649038461538461
0 0.4807692307692308 0.6658653846153846 0.265625 0.6682692307692307
0 0.6141826923076923 0.7259615384615384 0.1466346153846154 0.5480769230769231
0 0.7103365384615384 0.7079326923076923 0.10817307692307693 0.5841346153846154
0 0.7764423076923077 0.6875 0.09254807692307693 0.49759615384615385
0 0.6286057692307693 0.7283653846153846 0.10817307692307693 0.4951923076923077
0 0.7391826923076923 0.7115384615384616 0.05889423076923077 0.5168269230769231
0 0.8557692307692307 0.71875 0.11177884615384616 0.5625
0 0.8689903846153846 0.6911057692307693 0.10096153846153846 0.5276442307692307
0 0.9122596153846154 0.6550480769230769 0.09254807692307693 0.5336538461538461
0 0.9603365384615384 0.6682692307692307 0.078125 0.43509615384615385