0 0.04326923076923077 0.6322115384615384 0.039663461538461536 0.1045673076923077
0 0.07211538461538461 0.6153846153846154 0.025240384615384616 0.05048076923076923
0 0.07572115384615384 0.6850961538461539 0.015625 0.08653846153846154
0 0.09134615384615384 0.6274038461538461 0.026442307692307692 0.09495192307692307
0 0.12620192307692307 0.6045673076923077 0.03245192307692308 0.078125
0 0.16105769230769232 0.6454326923076923 0.0625 0.203125
0 0.19951923076923078 0.6514423076923077 0.026442307692307692 0.15985576923076922
0 0.21995192307692307 0.6526442307692307 0.04807692307692308 0.1814903846153846
0 0.25721153846153844 0.6454326923076923 0.04447115384615385 0.203125
0 0.2800480769230769 0.6610576923076923 0.03485576923076923 0.14543269230769232
0 0.32091346153846156 0.6622596153846154 0.03245192307692308 0.14543269230769232
0 0.30649038461538464 0.6622596153846154 0.021634615384615384 0.13221153846153846
0 0.3605769230769231 0.6550480769230769 0.025240384615384616 0.08774038461538461
0 0.3858173076923077 0.6574519230769231 0.020432692307692308 0.08533653846153846
0 0.41466346153846156 0.6478365384615384 0.0625 0.19110576923076922
0 0.4519230769230769 0.6838942307692307 0.03245192307692308 0.11899038461538461
0 0.47596153846153844 0.6802884615384616 0.036057692307692304 0.1310096153846154
0 0.49759615384615385 0.6598557692307693 0.026442307692307692 0.10336538461538461
0 0.5336538461538461 0.6610576923076923 0.028846153846153848 0.09975961538461539
0 0.5612980769230769 0.6646634615384616 0.036057692307692304 0.1502403846153846
0 0.5793269230769231 0.6670673076923077 0.028846153846153848 0.10576923076923077
0 0.5889423076923077 0.6598557692307693 0.02403846153846154 0.11057692307692307
0 0.6033653846153846 0.6850961538461539 0.020432692307692308 0.07572115384615384
0 0.6286057692307693 0.6598557692307693 0.039663461538461536 0.15504807692307693
0 0.6646634615384616 0.6646634615384616 0.04807692307692308 0.1814903846153846
0 0.6935096153846154 0.6694711538461539 0.025240384615384616 0.10336538461538461
0 0.7091346153846154 0.6466346153846154 0.018028846153846152 0.046875
0 0.7331730769230769 0.6742788461538461 0.04927884615384615 0.13701923076923078
0 0.7487980769230769 0.6334134615384616 0.028846153846153848 0.078125
0 0.7668269230769231 0.6742788461538461 0.028846153846153848 0.11778846153846154
0 0.8016826923076923 0.6778846153846154 0.02403846153846154 0.1045673076923077
0 0.8052884615384616 0.6514423076923077 0.018028846153846152 0.040865384615384616
0 0.8401442307692307 0.6598557692307693 0.0625 0.2283653846153846
0 0.890625 0.6490384615384616 0.016826923076923076 0.05048076923076923
0 0.9146634615384616 0.6802884615384616 0.051682692307692304 0.16826923076923078
0 0.9459134615384616 0.6887019230769231 0.036057692307692304 0.10336538461538461
0 0.9663461538461539 0.6742788461538461 0.037259615384615384 0.18629807692307693
0 0.9867788461538461 0.6706730769230769 0.026442307692307692 0.22596153846153846
0 0.16706730769230768 0.6442307692307693 0.04567307692307692 0.19110576923076922
0 0.28846153846153844 0.6502403846153846 0.030048076923076924 0.1466346153846154
0 0.8149038461538461 0.6682692307692307 0.020432692307692308 0.039663461538461536