0 0.040865384615384616 0.7920673076923077 0.03125 0.12379807692307693
0 0.05048076923076923 0.8245192307692307 0.054086538461538464 0.1622596153846154
0 0.06971153846153846 0.8605769230769231 0.054086538461538464 0.09014423076923077
0 0.09375 0.8461538461538461 0.039663461538461536 0.11177884615384616
0 0.09254807692307693 0.7740384615384616 0.04927884615384615 0.11538461538461539
0 0.12620192307692307 0.7427884615384616 0.03245192307692308 0.09134615384615384
0 0.3786057692307692 0.7259615384615384 0.05048076923076923 0.12860576923076922
0 0.40384615384615385 0.7800480769230769 0.05889423076923077 0.12740384615384615
0 0.43028846153846156 0.7175480769230769 0.037259615384615384 0.0985576923076923
0 0.5036057692307693 0.7127403846153846 0.07211538461538461 0.11778846153846154
0 0.40625 0.7692307692307693 0.056490384615384616 0.10216346153846154
0 0.37740384615384615 0.8329326923076923 0.036057692307692304 0.09375
0 0.4326923076923077 0.8305288461538461 0.07692307692307693 0.09735576923076923
0 0.43149038461538464 0.8064903846153846 0.0673076923076923 0.09615384615384616
0 0.4675480769230769 0.7932692307692307 0.046875 0.16105769230769232
0 0.5096153846153846 0.7836538461538461 0.07692307692307693 0.1778846153846154
0 0.5564903846153846 0.7728365384615384 0.052884615384615384 0.16105769230769232
0 0.5853365384615384 0.7788461538461539 0.040865384615384616 0.17307692307692307
0 0.6117788461538461 0.8076923076923077 0.052884615384615384 0.1201923076923077
0 0.6430288461538461 0.7175480769230769 0.05889423076923077 0.10216346153846154
0 0.6442307692307693 0.7608173076923077 0.046875 0.1201923076923077
0 0.6766826923076923 0.7992788461538461 0.038461538461538464 0.12740384615384615
0 0.7079326923076923 0.8185096153846154 0.055288461538461536 0.0889423076923077
0 0.7319711538461539 0.796875 0.04927884615384615 0.12620192307692307
0 0.7524038461538461 0.7307692307692307 0.06490384615384616 0.1045673076923077
0 0.7596153846153846 0.7896634615384616 0.05048076923076923 0.140625
0 0.8149038461538461 0.6923076923076923 0.04326923076923077 0.10216346153846154
0 0.8185096153846154 0.7463942307692307 0.038461538461538464 0.0889423076923077
0 0.7980769230769231 0.8112980769230769 0.06370192307692307 0.09375
0 0.8413461538461539 0.7884615384615384 0.06009615384615385 0.13581730769230768
0 0.8882211538461539 0.7548076923076923 0.06610576923076923 0.1045673076923077
0 0.9026442307692307 0.8028846153846154 0.05889423076923077 0.11177884615384616
0 0.9507211538461539 0.8076923076923077 0.07451923076923077 0.09975961538461539
0 0.9375 0.71875 0.06971153846153846 0.09375
0 0.9555288461538461 0.7475961538461539 0.05048076923076923 0.12259615384615384
0 0.9783653846153846 0.8617788461538461 0.042067307692307696 0.27524038461538464
0 0.16105769230769232 0.7884615384615384 0.125 0.4230769230769231
0 0.23677884615384615 0.5504807692307693 0.14302884615384615 0.8978365384615384
0 0.3449519230769231 0.6454326923076923 0.11899038461538461 0.6814903846153846