0 0.25841346153846156 0.7596153846153846 0.25721153846153844 0.4807692307692308
0 0.5793269230769231 0.7367788461538461 0.16346153846153846 0.5264423076923077
0 0.5024038461538461 0.7355769230769231 0.11538461538461539 0.5288461538461539
0 0.7067307692307693 0.7439903846153846 0.12980769230769232 0.5120192307692307
0 0.02283653846153846 0.5420673076923077 0.04567307692307692 0.28725961538461536
0 0.9158653846153846 0.7103365384615384 0.1310096153846154 0.5
0 0.9735576923076923 0.6274038461538461 0.052884615384615384 0.3245192307692308
0 0.8629807692307693 0.5336538461538461 0.06370192307692307 0.2127403846153846
0 0.13701923076923078 0.515625 0.046875 0.23918269230769232
0 0.8040865384615384 0.5817307692307693 0.0733173076923077 0.24158653846153846
0 0.44471153846153844 0.6310096153846154 0.06850961538461539 0.34615384615384615
0 0.3449519230769231 0.6334134615384616 0.13701923076923078 0.33774038461538464
0 0.17427884615384615 0.5192307692307693 0.1201923076923077 0.23557692307692307
0 0.2956730769230769 0.4807692307692308 0.07451923076923077 0.11658653846153846
0 0.6394230769230769 0.5264423076923077 0.051682692307692304 0.15985576923076922
0 0.3713942307692308 0.4987980769230769 0.05048076923076923 0.15625
0 0.44471153846153844 0.5673076923076923 0.055288461538461536 0.3016826923076923
0 0.4074519230769231 0.5576923076923077 0.04567307692307692 0.2644230769230769
0 0.7560096153846154 0.53125 0.0673076923076923 0.1502403846153846
0 0.8173076923076923 0.4723557692307692 0.04326923076923077 0.07091346153846154
0 0.7716346153846154 0.5396634615384616 0.042067307692307696 0.20432692307692307
0 0.2620192307692308 0.4723557692307692 0.05048076923076923 0.11298076923076923
0 0.23317307692307693 0.44471153846153844 0.038461538461538464 0.09375
0 0.5300480769230769 0.4639423076923077 0.040865384615384616 0.056490384615384616
0 0.5997596153846154 0.4807692307692308 0.052884615384615384 0.09375
0 0.6658653846153846 0.5288461538461539 0.04567307692307692 0.19951923076923078
0 0.5372596153846154 0.4266826923076923 0.036057692307692304 0.05048076923076923
0 0.4963942307692308 0.4699519230769231 0.027644230769230768 0.09735576923076923
0 0.6826923076923077 0.5300480769230769 0.037259615384615384 0.20673076923076922