0 0.153076171875 0.8765567765567766 0.13232421875 0.2454212454212454
0 0.00025725364685058594 0.0005981564223322465 0.00009679794311523438 0.0002710354358706007
0 0.5 0.6377289377289377 0.10546875 0.1838827838827839
0 0.61669921875 0.7860805860805861 0.15625 0.42637362637362636
0 0.6787109375 0.7992673992673993 0.046875 0.39853479853479856
0 0.671630859375 0.7952380952380952 0.07763671875 0.40805860805860805
0 0.75 0.7974358974358975 0.1103515625 0.40366300366300367
0 0.607421875 0.5135531135531135 0.0673828125 0.29743589743589743
0 0.7314453125 0.5113553113553113 0.087890625 0.28717948717948716
0 0.8115234375 0.5047619047619047 0.0712890625 0.23736263736263735
0 0.900390625 0.4652014652014652 0.05078125 0.18315018315018314