0 0.20432692307692307 0.33653846153846156 0.021634615384615384 0.09975961538461539
0 0.010817307692307692 0.24879807692307693 0.018028846153846152 0.0625
0 0.006009615384615385 0.35336538461538464 0.010817307692307692 0.09495192307692307
0 0.019230769230769232 0.3557692307692308 0.027644230769230768 0.09254807692307693
0 0.014423076923076924 0.44350961538461536 0.026442307692307692 0.13581730769230768
0 0.009615384615384616 0.4639423076923077 0.018028846153846152 0.08774038461538461
0 0.040865384615384616 0.48677884615384615 0.037259615384615384 0.13942307692307693
0 0.05889423076923077 0.3545673076923077 0.021634615384615384 0.06490384615384616
0 0.06610576923076923 0.4098557692307692 0.02403846153846154 0.08413461538461539
0 0.0829326923076923 0.39302884615384615 0.02283653846153846 0.06610576923076923
0 0.078125 0.4567307692307692 0.039663461538461536 0.12740384615384615
0 0.12860576923076922 0.41947115384615385 0.02283653846153846 0.08774038461538461
0 0.10817307692307693 0.453125 0.030048076923076924 0.12740384615384615
0 0.08173076923076923 0.4567307692307692 0.03365384615384615 0.12860576923076922
0 0.006009615384615385 0.5300480769230769 0.01201923076923077 0.05048076923076923
0 0.016826923076923076 0.5889423076923077 0.025240384615384616 0.16346153846153846
0 0.03125 0.6009615384615384 0.040865384615384616 0.18028846153846154
0 0.04807692307692308 0.6346153846153846 0.03245192307692308 0.16466346153846154
0 0.07451923076923077 0.5276442307692307 0.02283653846153846 0.06971153846153846
0 0.06610576923076923 0.546875 0.03485576923076923 0.06850961538461539
0 0.08173076923076923 0.5997596153846154 0.04807692307692308 0.10817307692307693
0 0.078125 0.7139423076923077 0.04807692307692308 0.2091346153846154
0 0.09495192307692307 0.5805288461538461 0.028846153846153848 0.11177884615384616
0 0.09735576923076923 0.5024038461538461 0.037259615384615384 0.08413461538461539
0 0.125 0.5192307692307693 0.025240384615384616 0.055288461538461536
0 0.1346153846153846 0.49038461538461536 0.025240384615384616 0.06009615384615385
0 0.1310096153846154 0.5757211538461539 0.040865384615384616 0.12139423076923077
0 0.13221153846153846 0.6814903846153846 0.05889423076923077 0.20432692307692307
0 0.14543269230769232 0.5168269230769231 0.02403846153846154 0.05889423076923077
0 0.15745192307692307 0.5492788461538461 0.027644230769230768 0.08173076923076923
0 0.15865384615384615 0.6225961538461539 0.026442307692307692 0.1814903846153846
0 0.18509615384615385 0.6262019230769231 0.06610576923076923 0.1935096153846154
0 0.1971153846153846 0.5600961538461539 0.030048076923076924 0.07932692307692307
0 0.15985576923076922 0.4891826923076923 0.027644230769230768 0.05889423076923077
0 0.14903846153846154 0.46153846153846156 0.025240384615384616 0.06129807692307692
0 0.16826923076923078 0.47115384615384615 0.03125 0.08533653846153846
0 0.17908653846153846 0.4411057692307692 0.018028846153846152 0.06971153846153846
0 0.1935096153846154 0.4579326923076923 0.02403846153846154 0.08052884615384616
0 0.1935096153846154 0.421875 0.025240384615384616 0.06009615384615385
0 0.18990384615384615 0.5324519230769231 0.020432692307692308 0.09975961538461539
0 0.203125 0.4963942307692308 0.020432692307692308 0.06009615384615385
0 0.23798076923076922 0.421875 0.025240384615384616 0.040865384615384616
0 0.2403846153846154 0.4579326923076923 0.03485576923076923 0.09495192307692307
0 0.27163461538461536 0.4519230769230769 0.020432692307692308 0.06370192307692307
0 0.2848557692307692 0.43149038461538464 0.025240384615384616 0.078125
0 0.2980769230769231 0.40865384615384615 0.015625 0.052884615384615384
0 0.30528846153846156 0.43028846153846156 0.016826923076923076 0.04326923076923077
0 0.3173076923076923 0.4483173076923077 0.02283653846153846 0.06490384615384616
0 0.30408653846153844 0.4807692307692308 0.025240384615384616 0.06129807692307692
0 0.2692307692307692 0.47475961538461536 0.020432692307692308 0.05048076923076923
0 0.25721153846153844 0.5036057692307693 0.037259615384615384 0.08413461538461539
0 0.23557692307692307 0.5168269230769231 0.020432692307692308 0.052884615384615384
0 0.21634615384615385 0.5324519230769231 0.025240384615384616 0.08052884615384616
0 0.3545673076923077 0.4483173076923077 0.020432692307692308 0.07211538461538461
0 0.3401442307692308 0.45552884615384615 0.025240384615384616 0.06610576923076923
0 0.3233173076923077 0.49278846153846156 0.025240384615384616 0.07572115384615384
0 0.34975961538461536 0.5108173076923077 0.03125 0.09014423076923077
0 0.3449519230769231 0.4831730769230769 0.02283653846153846 0.052884615384615384
0 0.34975961538461536 0.5709134615384616 0.025240384615384616 0.08173076923076923
0 0.3293269230769231 0.5540865384615384 0.020432692307692308 0.04927884615384615
0 0.31850961538461536 0.5336538461538461 0.015625 0.028846153846153848
0 0.30528846153846156 0.5721153846153846 0.026442307692307692 0.07091346153846154
0 0.2824519230769231 0.5637019230769231 0.025240384615384616 0.09254807692307693
0 0.2692307692307692 0.5372596153846154 0.018028846153846152 0.057692307692307696
0 0.2668269230769231 0.5084134615384616 0.02283653846153846 0.051682692307692304
0 0.25961538461538464 0.6213942307692307 0.03365384615384615 0.18509615384615385
0 0.2439903846153846 0.5961538461538461 0.02403846153846154 0.11899038461538461
0 0.23317307692307693 0.5649038461538461 0.027644230769230768 0.055288461538461536
0 0.2536057692307692 0.7115384615384616 0.039663461538461536 0.15985576923076922
0 0.21995192307692307 0.6550480769230769 0.04447115384615385 0.12139423076923077
0 0.23076923076923078 0.7283653846153846 0.04567307692307692 0.22956730769230768
0 0.20793269230769232 0.7560096153846154 0.056490384615384616 0.171875
0 0.13221153846153846 0.8197115384615384 0.04807692307692308 0.15625
0 0.15985576923076922 0.8185096153846154 0.042067307692307696 0.11538461538461539
0 0.2920673076923077 0.6634615384615384 0.037259615384615384 0.1875
0 0.31850961538461536 0.7019230769230769 0.039663461538461536 0.20673076923076922
0 0.35096153846153844 0.6105769230769231 0.037259615384615384 0.10817307692307693
0 0.3581730769230769 0.6598557692307693 0.037259615384615384 0.125
0 0.7115384615384616 0.9735576923076923 0.04447115384615385 0.051682692307692304
0 0.3112980769230769 0.8413461538461539 0.038461538461538464 0.08052884615384616
0 0.3557692307692308 0.8449519230769231 0.05889423076923077 0.23557692307692307
0 0.41346153846153844 0.9170673076923077 0.0733173076923077 0.16346153846153846
0 0.41225961538461536 0.8581730769230769 0.06129807692307692 0.10216346153846154
0 0.4519230769230769 0.8834134615384616 0.052884615384615384 0.20552884615384615
0 0.5096153846153846 0.8882211538461539 0.06009615384615385 0.22235576923076922
0 0.5084134615384616 0.8040865384615384 0.06971153846153846 0.15865384615384615
0 0.5865384615384616 0.8846153846153846 0.0673076923076923 0.20192307692307693
0 0.5685096153846154 0.8100961538461539 0.055288461538461536 0.16466346153846154
0 0.6237980769230769 0.8485576923076923 0.05048076923076923 0.20673076923076922
0 0.6274038461538461 0.7415865384615384 0.040865384615384616 0.10216346153846154
0 0.5913461538461539 0.7367788461538461 0.04927884615384615 0.12259615384615384
0 0.5685096153846154 0.703125 0.036057692307692304 0.07091346153846154
0 0.53125 0.7127403846153846 0.038461538461538464 0.13341346153846154
0 0.5120192307692307 0.6694711538461539 0.036057692307692304 0.1141826923076923
0 0.48677884615384615 0.6706730769230769 0.038461538461538464 0.19230769230769232
0 0.44711538461538464 0.7596153846153846 0.039663461538461536 0.12740384615384615
0 0.4519230769230769 0.6298076923076923 0.036057692307692304 0.18990384615384615
0 0.4567307692307692 0.48197115384615385 0.03125 0.10096153846153846
0 0.5228365384615384 0.5889423076923077 0.039663461538461536 0.11298076923076923
0 0.5384615384615384 0.5588942307692307 0.02283653846153846 0.09014423076923077
0 0.5504807692307693 0.5793269230769231 0.02283653846153846 0.08173076923076923
0 0.5685096153846154 0.5925480769230769 0.03125 0.12980769230769232
0 0.5600961538461539 0.6466346153846154 0.036057692307692304 0.140625
0 0.6045673076923077 0.6802884615384616 0.030048076923076924 0.0829326923076923
0 0.6286057692307693 0.6947115384615384 0.037259615384615384 0.10817307692307693
0 0.5180288461538461 0.4567307692307692 0.021634615384615384 0.12259615384615384
0 0.5036057692307693 0.44471153846153844 0.02283653846153846 0.12259615384615384
0 0.48677884615384615 0.41346153846153844 0.027644230769230768 0.0829326923076923
0 0.49158653846153844 0.3762019230769231 0.018028846153846152 0.037259615384615384
0 0.5144230769230769 0.3858173076923077 0.02283653846153846 0.078125
0 0.47716346153846156 0.2512019230769231 0.020432692307692308 0.057692307692307696
0 0.5721153846153846 0.3858173076923077 0.016826923076923076 0.07451923076923077
0 0.5637019230769231 0.4338942307692308 0.025240384615384616 0.12620192307692307
0 0.5612980769230769 0.41947115384615385 0.02283653846153846 0.11778846153846154
0 0.5769230769230769 0.4483173076923077 0.03365384615384615 0.06009615384615385
0 0.5853365384615384 0.421875 0.015625 0.052884615384615384
0 0.5817307692307693 0.390625 0.018028846153846152 0.0625
0 0.5997596153846154 0.4230769230769231 0.02283653846153846 0.1141826923076923
0 0.6129807692307693 0.46274038461538464 0.040865384615384616 0.1045673076923077
0 0.6129807692307693 0.39302884615384615 0.025240384615384616 0.07692307692307693
0 0.6586538461538461 0.390625 0.026442307692307692 0.07572115384615384
0 0.6694711538461539 0.38100961538461536 0.019230769230769232 0.09495192307692307
0 0.6850961538461539 0.40024038461538464 0.027644230769230768 0.11298076923076923
0 0.7211538461538461 0.3858173076923077 0.020432692307692308 0.08052884615384616
0 0.7427884615384616 0.39783653846153844 0.019230769230769232 0.10697115384615384
0 0.7668269230769231 0.40865384615384615 0.020432692307692308 0.08533653846153846
0 0.7512019230769231 0.484375 0.03365384615384615 0.12860576923076922
0 0.7355769230769231 0.4639423076923077 0.014423076923076924 0.07211538461538461
0 0.7512019230769231 0.5492788461538461 0.037259615384615384 0.171875
0 0.75 0.59375 0.04927884615384615 0.17427884615384615
0 0.7403846153846154 0.5264423076923077 0.03125 0.0673076923076923
0 0.7355769230769231 0.671875 0.04567307692307692 0.23557692307692307
0 0.6129807692307693 0.6370192307692307 0.03485576923076923 0.0889423076923077
0 0.6177884615384616 0.5685096153846154 0.026442307692307692 0.057692307692307696
0 0.6370192307692307 0.6646634615384616 0.040865384615384616 0.21634615384615385
0 0.6862980769230769 0.6887019230769231 0.05048076923076923 0.21033653846153846
0 0.6838942307692307 0.6730769230769231 0.04447115384615385 0.18870192307692307
0 0.7079326923076923 0.8846153846153846 0.06370192307692307 0.2283653846153846
0 0.8088942307692307 0.9627403846153846 0.07211538461538461 0.07091346153846154
0 0.7752403846153846 0.8629807692307693 0.07692307692307693 0.27163461538461536
0 0.9278846153846154 0.8762019230769231 0.07692307692307693 0.2439903846153846
0 0.8762019230769231 0.8425480769230769 0.08052884615384616 0.3125
0 0.8161057692307693 0.7379807692307693 0.04807692307692308 0.12259615384615384
0 0.7980769230769231 0.6610576923076923 0.04807692307692308 0.15144230769230768
0 0.8653846153846154 0.6610576923076923 0.06009615384615385 0.13581730769230768
0 0.9362980769230769 0.7572115384615384 0.06370192307692307 0.2247596153846154
0 0.9519230769230769 0.6394230769230769 0.03125 0.078125
0 0.9278846153846154 0.59375 0.04807692307692308 0.18629807692307693
0 0.9206730769230769 0.6021634615384616 0.03365384615384615 0.19591346153846154
0 0.7872596153846154 0.37740384615384615 0.020432692307692308 0.056490384615384616
0 0.7824519230769231 0.4338942307692308 0.039663461538461536 0.07572115384615384
0 0.7824519230769231 0.5012019230769231 0.02283653846153846 0.15865384615384615
0 0.7980769230769231 0.5408653846153846 0.04447115384615385 0.17548076923076922
0 0.8161057692307693 0.5072115384615384 0.037259615384615384 0.18028846153846154
0 0.8185096153846154 0.43509615384615385 0.03125 0.09375
0 0.8016826923076923 0.40625 0.019230769230769232 0.109375
0 0.8329326923076923 0.41947115384615385 0.028846153846153848 0.13822115384615385
0 0.8329326923076923 0.40384615384615385 0.03365384615384615 0.1310096153846154
0 0.8317307692307693 0.35697115384615385 0.03485576923076923 0.07932692307692307
0 0.8473557692307693 0.35216346153846156 0.026442307692307692 0.10096153846153846
0 0.9002403846153846 0.3605769230769231 0.020432692307692308 0.11177884615384616
0 0.9230769230769231 0.3629807692307692 0.025240384615384616 0.09975961538461539
0 0.9098557692307693 0.4014423076923077 0.03245192307692308 0.06971153846153846
0 0.9423076923076923 0.46153846153846156 0.03365384615384615 0.14903846153846154
0 0.8822115384615384 0.46153846153846156 0.030048076923076924 0.14543269230769232
0 0.9074519230769231 0.4338942307692308 0.03125 0.07451923076923077
0 0.8894230769230769 0.4795673076923077 0.027644230769230768 0.12980769230769232
0 0.8689903846153846 0.4831730769230769 0.025240384615384616 0.11177884615384616
0 0.9555288461538461 0.5132211538461539 0.02283653846153846 0.140625
0 0.8377403846153846 0.6370192307692307 0.037259615384615384 0.19951923076923078
0 0.8641826923076923 0.5733173076923077 0.030048076923076924 0.07451923076923077
0 0.8846153846153846 0.6225961538461539 0.028846153846153848 0.15745192307692307
0 0.42427884615384615 0.3233173076923077 0.02283653846153846 0.05048076923076923