0 0.2112676056338028 0.2552083333333333 0.01643192488262911 0.04791666666666667
0 0.21244131455399062 0.2625 0.01643192488262911 0.041666666666666664
0 0.1813380281690141 0.27395833333333336 0.015258215962441314 0.03958333333333333
0 0.16784037558685447 0.275 0.014084507042253521 0.0375
0 0.1443661971830986 0.29791666666666666 0.01643192488262911 0.041666666666666664
0 0.19953051643192488 0.30416666666666664 0.01643192488262911 0.04583333333333333
0 0.18016431924882628 0.30625 0.01995305164319249 0.05
0 0.16490610328638497 0.3104166666666667 0.017605633802816902 0.04583333333333333
0 0.15551643192488263 0.31979166666666664 0.02464788732394366 0.05625
0 0.2007042253521127 0.3375 0.014084507042253521 0.0375
0 0.15375586854460094 0.3385416666666667 0.02112676056338028 0.04375
0 0.13380281690140844 0.35 0.018779342723004695 0.04583333333333333
0 0.1426056338028169 0.35 0.02699530516431925 0.058333333333333334
0 0.22887323943661972 0.35520833333333335 0.025821596244131457 0.06458333333333334
0 0.1784037558685446 0.375 0.018779342723004695 0.03333333333333333
0 0.2811032863849765 0.39166666666666666 0.03169014084507042 0.07916666666666666
0 0.2676056338028169 0.3958333333333333 0.025821596244131457 0.07916666666666666
0 0.1742957746478873 0.40625 0.02699530516431925 0.041666666666666664
0 0.24178403755868544 0.40729166666666666 0.025821596244131457 0.08541666666666667
0 0.25586854460093894 0.4083333333333333 0.03286384976525822 0.08333333333333333
0 0.21185446009389672 0.4270833333333333 0.03403755868544601 0.08333333333333333
0 0.22652582159624413 0.42916666666666664 0.035211267605633804 0.08333333333333333
0 0.18720657276995306 0.43020833333333336 0.017605633802816902 0.04375
0 0.17781690140845072 0.4322916666666667 0.022300469483568074 0.04375
0 0.29518779342723006 0.471875 0.045774647887323945 0.11041666666666666
0 0.16490610328638497 0.48020833333333335 0.045774647887323945 0.08958333333333333
0 0.7946009389671361 0.5125 0.04460093896713615 0.14583333333333334
0 0.6907276995305164 0.51875 0.03403755868544601 0.1375
0 0.659037558685446 0.540625 0.03403755868544601 0.12708333333333333
0 0.34976525821596244 0.55 0.03990610328638498 0.10833333333333334
0 0.8515258215962441 0.5541666666666667 0.0528169014084507 0.1375
0 0.18427230046948356 0.5604166666666667 0.051643192488262914 0.125
0 0.8204225352112676 0.59375 0.04929577464788732 0.17916666666666667
0 0.6103286384976526 0.6135416666666667 0.03990610328638498 0.15208333333333332
0 0.4618544600938967 0.6447916666666667 0.04107981220657277 0.12708333333333333
0 0.693075117370892 0.6541666666666667 0.029342723004694836 0.15
0 0.9008215962441315 0.6645833333333333 0.057511737089201875 0.175
0 0.8444835680751174 0.6927083333333334 0.057511737089201875 0.15208333333333332
0 0.6607981220657277 0.6989583333333333 0.04460093896713615 0.11458333333333333
0 0.7605633802816901 0.7010416666666667 0.056338028169014086 0.16041666666666668
0 0.19014084507042253 0.70625 0.05868544600938967 0.12083333333333333
0 0.715962441314554 0.7104166666666667 0.056338028169014086 0.17083333333333334
0 0.6631455399061033 0.746875 0.03990610328638498 0.11458333333333333
0 0.7998826291079812 0.775 0.045774647887323945 0.175
0 0.7453051643192489 0.7854166666666667 0.0539906103286385 0.15833333333333333
0 0.4272300469483568 0.796875 0.06572769953051644 0.15208333333333332
0 0.676056338028169 0.8052083333333333 0.03990610328638498 0.09791666666666667
0 0.9330985915492958 0.840625 0.04929577464788732 0.12708333333333333
0 0.6443661971830986 0.8552083333333333 0.04225352112676056 0.12291666666666666
0 0.5105633802816901 0.8614583333333333 0.0539906103286385 0.14375
0 0.4137323943661972 0.8802083333333334 0.0715962441314554 0.13958333333333334
0 0.6971830985915493 0.8854166666666666 0.051643192488262914 0.15
0 0.653169014084507 0.93125 0.0528169014084507 0.13333333333333333
0 0.2705399061032864 0.946875 0.062206572769953054 0.10208333333333333
0 0.3286384976525822 0.946875 0.04460093896713615 0.10208333333333333
0 0.6068075117370892 0.9510416666666667 0.046948356807511735 0.09375
0 0.44366197183098594 0.9572916666666667 0.035211267605633804 0.08125
0 0.3744131455399061 0.9583333333333334 0.046948356807511735 0.07916666666666666
0 0.4812206572769953 0.9635416666666666 0.06103286384976526 0.06875
0 0.6948356807511737 0.9697916666666667 0.06338028169014084 0.05625
0 0.8039906103286385 0.10729166666666666 0.014084507042253521 0.06458333333333334
0 0.8926056338028169 0.11145833333333334 0.03403755868544601 0.04791666666666667
0 0.7734741784037559 0.12604166666666666 0.011737089201877934 0.05625
0 0.7435446009389671 0.13020833333333334 0.015258215962441314 0.052083333333333336
0 0.579225352112676 0.13645833333333332 0.012910798122065728 0.04375
0 0.8562206572769953 0.16770833333333332 0.017605633802816902 0.06458333333333334
0 0.909037558685446 0.18854166666666666 0.02464788732394366 0.08125