0 0.2800480769230769 0.6201923076923077 0.09975961538461539 0.26322115384615385
0 0.2668269230769231 0.6213942307692307 0.0673076923076923 0.2403846153846154
0 0.3557692307692308 0.6165865384615384 0.07211538461538461 0.2932692307692308
0 0.3557692307692308 0.6129807692307693 0.12139423076923077 0.3293269230769231
0 0.41586538461538464 0.6045673076923077 0.018028846153846152 0.040865384615384616
0 0.43990384615384615 0.6370192307692307 0.016826923076923076 0.10216346153846154
0 0.5240384615384616 0.6490384615384616 0.06490384615384616 0.25841346153846156
0 0.5036057692307693 0.6346153846153846 0.09975961538461539 0.25
0 0.6213942307692307 0.6466346153846154 0.13581730769230768 0.3798076923076923
0 0.6802884615384616 0.65625 0.04927884615384615 0.21153846153846154
0 0.7451923076923077 0.6466346153846154 0.05048076923076923 0.2512019230769231
0 0.8100961538461539 0.6682692307692307 0.042067307692307696 0.1971153846153846
0 0.8449519230769231 0.6526442307692307 0.021634615384615384 0.13701923076923078
0 0.7764423076923077 0.6586538461538461 0.02283653846153846 0.11899038461538461