0 0.03125 0.3798076923076923 0.057692307692307696 0.47716346153846156
0 0.09615384615384616 0.4411057692307692 0.10096153846153846 0.4879807692307692
0 0.20793269230769232 0.3088942307692308 0.16466346153846154 0.5048076923076923
0 0.15384615384615385 0.6550480769230769 0.12740384615384615 0.46875
0 0.2704326923076923 0.6610576923076923 0.14302884615384615 0.4951923076923077
0 0.32572115384615385 0.5384615384615384 0.18509615384615385 0.734375
0 0.39302884615384615 0.23677884615384615 0.08533653846153846 0.171875
0 0.4795673076923077 0.35697115384615385 0.16466346153846154 0.3269230769230769
0 0.44350961538461536 0.6213942307692307 0.15504807692307693 0.5817307692307693
0 0.49399038461538464 0.6526442307692307 0.19591346153846154 0.5300480769230769
0 0.6766826923076923 0.5132211538461539 0.2608173076923077 0.828125
0 0.49759615384615385 0.18389423076923078 0.0733173076923077 0.1622596153846154
0 0.3918269230769231 0.1875 0.08533653846153846 0.13701923076923078
0 0.5432692307692307 0.44350961538461536 0.10216346153846154 0.5120192307692307
0 0.6045673076923077 0.4050480769230769 0.10216346153846154 0.5492788461538461
0 0.6911057692307693 0.5240384615384616 0.28966346153846156 0.7620192307692307
0 0.8930288461538461 0.4651442307692308 0.10216346153846154 0.5132211538461539
0 0.7884615384615384 0.4170673076923077 0.109375 0.5805288461538461