0 0.03245192307692308 0.2127403846153846 0.04447115384615385 0.12980769230769232
0 0.13701923076923078 0.5348557692307693 0.19831730769230768 0.8798076923076923
0 0.13701923076923078 0.5072115384615384 0.19230769230769232 0.8485576923076923
0 0.2692307692307692 0.5576923076923077 0.1141826923076923 0.7067307692307693
0 0.27524038461538464 0.5108173076923077 0.12740384615384615 0.7295673076923077
0 0.390625 0.5456730769230769 0.14783653846153846 0.7848557692307693
0 0.53125 0.53125 0.1658653846153846 0.8040865384615384
0 0.7103365384615384 0.5697115384615384 0.15384615384615385 0.7139423076923077
0 0.8497596153846154 0.5360576923076923 0.1622596153846154 0.7680288461538461
0 0.7115384615384616 0.5060096153846154 0.18028846153846154 0.8173076923076923
0 0.9266826923076923 0.4699519230769231 0.11177884615384616 0.6033653846153846
0 0.9651442307692307 0.4387019230769231 0.06971153846153846 0.6141826923076923