0 0.8978365384615384 0.46634615384615385 0.09014423076923077 0.30408653846153844
0 0.7932692307692307 0.5877403846153846 0.1201923076923077 0.7788461538461539
0 0.6394230769230769 0.6526442307692307 0.11778846153846154 0.5697115384615384
0 0.6959134615384616 0.5649038461538461 0.1310096153846154 0.7331730769230769
0 0.5949519230769231 0.328125 0.12860576923076922 0.3389423076923077
0 0.5480769230769231 0.6634615384615384 0.12980769230769232 0.5192307692307693
0 0.45072115384615385 0.6526442307692307 0.12860576923076922 0.5588942307692307
0 0.3389423076923077 0.6622596153846154 0.12980769230769232 0.5805288461538461
0 0.17908653846153846 0.5432692307692307 0.16105769230769232 0.7920673076923077
0 0.28846153846153844 0.5444711538461539 0.12740384615384615 0.7524038461538461
0 0.43990384615384615 0.3449519230769231 0.21033653846153846 0.3329326923076923
0 0.49278846153846156 0.35336538461538464 0.10216346153846154 0.31850961538461536