0 0.29846153846153844 0.3386114494518879 0.018461538461538463 0.0341047503045067
0 0.2323076923076923 0.3489646772228989 0.016923076923076923 0.05481120584652863
0 0.13307692307692306 0.36114494518879414 0.027692307692307693 0.08160779537149818
0 0.3192307692307692 0.3617539585870889 0.016923076923076923 0.02679658952496955
0 0.12 0.36723507917174175 0.016923076923076923 0.049939098660170524
0 0.26 0.37149817295980514 0.026153846153846153 0.08038976857490865
0 0.15730769230769232 0.37393422655298414 0.016153846153846154 0.09013398294762484
0 0.38769230769230767 0.3745432399512789 0.021538461538461538 0.040194884287454324
0 0.44461538461538463 0.3800243605359318 0.016923076923076923 0.029232643118148598
0 0.16615384615384615 0.3861144945188794 0.016923076923076923 0.10962241169305725
0 0.34076923076923077 0.3861144945188794 0.023076923076923078 0.0389768574908648
0 0.2988461538461539 0.3867235079171742 0.031538461538461536 0.07673568818514007
0 0.17923076923076922 0.4074299634591961 0.027692307692307693 0.15225334957369063
0 0.3180769230769231 0.42021924482338613 0.036153846153846154 0.1218026796589525
0 0.27307692307692305 0.42448233861144946 0.021538461538461538 0.18879415347137637
0 0.395 0.4336175395858709 0.05307692307692308 0.14859926918392205
0 0.11115384615384616 0.4366626065773447 0.026923076923076925 0.17661388550548113
0 0.2073076923076923 0.44397076735688185 0.04692307692307692 0.21315468940316687
0 0.2865384615384615 0.44945188794153473 0.025384615384615384 0.2095006090133983
0 0.3415384615384615 0.4531059683313033 0.046153846153846156 0.12423873325213154
0 0.24153846153846154 0.4561510353227771 0.036923076923076927 0.2350791717417783
0 0.5365384615384615 0.47320341047503045 0.03307692307692308 0.04263093788063337
0 0.4430769230769231 0.47990255785627284 0.05076923076923077 0.20219244823386115
0 0.13346153846153846 0.4853836784409257 0.06384615384615384 0.20584652862362973
0 0.3730769230769231 0.5109622411693058 0.04 0.2911084043848965
0 0.2846153846153846 0.5286236297198539 0.07692307692307693 0.26552984165651644
0 0.4776923076923077 0.5377588306942753 0.052307692307692305 0.3373934226552984
0 0.35115384615384615 0.5554202192448234 0.07153846153846154 0.1900121802679659
0 0.6034615384615385 0.5651644336175395 0.05923076923076923 0.22655298416565164
0 0.5134615384615384 0.5736906211936662 0.07923076923076923 0.2143727161997564
0 0.8092307692307692 0.5852618757612668 0.06307692307692307 0.16199756394640683
0 0.04923076923076923 0.5992691839220463 0.09846153846153846 0.20706455542021923
0 0.061153846153846156 0.6211936662606578 0.10538461538461538 0.2095006090133983
0 0.64 0.6315468940316687 0.12461538461538461 0.3447015834348356
0 0.7188461538461538 0.6364190012180267 0.12692307692307692 0.2545676004872107
0 0.4176923076923077 0.643727161997564 0.08461538461538462 0.5054811205846529
0 0.855 0.6534713763702802 0.09461538461538462 0.46163215590742995
0 0.33615384615384614 0.7149817295980512 0.15384615384615385 0.36053593179049936
0 0.558076923076923 0.7192448233861145 0.1853846153846154 0.3447015834348356
0 0.08538461538461538 0.7332521315468941 0.17076923076923076 0.31425091352009743
0 0.7373076923076923 0.7350791717417783 0.1853846153846154 0.31790499390986604