0 0.014423076923076924 0.4387019230769231 0.028846153846153848 0.22115384615384615
0 0.036057692307692304 0.4026442307692308 0.07211538461538461 0.3088942307692308
0 0.08173076923076923 0.2704326923076923 0.056490384615384616 0.11057692307692307
0 0.1201923076923077 0.2644230769230769 0.036057692307692304 0.055288461538461536
0 0.09615384615384616 0.48197115384615385 0.14903846153846154 0.4387019230769231
0 0.15625 0.4266826923076923 0.08052884615384616 0.40625
0 0.18990384615384615 0.2704326923076923 0.04567307692307692 0.04807692307692308
0 0.2283653846153846 0.4182692307692308 0.15504807692307693 0.3317307692307692
0 0.2439903846153846 0.6165865384615384 0.15985576923076922 0.5120192307692307
0 0.3173076923076923 0.4326923076923077 0.12259615384615384 0.38822115384615385
0 0.3762019230769231 0.4855769230769231 0.10817307692307693 0.3557692307692308
0 0.49759615384615385 0.515625 0.14543269230769232 0.46274038461538464
0 0.41466346153846156 0.5973557692307693 0.16105769230769232 0.5072115384615384
0 0.6730769230769231 0.6225961538461539 0.19230769230769232 0.5504807692307693
0 0.6983173076923077 0.5480769230769231 0.13701923076923078 0.44350961538461536
0 0.8353365384615384 0.6153846153846154 0.2127403846153846 0.43990384615384615
0 0.8317307692307693 0.34134615384615385 0.1141826923076923 0.19471153846153846
0 0.9747596153846154 0.21634615384615385 0.04807692307692308 0.1346153846153846
0 0.9026442307692307 0.2127403846153846 0.054086538461538464 0.14423076923076922
0 0.8882211538461539 0.1935096153846154 0.03125 0.09014423076923077
0 0.6165865384615384 0.17427884615384615 0.03365384615384615 0.057692307692307696
0 0.5817307692307693 0.17668269230769232 0.03365384615384615 0.052884615384615384
0 0.5673076923076923 0.15745192307692307 0.021634615384615384 0.027644230769230768
0 0.5564903846153846 0.17427884615384615 0.03365384615384615 0.0625
0 0.5348557692307693 0.17668269230769232 0.037259615384615384 0.057692307692307696
0 0.4987980769230769 0.18509615384615385 0.03125 0.06971153846153846
0 0.4387019230769231 0.21153846153846154 0.04447115384615385 0.0733173076923077
0 0.028846153846153848 0.18269230769230768 0.026442307692307692 0.055288461538461536
0 0.019230769230769232 0.18509615384615385 0.030048076923076924 0.04807692307692308