0 0.6105769230769231 0.7956730769230769 0.11538461538461539 0.40865384615384615
0 0.5396634615384616 0.8076923076923077 0.0829326923076923 0.38461538461538464
0 0.2920673076923077 0.7151442307692307 0.027644230769230768 0.13341346153846154
0 0.2620192307692308 0.7199519230769231 0.028846153846153848 0.1310096153846154
0 0.25721153846153844 0.6622596153846154 0.019230769230769232 0.03485576923076923
0 0.24278846153846154 0.7079326923076923 0.025240384615384616 0.11057692307692307
0 0.22956730769230768 0.7151442307692307 0.018028846153846152 0.10216346153846154
0 0.21153846153846154 0.7295673076923077 0.026442307692307692 0.09975961538461539
0 0.21514423076923078 0.6790865384615384 0.016826923076923076 0.03365384615384615
0 0.20072115384615385 0.7211538461538461 0.014423076923076924 0.07211538461538461
0 0.1875 0.7415865384615384 0.015625 0.07211538461538461
0 0.16706730769230768 0.7223557692307693 0.010817307692307692 0.03365384615384615
0 0.17668269230769232 0.7211538461538461 0.027644230769230768 0.1201923076923077
0 0.12980769230769232 0.7355769230769231 0.026442307692307692 0.09014423076923077
0 0.13221153846153846 0.7055288461538461 0.027644230769230768 0.11057692307692307
0 0.1466346153846154 0.7079326923076923 0.02283653846153846 0.10336538461538461
0 0.10697115384615384 0.7199519230769231 0.025240384615384616 0.11658653846153846
0 0.05889423076923077 0.7295673076923077 0.027644230769230768 0.11899038461538461
0 0.021634615384615384 0.71875 0.036057692307692304 0.14423076923076922
0 0.19471153846153846 0.6838942307692307 0.019230769230769232 0.07211538461538461
0 0.7223557692307693 0.6346153846153846 0.06971153846153846 0.15745192307692307