0 0.0985576923076923 0.3713942307692308 0.11899038461538461 0.36538461538461536
0 0.1658653846153846 0.37740384615384615 0.1201923076923077 0.37259615384615385
0 0.22115384615384615 0.3858173076923077 0.13701923076923078 0.4098557692307692
0 0.2644230769230769 0.4110576923076923 0.12740384615384615 0.4170673076923077
0 0.33653846153846156 0.4230769230769231 0.13701923076923078 0.43990384615384615
0 0.4254807692307692 0.43509615384615385 0.14903846153846154 0.4675480769230769
0 0.5348557692307693 0.4651442307692308 0.10697115384615384 0.48197115384615385
0 0.6466346153846154 0.4338942307692308 0.14903846153846154 0.45552884615384615
0 0.7295673076923077 0.41225961538461536 0.11658653846153846 0.4266826923076923
0 0.7776442307692307 0.39302884615384615 0.12259615384615384 0.40384615384615385
0 0.8245192307692307 0.37259615384615385 0.10697115384615384 0.3737980769230769
0 0.8713942307692307 0.3605769230769231 0.12980769230769232 0.38100961538461536
0 0.9074519230769231 0.3485576923076923 0.0985576923076923 0.35697115384615385
0 0.5336538461538461 0.390625 0.15144230769230768 0.49399038461538464