0 0.0625 0.22235576923076922 0.11177884615384616 0.1971153846153846
0 0.037259615384615384 0.7367788461538461 0.07451923076923077 0.5264423076923077
0 0.10576923076923077 0.7283653846153846 0.10576923076923077 0.5432692307692307
0 0.038461538461538464 0.6850961538461539 0.07451923076923077 0.5036057692307693
0 0.06971153846153846 0.4423076923076923 0.052884615384615384 0.14302884615384615
0 0.12980769230769232 0.6658653846153846 0.08413461538461539 0.5504807692307693
0 0.18629807692307693 0.6622596153846154 0.1141826923076923 0.640625
0 0.3329326923076923 0.6995192307692307 0.11778846153846154 0.546875
0 0.25721153846153844 0.7536057692307693 0.09975961538461539 0.49158653846153844
0 0.03245192307692308 0.3954326923076923 0.06490384615384616 0.24759615384615385
0 0.09495192307692307 0.3870192307692308 0.10096153846153846 0.16947115384615385
0 0.17548076923076922 0.38100961538461536 0.05889423076923077 0.234375
0 0.27403846153846156 0.40024038461538464 0.09735576923076923 0.28365384615384615
0 0.2512019230769231 0.38822115384615385 0.11298076923076923 0.20432692307692307
0 0.359375 0.5480769230769231 0.09134615384615384 0.4338942307692308
0 0.31009615384615385 0.3762019230769231 0.07932692307692307 0.30649038461538464
0 0.38221153846153844 0.32091346153846156 0.08774038461538461 0.2860576923076923
0 0.33052884615384615 0.2956730769230769 0.04567307692307692 0.14182692307692307
0 0.07091346153846154 0.2764423076923077 0.07451923076923077 0.21995192307692307
0 0.16105769230769232 0.27163461538461536 0.09495192307692307 0.15985576923076922
0 0.1622596153846154 0.2548076923076923 0.078125 0.17067307692307693
0 0.2439903846153846 0.3004807692307692 0.07091346153846154 0.2439903846153846
0 0.47716346153846156 0.45913461538461536 0.12620192307692307 0.3954326923076923
0 0.8197115384615384 0.7572115384615384 0.10576923076923077 0.484375
0 0.6670673076923077 0.7596153846153846 0.10817307692307693 0.4807692307692308
0 0.9206730769230769 0.7451923076923077 0.09615384615384616 0.5096153846153846
0 0.9627403846153846 0.5300480769230769 0.038461538461538464 0.125
0 0.7211538461538461 0.7403846153846154 0.0733173076923077 0.5192307692307693
0 0.5889423076923077 0.6911057692307693 0.06370192307692307 0.453125
0 0.5661057692307693 0.6574519230769231 0.1141826923076923 0.4891826923076923
0 0.6646634615384616 0.5288461538461539 0.07091346153846154 0.171875
0 0.7584134615384616 0.6959134615384616 0.06610576923076923 0.5336538461538461
0 0.8221153846153846 0.5372596153846154 0.08774038461538461 0.18990384615384615
0 0.9002403846153846 0.5456730769230769 0.06129807692307692 0.19951923076923078
0 0.9615384615384616 0.5300480769230769 0.03365384615384615 0.11298076923076923
0 0.5793269230769231 0.4483173076923077 0.09014423076923077 0.18389423076923078
0 0.6310096153846154 0.45552884615384615 0.09014423076923077 0.18629807692307693
0 0.7199519230769231 0.4375 0.05889423076923077 0.15264423076923078
0 0.8425480769230769 0.4987980769230769 0.09495192307692307 0.22596153846153846
0 0.9495192307692307 0.4519230769230769 0.10096153846153846 0.18269230769230768
0 0.9411057692307693 0.39663461538461536 0.06370192307692307 0.16706730769230768
0 0.8521634615384616 0.40384615384615385 0.09735576923076923 0.19110576923076922
0 0.7584134615384616 0.4182692307692308 0.12259615384615384 0.24759615384615385
0 0.6478365384615384 0.36538461538461536 0.11177884615384616 0.1814903846153846
0 0.6045673076923077 0.34134615384615385 0.09014423076923077 0.20192307692307693
0 0.8245192307692307 0.31850961538461536 0.052884615384615384 0.15384615384615385
0 0.7824519230769231 0.2920673076923077 0.06129807692307692 0.15865384615384615
0 0.7259615384615384 0.28365384615384615 0.07211538461538461 0.1778846153846154
0 0.6081730769230769 0.23918269230769232 0.11778846153846154 0.21754807692307693
0 0.7163461538461539 0.25240384615384615 0.10697115384615384 0.22115384615384615
0 0.8341346153846154 0.25841346153846156 0.09495192307692307 0.21153846153846154
0 0.9098557692307693 0.28365384615384615 0.09134615384615384 0.3485576923076923
0 0.9747596153846154 0.3317307692307692 0.05048076923076923 0.27403846153846156
0 0.9639423076923077 0.27884615384615385 0.07211538461538461 0.21995192307692307
0 0.9038461538461539 0.2644230769230769 0.06129807692307692 0.2091346153846154