0 0.03485576923076923 0.4891826923076923 0.018028846153846152 0.08653846153846154
0 0.04447115384615385 0.4963942307692308 0.056490384615384616 0.22956730769230768
0 0.1045673076923077 0.6213942307692307 0.15384615384615385 0.5540865384615384
0 0.16706730769230768 0.5805288461538461 0.1310096153846154 0.5480769230769231
0 0.27163461538461536 0.46274038461538464 0.09495192307692307 0.2692307692307692
0 0.3329326923076923 0.578125 0.0829326923076923 0.44591346153846156
0 0.3954326923076923 0.45072115384615385 0.07451923076923077 0.22115384615384615
0 0.44471153846153844 0.5721153846153846 0.11298076923076923 0.4831730769230769
0 0.4879807692307692 0.39302884615384615 0.05889423076923077 0.17908653846153846
0 0.5132211538461539 0.33774038461538464 0.26802884615384615 0.17067307692307693
0 0.5444711538461539 0.5733173076923077 0.10096153846153846 0.46875
0 0.6346153846153846 0.5192307692307693 0.10096153846153846 0.3173076923076923
0 0.5913461538461539 0.4026442307692308 0.052884615384615384 0.15264423076923078
0 0.6658653846153846 0.3762019230769231 0.0673076923076923 0.13221153846153846
0 0.6959134615384616 0.46634615384615385 0.2091346153846154 0.23317307692307693
0 0.7572115384615384 0.4963942307692308 0.12139423076923077 0.2848557692307692
0 0.8413461538461539 0.6201923076923077 0.09254807692307693 0.5108173076923077
0 0.7536057692307693 0.7259615384615384 0.1201923076923077 0.3449519230769231
0 0.6850961538461539 0.6862980769230769 0.09735576923076923 0.36177884615384615
0 0.5949519230769231 0.6670673076923077 0.1045673076923077 0.3485576923076923
0 0.5 0.6622596153846154 0.109375 0.4375
0 0.4014423076923077 0.671875 0.12740384615384615 0.39903846153846156
0 0.30649038461538464 0.7067307692307693 0.10817307692307693 0.4026442307692308
0 0.21995192307692307 0.6586538461538461 0.14302884615384615 0.4266826923076923
0 0.21875 0.7199519230769231 0.12379807692307693 0.38100961538461536
0 0.9362980769230769 0.5120192307692307 0.040865384615384616 0.25841346153846156
0 0.9014423076923077 0.5120192307692307 0.03365384615384615 0.1502403846153846
0 0.9615384615384616 0.46033653846153844 0.02403846153846154 0.0829326923076923
0 0.9735576923076923 0.4543269230769231 0.037259615384615384 0.052884615384615384
0 0.8834134615384616 0.4495192307692308 0.018028846153846152 0.030048076923076924
0 0.8834134615384616 0.46634615384615385 0.009615384615384616 0.03125