0 0.9723557692307693 0.5637019230769231 0.055288461538461536 0.3629807692307692
0 0.9122596153846154 0.5697115384615384 0.057692307692307696 0.31490384615384615
0 0.7788461538461539 0.5372596153846154 0.040865384615384616 0.24519230769230768
0 0.7512019230769231 0.5480769230769231 0.051682692307692304 0.2644230769230769
0 0.7175480769230769 0.46274038461538464 0.039663461538461536 0.2548076923076923
0 0.71875 0.3329326923076923 0.04326923076923077 0.09495192307692307
0 0.671875 0.3701923076923077 0.038461538461538464 0.16466346153846154
0 0.8076923076923077 0.3269230769230769 0.03485576923076923 0.18028846153846154
0 0.8425480769230769 0.3233173076923077 0.03485576923076923 0.18269230769230768
0 0.8786057692307693 0.3245192307692308 0.039663461538461536 0.18509615384615385
0 0.9098557692307693 0.3425480769230769 0.03485576923076923 0.125
0 0.9795673076923077 0.3605769230769231 0.037259615384615384 0.16466346153846154
0 0.9615384615384616 0.28365384615384615 0.036057692307692304 0.11778846153846154
0 0.9927884615384616 0.3425480769230769 0.014423076923076924 0.24519230769230768
0 0.9278846153846154 0.3317307692307692 0.037259615384615384 0.19230769230769232
0 0.9411057692307693 0.1971153846153846 0.030048076923076924 0.15504807692307693
0 0.9711538461538461 0.18990384615384615 0.036057692307692304 0.16466346153846154
0 0.890625 0.13701923076923078 0.03485576923076923 0.1045673076923077
0 0.8149038461538461 0.21514423076923078 0.026442307692307692 0.15985576923076922
0 0.7836538461538461 0.20673076923076922 0.028846153846153848 0.14302884615384615
0 0.8088942307692307 0.057692307692307696 0.028846153846153848 0.07451923076923077
0 0.859375 0.06370192307692307 0.030048076923076924 0.09735576923076923
0 0.41586538461538464 0.1045673076923077 0.02283653846153846 0.07451923076923077
0 0.37740384615384615 0.08774038461538461 0.026442307692307692 0.07451923076923077
0 0.2932692307692308 0.12740384615384615 0.020432692307692308 0.06971153846153846
0 0.27403846153846156 0.13581730769230768 0.025240384615384616 0.057692307692307696
0 0.25 0.1310096153846154 0.019230769230769232 0.07211538461538461
0 0.19831730769230768 0.15504807692307693 0.020432692307692308 0.04447115384615385
0 0.22235576923076922 0.18629807692307693 0.025240384615384616 0.12259615384615384
0 0.3016826923076923 0.47115384615384615 0.028846153846153848 0.13701923076923078
0 0.27403846153846156 0.49278846153846156 0.03485576923076923 0.13942307692307693
0 0.23918269230769232 0.5180288461538461 0.039663461538461536 0.20552884615384615
0 0.18269230769230768 0.5564903846153846 0.04807692307692308 0.25721153846153844
0 0.13581730769230768 0.5516826923076923 0.03485576923076923 0.2127403846153846
0 0.09375 0.5697115384615384 0.037259615384615384 0.21033653846153846
0 0.05889423076923077 0.6129807692307693 0.046875 0.2644230769230769
0 0.01201923076923077 0.5853365384615384 0.021634615384615384 0.25961538461538464
0 0.21514423076923078 0.4423076923076923 0.02403846153846154 0.125
0 0.15745192307692307 0.3798076923076923 0.036057692307692304 0.13942307692307693
0 0.13822115384615385 0.33774038461538464 0.027644230769230768 0.09495192307692307
0 0.09735576923076923 0.4026442307692308 0.03125 0.1502403846153846
0 0.12379807692307693 0.3786057692307692 0.026442307692307692 0.09254807692307693
0 0.13581730769230768 0.4206730769230769 0.021634615384615384 0.0625
0 0.16826923076923078 0.44350961538461536 0.021634615384615384 0.07692307692307693
0 0.018028846153846152 0.36899038461538464 0.027644230769230768 0.14302884615384615
0 0.040865384615384616 0.38100961538461536 0.028846153846153848 0.10697115384615384
0 0.06009615384615385 0.36778846153846156 0.020432692307692308 0.09495192307692307
0 0.08653846153846154 0.4543269230769231 0.038461538461538464 0.12259615384615384
0 0.08653846153846154 0.36177884615384615 0.018028846153846152 0.09254807692307693
0 0.6899038461538461 0.22115384615384615 0.02283653846153846 0.14302884615384615
0 0.6646634615384616 0.22956730769230768 0.03245192307692308 0.13942307692307693
0 0.7463942307692307 0.08173076923076923 0.016826923076923076 0.0673076923076923
0 0.6742788461538461 0.12139423076923077 0.02283653846153846 0.13221153846153846
0 0.6514423076923077 0.08774038461538461 0.02283653846153846 0.055288461538461536
0 0.6177884615384616 0.09735576923076923 0.02403846153846154 0.06490384615384616
0 0.5949519230769231 0.08533653846153846 0.021634615384615384 0.055288461538461536
0 0.03365384615384615 0.5444711538461539 0.02403846153846154 0.21033653846153846
0 0.8100961538461539 0.8509615384615384 0.203125 0.2980769230769231
0 0.5805288461538461 0.8245192307692307 0.04326923076923077 0.2403846153846154
0 0.29086538461538464 0.625 0.41586538461538464 0.75
0 0.421875 0.8269230769230769 0.15985576923076922 0.3449519230769231
0 0.23317307692307693 0.6754807692307693 0.3557692307692308 0.6490384615384616