0 0.0733173076923077 0.609375 0.12740384615384615 0.19831730769230768
0 0.2283653846153846 0.6033653846153846 0.15625 0.23677884615384615
0 0.38341346153846156 0.5769230769230769 0.09975961538461539 0.20793269230769232
0 0.49038461538461536 0.5516826923076923 0.11899038461538461 0.1935096153846154
0 0.6033653846153846 0.546875 0.0985576923076923 0.17668269230769232
0 0.7079326923076923 0.5264423076923077 0.08533653846153846 0.15985576923076922
0 0.7920673076923077 0.5036057692307693 0.08173076923076923 0.14182692307692307
0 0.8497596153846154 0.47475961538461536 0.06850961538461539 0.12980769230769232
0 0.05048076923076923 0.39302884615384615 0.05048076923076923 0.24879807692307693
0 0.052884615384615384 0.3076923076923077 0.051682692307692304 0.08774038461538461
0 0.1045673076923077 0.42788461538461536 0.06370192307692307 0.3605769230769231
0 0.13581730769230768 0.4098557692307692 0.05048076923076923 0.28725961538461536
0 0.17908653846153846 0.44471153846153844 0.0829326923076923 0.34975961538461536
0 0.234375 0.40384615384615385 0.07572115384615384 0.2800480769230769
0 0.25841346153846156 0.3870192307692308 0.036057692307692304 0.23557692307692307
0 0.2980769230769231 0.4098557692307692 0.09254807692307693 0.3137019230769231
0 0.33533653846153844 0.38822115384615385 0.042067307692307696 0.23317307692307693
0 0.36778846153846156 0.3858173076923077 0.04927884615384615 0.20793269230769232
0 0.40865384615384615 0.421875 0.0673076923076923 0.3161057692307692
0 0.453125 0.3786057692307692 0.040865384615384616 0.18870192307692307
0 0.4795673076923077 0.33533653846153844 0.03365384615384615 0.1346153846153846
0 0.4891826923076923 0.4387019230769231 0.056490384615384616 0.30528846153846156
0 0.5132211538461539 0.32211538461538464 0.025240384615384616 0.07211538461538461
0 0.5288461538461539 0.3798076923076923 0.040865384615384616 0.19951923076923078
0 0.5709134615384616 0.43028846153846156 0.0985576923076923 0.30649038461538464
0 0.6370192307692307 0.4338942307692308 0.09615384615384616 0.28125
0 0.6911057692307693 0.41586538461538464 0.06490384615384616 0.21875
0 0.7451923076923077 0.48677884615384615 0.11298076923076923 0.16947115384615385
0 0.7319711538461539 0.35096153846153844 0.054086538461538464 0.11778846153846154
0 0.8245192307692307 0.4387019230769231 0.09375 0.18028846153846154
0 0.7560096153846154 0.28725961538461536 0.025240384615384616 0.0733173076923077
0 0.7788461538461539 0.28966346153846156 0.027644230769230768 0.056490384615384616
0 0.8028846153846154 0.2860576923076923 0.036057692307692304 0.06129807692307692
0 0.8365384615384616 0.27524038461538464 0.030048076923076924 0.07692307692307693
0 0.859375 0.28365384615384615 0.03365384615384615 0.06490384615384616
0 0.9699519230769231 0.2776442307692308 0.036057692307692304 0.06850961538461539
0 0.8954326923076923 0.3245192307692308 0.03125 0.04807692307692308
0 0.9170673076923077 0.35216346153846156 0.06009615384615385 0.06850961538461539
0 0.9074519230769231 0.49278846153846156 0.12860576923076922 0.35216346153846156
0 0.953125 0.48197115384615385 0.09375 0.3605769230769231