0 0.7355769230769231 0.31009615384615385 0.037259615384615384 0.09375
0 0.6538461538461539 0.31490384615384615 0.027644230769230768 0.0625
0 0.5793269230769231 0.3161057692307692 0.03485576923076923 0.05048076923076923
0 0.6189903846153846 0.31850961538461536 0.03245192307692308 0.05048076923076923
0 0.6923076923076923 0.32091346153846156 0.037259615384615384 0.056490384615384616
0 0.9783653846153846 0.32211538461538464 0.02403846153846154 0.078125
0 0.8173076923076923 0.3233173076923077 0.03125 0.07451923076923077
0 0.9567307692307693 0.3233173076923077 0.042067307692307696 0.125
0 0.46634615384615385 0.3245192307692308 0.03125 0.055288461538461536
0 0.9170673076923077 0.3245192307692308 0.036057692307692304 0.12379807692307693
0 0.49399038461538464 0.328125 0.025240384615384616 0.04807692307692308
0 0.7740384615384616 0.3293269230769231 0.04326923076923077 0.0829326923076923
0 0.546875 0.33413461538461536 0.026442307692307692 0.055288461538461536
0 0.5204326923076923 0.33774038461538464 0.03125 0.07932692307692307
0 0.4411057692307692 0.3401442307692308 0.030048076923076924 0.05048076923076923
0 0.8509615384615384 0.3449519230769231 0.040865384615384616 0.171875
0 0.5889423076923077 0.3545673076923077 0.036057692307692304 0.05889423076923077
0 0.6201923076923077 0.3545673076923077 0.026442307692307692 0.05048076923076923
0 0.5516826923076923 0.36778846153846156 0.030048076923076924 0.04326923076923077
0 0.4579326923076923 0.3713942307692308 0.026442307692307692 0.046875
0 0.49278846153846156 0.37259615384615385 0.030048076923076924 0.040865384615384616
0 0.4254807692307692 0.38461538461538464 0.03485576923076923 0.0673076923076923
0 0.9675480769230769 0.4050480769230769 0.03485576923076923 0.05048076923076923
0 0.671875 0.4098557692307692 0.037259615384615384 0.15504807692307693
0 0.5697115384615384 0.4206730769230769 0.04326923076923077 0.05889423076923077
0 0.4411057692307692 0.43509615384615385 0.037259615384615384 0.07932692307692307
0 0.49399038461538464 0.4963942307692308 0.03125 0.07451923076923077
0 0.3449519230769231 0.5084134615384616 0.052884615384615384 0.18269230769230768
0 0.21153846153846154 0.5360576923076923 0.057692307692307696 0.29086538461538464
0 0.7439903846153846 0.5420673076923077 0.07211538461538461 0.3161057692307692
0 0.4050480769230769 0.5432692307692307 0.09014423076923077 0.43149038461538464
0 0.8088942307692307 0.5516826923076923 0.06610576923076923 0.3088942307692308
0 0.07692307692307693 0.5588942307692307 0.05889423076923077 0.2536057692307692
0 0.25240384615384615 0.5625 0.15264423076923078 0.4338942307692308
0 0.9639423076923077 0.5649038461538461 0.06850961538461539 0.2980769230769231
0 0.12740384615384615 0.5685096153846154 0.06610576923076923 0.2283653846153846
0 0.9663461538461539 0.5733173076923077 0.0625 0.34375
0 0.4675480769230769 0.5865384615384616 0.05048076923076923 0.19951923076923078
0 0.5612980769230769 0.5901442307692307 0.06971153846153846 0.21754807692307693
0 0.5060096153846154 0.5949519230769231 0.051682692307692304 0.19110576923076922
0 0.9146634615384616 0.5973557692307693 0.06971153846153846 0.20673076923076922
0 0.859375 0.5997596153846154 0.06610576923076923 0.21394230769230768
0 0.6442307692307693 0.609375 0.10576923076923077 0.2980769230769231