0 0.07211538461538461 0.8293269230769231 0.12860576923076922 0.3401442307692308
0 0.18629807692307693 0.8197115384615384 0.10817307692307693 0.3605769230769231
0 0.34375 0.8209134615384616 0.203125 0.3581730769230769
0 0.5516826923076923 0.8016826923076923 0.24278846153846154 0.39663461538461536
0 0.9266826923076923 0.8257211538461539 0.08653846153846154 0.3485576923076923
0 0.7740384615384616 0.8497596153846154 0.057692307692307696 0.3004807692307692
0 0.7379807692307693 0.8485576923076923 0.057692307692307696 0.3016826923076923
0 0.6658653846153846 0.8317307692307693 0.057692307692307696 0.33653846153846156
0 0.7235576923076923 0.7704326923076923 0.015625 0.054086538461538464
0 0.7091346153846154 0.8701923076923077 0.038461538461538464 0.25961538461538464
0 0.4699519230769231 0.8112980769230769 0.0889423076923077 0.37740384615384615
0 0.36899038461538464 0.7980769230769231 0.04326923076923077 0.1971153846153846
0 0.5072115384615384 0.8449519230769231 0.057692307692307696 0.31009615384615385
0 0.8810096153846154 0.8473557692307693 0.052884615384615384 0.3016826923076923
0 0.037259615384615384 0.8088942307692307 0.020432692307692308 0.06370192307692307