0 0.5949519230769231 0.19591346153846154 0.04326923076923077 0.12139423076923077
0 0.2860576923076923 0.20072115384615385 0.025240384615384616 0.07211538461538461
0 0.9567307692307693 0.203125 0.04567307692307692 0.1658653846153846
0 0.3112980769230769 0.20793269230769232 0.025240384615384616 0.10216346153846154
0 0.203125 0.2091346153846154 0.019230769230769232 0.07451923076923077
0 0.7896634615384616 0.21153846153846154 0.026442307692307692 0.055288461538461536
0 0.4387019230769231 0.2127403846153846 0.021634615384615384 0.06009615384615385
0 0.20072115384615385 0.2127403846153846 0.040865384615384616 0.19591346153846154
0 0.9302884615384616 0.21514423076923078 0.039663461538461536 0.15625
0 0.9699519230769231 0.21514423076923078 0.04447115384615385 0.14903846153846154
0 0.7103365384615384 0.21634615384615385 0.04447115384615385 0.08774038461538461
0 0.040865384615384616 0.21754807692307693 0.04447115384615385 0.203125
0 0.7487980769230769 0.22115384615384615 0.028846153846153848 0.07451923076923077
0 0.07451923076923077 0.22355769230769232 0.04447115384615385 0.17067307692307693
0 0.7776442307692307 0.2283653846153846 0.04326923076923077 0.0625
0 0.6682692307692307 0.23798076923076922 0.039663461538461536 0.11899038461538461
0 0.11177884615384616 0.2403846153846154 0.039663461538461536 0.17668269230769232
0 0.8954326923076923 0.24278846153846154 0.04567307692307692 0.19230769230769232
0 0.1466346153846154 0.2439903846153846 0.040865384615384616 0.18629807692307693
0 0.4855769230769231 0.24639423076923078 0.03365384615384615 0.10576923076923077
0 0.5144230769230769 0.25 0.036057692307692304 0.07091346153846154
0 0.9663461538461539 0.25240384615384615 0.042067307692307696 0.17668269230769232
0 0.7512019230769231 0.25721153846153844 0.026442307692307692 0.15504807692307693
0 0.41225961538461536 0.25961538461538464 0.042067307692307696 0.20552884615384615
0 0.5721153846153846 0.25961538461538464 0.025240384615384616 0.06850961538461539
0 0.25240384615384615 0.2608173076923077 0.03125 0.18389423076923078
0 0.11778846153846154 0.2620192307692308 0.056490384615384616 0.20793269230769232
0 0.17427884615384615 0.2644230769230769 0.04326923076923077 0.18028846153846154
0 0.46875 0.265625 0.039663461538461536 0.10216346153846154
0 0.8112980769230769 0.2668269230769231 0.025240384615384616 0.18629807692307693
0 0.040865384615384616 0.26802884615384615 0.0733173076923077 0.1875
0 0.21754807692307693 0.27163461538461536 0.051682692307692304 0.1971153846153846
0 0.3425480769230769 0.27524038461538464 0.054086538461538464 0.21754807692307693
0 0.8882211538461539 0.2764423076923077 0.04807692307692308 0.1935096153846154
0 0.8197115384615384 0.2776442307692308 0.028846153846153848 0.16826923076923078
0 0.8449519230769231 0.28125 0.04927884615384615 0.1935096153846154
0 0.2668269230769231 0.2824519230769231 0.03485576923076923 0.1814903846153846
0 0.7355769230769231 0.28725961538461536 0.03365384615384615 0.19230769230769232
0 0.43509615384615385 0.29086538461538464 0.037259615384615384 0.1814903846153846
0 0.7752403846153846 0.3004807692307692 0.04447115384615385 0.1778846153846154
0 0.3004807692307692 0.30528846153846156 0.057692307692307696 0.21875
0 0.6286057692307693 0.3161057692307692 0.04567307692307692 0.2091346153846154
0 0.7283653846153846 0.31850961538461536 0.04447115384615385 0.20793269230769232
0 0.515625 0.34134615384615385 0.055288461538461536 0.2091346153846154
0 0.36899038461538464 0.34975961538461536 0.04927884615384615 0.2091346153846154
0 0.47475961538461536 0.359375 0.08653846153846154 0.2091346153846154
0 0.5877403846153846 0.36538461538461536 0.04807692307692308 0.2403846153846154
0 0.7019230769230769 0.38341346153846156 0.06370192307692307 0.25841346153846156
0 0.6177884615384616 0.38822115384615385 0.07091346153846154 0.23317307692307693
0 0.7908653846153846 0.390625 0.054086538461538464 0.22115384615384615
0 0.10336538461538461 0.4026442307692308 0.04447115384615385 0.11177884615384616
0 0.10096153846153846 0.5228365384615384 0.08052884615384616 0.25841346153846156
0 0.13822115384615385 0.5396634615384616 0.11298076923076923 0.28365384615384615
0 0.6189903846153846 0.5516826923076923 0.09735576923076923 0.19591346153846154
0 0.7764423076923077 0.5540865384615384 0.18269230769230768 0.3173076923076923
0 0.5216346153846154 0.609375 0.078125 0.3112980769230769
0 0.6153846153846154 0.6225961538461539 0.078125 0.125
0 0.421875 0.6502403846153846 0.10096153846153846 0.3449519230769231
0 0.5036057692307693 0.06610576923076923 0.026442307692307692 0.09375
0 0.6129807692307693 0.7199519230769231 0.11057692307692307 0.1875
0 0.4879807692307692 0.75 0.08052884615384616 0.25600961538461536
0 0.019230769230769232 0.7800480769230769 0.038461538461538464 0.11298076923076923
0 0.4987980769230769 0.8473557692307693 0.09975961538461539 0.3016826923076923
0 0.6334134615384616 0.8569711538461539 0.09975961538461539 0.28125
0 0.7740384615384616 0.8653846153846154 0.12620192307692307 0.2644230769230769
0 0.04447115384615385 0.8810096153846154 0.0889423076923077 0.234375
0 0.9555288461538461 0.9230769230769231 0.08653846153846154 0.1502403846153846
0 0.0673076923076923 0.11057692307692307 0.02403846153846154 0.07211538461538461
0 0.1310096153846154 0.11177884615384616 0.040865384615384616 0.14423076923076922
0 0.039663461538461536 0.11298076923076923 0.03365384615384615 0.07091346153846154
0 0.2620192307692308 0.11778846153846154 0.03125 0.11778846153846154
0 0.21394230769230768 0.12139423076923077 0.026442307692307692 0.05889423076923077
0 0.019230769230769232 0.12620192307692307 0.026442307692307692 0.056490384615384616
0 0.23918269230769232 0.12620192307692307 0.03485576923076923 0.09254807692307693
0 0.484375 0.12860576923076922 0.03365384615384615 0.06490384615384616
0 0.8016826923076923 0.12860576923076922 0.036057692307692304 0.07091346153846154
0 0.4387019230769231 0.12980769230769232 0.016826923076923076 0.03365384615384615
0 0.9182692307692307 0.13221153846153846 0.014423076923076924 0.037259615384615384
0 0.2800480769230769 0.13701923076923078 0.03485576923076923 0.07091346153846154
0 0.7475961538461539 0.13942307692307693 0.042067307692307696 0.08653846153846154
0 0.4266826923076923 0.14182692307692307 0.018028846153846152 0.040865384615384616
0 0.5841346153846154 0.14423076923076922 0.046875 0.140625
0 0.2824519230769231 0.15264423076923078 0.02403846153846154 0.05048076923076923
0 0.8521634615384616 0.15264423076923078 0.036057692307692304 0.09375
0 0.16947115384615385 0.15384615384615385 0.03485576923076923 0.09254807692307693
0 0.5168269230769231 0.15985576923076922 0.037259615384615384 0.1466346153846154
0 0.2512019230769231 0.16466346153846154 0.028846153846153848 0.05048076923076923
0 0.7872596153846154 0.16706730769230768 0.027644230769230768 0.056490384615384616
0 0.36658653846153844 0.16826923076923078 0.039663461538461536 0.09014423076923077
0 0.2980769230769231 0.16947115384615385 0.03125 0.06850961538461539
0 0.8341346153846154 0.17067307692307693 0.025240384615384616 0.04927884615384615
0 0.3545673076923077 0.171875 0.014423076923076924 0.055288461538461536
0 0.22716346153846154 0.17427884615384615 0.026442307692307692 0.078125
0 0.49278846153846156 0.1778846153846154 0.04326923076923077 0.14423076923076922
0 0.8016826923076923 0.18028846153846154 0.04326923076923077 0.078125
0 0.4387019230769231 0.18509615384615385 0.03365384615384615 0.09254807692307693
0 0.9819711538461539 0.18509615384615385 0.03245192307692308 0.17067307692307693
0 0.09254807692307693 0.18870192307692307 0.037259615384615384 0.1778846153846154
0 0.47716346153846156 0.19110576923076922 0.030048076923076924 0.06009615384615385
0 0.4543269230769231 0.19230769230769232 0.03125 0.08653846153846154
0 0.7728365384615384 0.19230769230769232 0.018028846153846152 0.03125
0 0.01201923076923077 0.1935096153846154 0.02403846153846154 0.16466346153846154