0 0.7860576923076923 0.8473557692307693 0.030048076923076924 0.11538461538461539
0 0.78125 0.8425480769230769 0.021634615384615384 0.11298076923076923
0 0.671875 0.7271634615384616 0.016826923076923076 0.07692307692307693
0 0.8004807692307693 0.6586538461538461 0.027644230769230768 0.03485576923076923
0 0.7740384615384616 0.7776442307692307 0.01201923076923077 0.052884615384615384
0 0.78125 0.7716346153846154 0.018028846153846152 0.0625
0 0.7860576923076923 0.7716346153846154 0.018028846153846152 0.0625
0 0.640625 0.6778846153846154 0.009615384615384616 0.051682692307692304
0 0.6141826923076923 0.6490384615384616 0.010817307692307692 0.06009615384615385
0 0.5456730769230769 0.7668269230769231 0.013221153846153846 0.08774038461538461
0 0.5360576923076923 0.7668269230769231 0.014423076923076924 0.08413461538461539
0 0.5240384615384616 0.7644230769230769 0.018028846153846152 0.0829326923076923
0 0.30528846153846156 0.8605769230769231 0.021634615384615384 0.10576923076923077
0 0.2247596153846154 0.8016826923076923 0.019230769230769232 0.09014423076923077
0 0.21033653846153846 0.8161057692307693 0.021634615384615384 0.10336538461538461
0 0.19591346153846154 0.8677884615384616 0.020432692307692308 0.08413461538461539
0 0.17908653846153846 0.8497596153846154 0.02403846153846154 0.11298076923076923
0 0.18629807692307693 0.8100961538461539 0.013221153846153846 0.051682692307692304
0 0.17427884615384615 0.7956730769230769 0.019230769230769232 0.06850961538461539
0 0.14903846153846154 0.8100961538461539 0.014423076923076924 0.028846153846153848