0 0.09375 0.9050480769230769 0.12259615384615384 0.18870192307692307
0 0.21634615384615385 0.7235576923076923 0.16346153846153846 0.5528846153846154
0 0.2608173076923077 0.6983173076923077 0.12379807692307693 0.6033653846153846
0 0.28966346153846156 0.8930288461538461 0.09254807692307693 0.21394230769230768
0 0.4735576923076923 0.6682692307692307 0.21514423076923078 0.6622596153846154
0 0.5504807692307693 0.9086538461538461 0.17908653846153846 0.18269230769230768
0 0.703125 0.9110576923076923 0.125 0.1778846153846154
0 0.8377403846153846 0.9302884615384616 0.14302884615384615 0.13942307692307693
0 0.9663461538461539 0.8870192307692307 0.06610576923076923 0.22596153846153846
0 0.8798076923076923 0.7740384615384616 0.08533653846153846 0.18509615384615385
0 0.8930288461538461 0.8966346153846154 0.021634615384615384 0.13341346153846154
0 0.9411057692307693 0.8701923076923077 0.037259615384615384 0.1502403846153846
0 0.9338942307692307 0.8521634615384616 0.018028846153846152 0.11658653846153846
0 0.7247596153846154 0.7211538461538461 0.054086538461538464 0.2608173076923077
0 0.65625 0.8461538461538461 0.028846153846153848 0.12980769230769232