0 0.3942307692307692 0.15865384615384615 0.078125 0.1310096153846154
0 0.8197115384615384 0.2127403846153846 0.13221153846153846 0.3112980769230769
0 0.5492788461538461 0.22235576923076922 0.07211538461538461 0.07932692307692307
0 0.6237980769230769 0.27524038461538464 0.06370192307692307 0.16105769230769232
0 0.47596153846153844 0.29447115384615385 0.06971153846153846 0.11899038461538461
0 0.40865384615384615 0.296875 0.07932692307692307 0.12620192307692307
0 0.27524038461538464 0.3161057692307692 0.1875 0.4387019230769231
0 0.5456730769230769 0.31850961538461536 0.09014423076923077 0.140625
0 0.6911057692307693 0.32091346153846156 0.0985576923076923 0.17668269230769232
0 0.06610576923076923 0.32572115384615385 0.09375 0.2283653846153846
0 0.1971153846153846 0.38461538461538464 0.19831730769230768 0.33774038461538464
0 0.9495192307692307 0.4266826923076923 0.10096153846153846 0.3798076923076923
0 0.6598557692307693 0.5817307692307693 0.10817307692307693 0.3557692307692308
0 0.5300480769230769 0.5913461538461539 0.16105769230769232 0.4098557692307692
0 0.171875 0.5997596153846154 0.13221153846153846 0.328125
0 0.7992788461538461 0.6237980769230769 0.4014423076923077 0.7475961538461539
0 0.3137019230769231 0.65625 0.4831730769230769 0.6875
0 0.5336538461538461 0.6911057692307693 0.18870192307692307 0.6105769230769231
0 0.07091346153846154 0.7319711538461539 0.14182692307692307 0.5360576923076923