0 0.20793269230769232 0.28846153846153844 0.06129807692307692 0.171875
0 0.5721153846153846 0.30288461538461536 0.09975961538461539 0.11778846153846154
0 0.15504807692307693 0.3425480769230769 0.10336538461538461 0.2512019230769231
0 0.4483173076923077 0.39663461538461536 0.046875 0.12139423076923077
0 0.9447115384615384 0.41586538461538464 0.11057692307692307 0.203125
0 0.4855769230769231 0.5216346153846154 0.1502403846153846 0.4254807692307692
0 0.16706730769230768 0.6105769230769231 0.31850961538461536 0.7704326923076923
0 0.8846153846153846 0.6346153846153846 0.22355769230769232 0.7295673076923077
0 0.7175480769230769 0.6370192307692307 0.16105769230769232 0.7175480769230769
0 0.41225961538461536 0.6454326923076923 0.24879807692307693 0.703125
0 0.6045673076923077 0.6622596153846154 0.19831730769230768 0.6598557692307693