0 0.7319711538461539 0.35336538461538464 0.04447115384615385 0.22956730769230768
0 0.8533653846153846 0.6213942307692307 0.1310096153846154 0.43990384615384615
0 0.9447115384615384 0.41225961538461536 0.0985576923076923 0.38822115384615385
0 0.8293269230769231 0.41586538461538464 0.0985576923076923 0.34134615384615385
0 0.609375 0.47716346153846156 0.078125 0.5612980769230769
0 0.6670673076923077 0.4026442307692308 0.0985576923076923 0.27163461538461536
0 0.484375 0.5 0.20793269230769232 1
0 0.22956730769230768 0.5853365384615384 0.171875 0.6334134615384616
0 0.054086538461538464 0.5012019230769231 0.08653846153846154 0.4483173076923077
0 0.3605769230769231 0.3293269230769231 0.03485576923076923 0.1622596153846154
0 0.17307692307692307 0.3245192307692308 0.028846153846153848 0.1346153846153846
0 0.12259615384615384 0.328125 0.030048076923076924 0.13341346153846154
0 0.09014423076923077 0.3545673076923077 0.03125 0.19831730769230768
0 0.2548076923076923 0.29447115384615385 0.025240384615384616 0.06610576923076923
0 0.328125 0.30288461538461536 0.02283653846153846 0.12860576923076922
0 0.29927884615384615 0.33653846153846156 0.02403846153846154 0.12620192307692307