0 0.05048076923076923 0.6382211538461539 0.08653846153846154 0.5709134615384616
0 0.0829326923076923 0.6754807692307693 0.08173076923076923 0.48677884615384615
0 0.140625 0.7211538461538461 0.17067307692307693 0.5576923076923077
0 0.2403846153846154 0.5625 0.06610576923076923 0.41586538461538464
0 0.26322115384615385 0.7235576923076923 0.13701923076923078 0.5480769230769231
0 0.4411057692307692 0.4411057692307692 0.051682692307692304 0.0673076923076923
0 0.421875 0.7247596153846154 0.19591346153846154 0.5504807692307693
0 0.46875 0.7235576923076923 0.1971153846153846 0.5516826923076923
0 0.6141826923076923 0.6899038461538461 0.11057692307692307 0.6069711538461539
0 0.6875 0.6814903846153846 0.11778846153846154 0.6009615384615384
0 0.7271634615384616 0.6286057692307693 0.0673076923076923 0.5180288461538461
0 0.859375 0.6598557692307693 0.10817307692307693 0.5745192307692307
0 0.8882211538461539 0.6862980769230769 0.0733173076923077 0.5588942307692307
0 0.9194711538461539 0.6923076923076923 0.11899038461538461 0.6153846153846154
0 0.9375 0.6899038461538461 0.06610576923076923 0.6057692307692307