0 0.2247596153846154 0.7944711538461539 0.21875 0.4098557692307692
0 0.515625 0.7223557692307693 0.17067307692307693 0.4254807692307692
0 0.609375 0.6141826923076923 0.09375 0.2548076923076923
0 0.6177884615384616 0.5985576923076923 0.08173076923076923 0.2247596153846154
0 0.6129807692307693 0.5144230769230769 0.03365384615384615 0.07451923076923077
0 0.5216346153846154 0.6887019230769231 0.14783653846153846 0.2536057692307692
0 0.4543269230769231 0.6454326923076923 0.09134615384615384 0.30649038461538464
0 0.3870192307692308 0.5973557692307693 0.07692307692307693 0.21995192307692307
0 0.2283653846153846 0.6045673076923077 0.09134615384615384 0.22115384615384615
0 0.15865384615384615 0.5961538461538461 0.078125 0.23677884615384615
0 0.12139423076923077 0.6418269230769231 0.08173076923076923 0.2980769230769231