0 0.13341346153846154 0.609375 0.014423076923076924 0.021634615384615384
0 0.15504807692307693 0.6057692307692307 0.016826923076923076 0.020432692307692308
0 0.18269230769230768 0.6081730769230769 0.01201923076923077 0.01201923076923077
0 0.18870192307692307 0.6129807692307693 0.014423076923076924 0.021634615384615384
0 0.20072115384615385 0.6117788461538461 0.014423076923076924 0.020432692307692308
0 0.23076923076923078 0.6033653846153846 0.010817307692307692 0.019230769230769232
0 0.3004807692307692 0.6021634615384616 0.014423076923076924 0.02283653846153846
0 0.3137019230769231 0.6009615384615384 0.01201923076923077 0.021634615384615384
0 0.3245192307692308 0.6021634615384616 0.014423076923076924 0.021634615384615384
0 0.34975961538461536 0.6009615384615384 0.01201923076923077 0.02283653846153846
0 0.10216346153846154 0.6430288461538461 0.014423076923076924 0.02403846153846154
0 0.07692307692307693 0.6478365384615384 0.015625 0.021634615384615384
0 0.04447115384615385 0.6814903846153846 0.03365384615384615 0.06129807692307692
0 0.046875 0.6887019230769231 0.042067307692307696 0.0733173076923077
0 0.08413461538461539 0.671875 0.020432692307692308 0.04326923076923077
0 0.11778846153846154 0.6935096153846154 0.055288461538461536 0.08173076923076923
0 0.23798076923076922 0.6802884615384616 0.025240384615384616 0.052884615384615384
0 0.25961538461538464 0.6622596153846154 0.030048076923076924 0.036057692307692304
0 0.23798076923076922 0.65625 0.020432692307692308 0.02403846153846154
0 0.2608173076923077 0.7235576923076923 0.09014423076923077 0.13942307692307693
0 0.3701923076923077 0.6274038461538461 0.020432692307692308 0.016826923076923076
0 0.39302884615384615 0.6310096153846154 0.014423076923076924 0.020432692307692308
0 0.38221153846153844 0.6298076923076923 0.01201923076923077 0.02283653846153846
0 0.38822115384615385 0.6057692307692307 0.019230769230769232 0.02403846153846154
0 0.3954326923076923 0.6117788461538461 0.019230769230769232 0.014423076923076924
0 0.4098557692307692 0.6009615384615384 0.010817307692307692 0.02283653846153846
0 0.4182692307692308 0.6009615384615384 0.010817307692307692 0.021634615384615384
0 0.45072115384615385 0.5997596153846154 0.010817307692307692 0.020432692307692308
0 0.453125 0.6081730769230769 0.015625 0.015625
0 0.49399038461538464 0.6021634615384616 0.01201923076923077 0.020432692307692308
0 0.5012019230769231 0.6033653846153846 0.014423076923076924 0.020432692307692308
0 0.5216346153846154 0.6021634615384616 0.010817307692307692 0.019230769230769232
0 0.5348557692307693 0.5997596153846154 0.01201923076923077 0.02403846153846154
0 0.546875 0.6009615384615384 0.014423076923076924 0.021634615384615384
0 0.6610576923076923 0.6213942307692307 0.015625 0.026442307692307692
0 0.6766826923076923 0.6177884615384616 0.015625 0.01201923076923077
0 0.6778846153846154 0.6021634615384616 0.01201923076923077 0.021634615384615384
0 0.6899038461538461 0.5997596153846154 0.014423076923076924 0.026442307692307692
0 0.6995192307692307 0.6009615384615384 0.010817307692307692 0.02403846153846154
0 0.7115384615384616 0.6009615384615384 0.015625 0.02283653846153846
0 0.71875 0.6021634615384616 0.014423076923076924 0.025240384615384616
0 0.8701923076923077 0.6237980769230769 0.019230769230769232 0.027644230769230768
0 0.8509615384615384 0.6237980769230769 0.014423076923076924 0.027644230769230768
0 0.8870192307692307 0.609375 0.010817307692307692 0.02403846153846154
0 0.8762019230769231 0.609375 0.014423076923076924 0.02283653846153846
0 0.8473557692307693 0.6117788461538461 0.01201923076923077 0.020432692307692308
0 0.8798076923076923 0.6622596153846154 0.03125 0.037259615384615384
0 0.8629807692307693 0.6838942307692307 0.036057692307692304 0.08173076923076923
0 0.9747596153846154 0.7163461538461539 0.05048076923076923 0.16346153846153846
0 0.9158653846153846 0.7223557692307693 0.06129807692307692 0.17067307692307693
0 0.9158653846153846 0.7199519230769231 0.07692307692307693 0.15144230769230768
0 0.8221153846153846 0.7139423076923077 0.06129807692307692 0.17668269230769232
0 0.7403846153846154 0.78125 0.20072115384615385 0.3605769230769231
0 0.3269230769230769 0.7848557692307693 0.19110576923076922 0.32211538461538464
0 0.43028846153846156 0.765625 0.11778846153846154 0.30288461538461536
0 0.5420673076923077 0.7908653846153846 0.24879807692307693 0.3713942307692308
0 0.6201923076923077 0.7860576923076923 0.09975961538461539 0.2764423076923077
0 0.6322115384615384 0.5997596153846154 0.010817307692307692 0.020432692307692308
0 0.6274038461538461 0.6033653846153846 0.010817307692307692 0.021634615384615384
0 0.6466346153846154 0.6045673076923077 0.009615384615384616 0.021634615384615384
0 0.65625 0.6033653846153846 0.01201923076923077 0.021634615384615384
0 0.6610576923076923 0.6045673076923077 0.009615384615384616 0.020432692307692308
0 0.5576923076923077 0.6021634615384616 0.008413461538461538 0.01201923076923077
0 0.47716346153846156 0.6201923076923077 0.010817307692307692 0.020432692307692308
0 0.4651442307692308 0.6189903846153846 0.009615384615384616 0.020432692307692308
0 0.1971153846153846 0.6971153846153846 0.028846153846153848 0.0829326923076923
0 0.16346153846153846 0.6826923076923077 0.028846153846153848 0.06129807692307692