0 0.6646634615384616 0.7235576923076923 0.09014423076923077 0.18870192307692307
0 0.609375 0.7247596153846154 0.1310096153846154 0.21514423076923078
0 0.5036057692307693 0.6694711538461539 0.04567307692307692 0.06610576923076923
0 0.4807692307692308 0.6622596153846154 0.030048076923076924 0.06129807692307692
0 0.44591346153846156 0.640625 0.039663461538461536 0.042067307692307696
0 0.45072115384615385 0.6382211538461539 0.030048076923076924 0.04447115384615385
0 0.38100961538461536 0.6322115384615384 0.026442307692307692 0.027644230769230768
0 0.36778846153846156 0.6310096153846154 0.03365384615384615 0.021634615384615384
0 0.3641826923076923 0.6995192307692307 0.07692307692307693 0.1346153846153846
0 0.3425480769230769 0.7620192307692307 0.06850961538461539 0.1141826923076923
0 0.4338942307692308 0.7247596153846154 0.08653846153846154 0.17427884615384615
0 0.12379807692307693 0.6778846153846154 0.10096153846153846 0.08653846153846154
0 0.11899038461538461 0.78125 0.14423076923076922 0.2704326923076923
0 0.40024038461538464 0.6790865384615384 0.039663461538461536 0.0985576923076923