0 0.8798076923076923 0.43509615384615385 0.21033653846153846 0.3245192307692308
0 0.6225961538461539 0.3545673076923077 0.15865384615384615 0.2091346153846154
0 0.27884615384615385 0.39302884615384615 0.25721153846153844 0.5997596153846154
0 0.08052884615384616 0.3329326923076923 0.16105769230769232 0.33413461538461536
0 0.17427884615384615 0.2800480769230769 0.019230769230769232 0.037259615384615384
0 0.390625 0.28966346153846156 0.040865384615384616 0.08653846153846154
0 0.4579326923076923 0.3076923076923077 0.02283653846153846 0.039663461538461536
0 0.5180288461538461 0.296875 0.056490384615384616 0.09134615384615384
0 0.5456730769230769 0.2932692307692308 0.030048076923076924 0.0985576923076923
0 0.6177884615384616 0.2932692307692308 0.015625 0.04326923076923077
0 0.640625 0.2980769230769231 0.04447115384615385 0.10216346153846154
0 0.6911057692307693 0.3125 0.015625 0.07572115384615384
0 0.6634615384615384 0.28966346153846156 0.01201923076923077 0.025240384615384616
0 0.7163461538461539 0.296875 0.021634615384615384 0.052884615384615384
0 0.7283653846153846 0.3076923076923077 0.03365384615384615 0.09134615384615384
0 0.7451923076923077 0.3293269230769231 0.036057692307692304 0.056490384615384616
0 0.765625 0.3449519230769231 0.03245192307692308 0.03125
0 0.7560096153846154 0.3076923076923077 0.03365384615384615 0.06129807692307692
0 0.7836538461538461 0.32572115384615385 0.02283653846153846 0.06971153846153846
0 0.7980769230769231 0.32211538461538464 0.03365384615384615 0.08052884615384616
0 0.8233173076923077 0.34375 0.028846153846153848 0.056490384615384616
0 0.7079326923076923 0.3317307692307692 0.037259615384615384 0.04326923076923077
0 0.6766826923076923 0.2956730769230769 0.037259615384615384 0.109375