0 0.8076923076923077 0.8185096153846154 0.0733173076923077 0.3137019230769231
0 0.7415865384615384 0.7932692307692307 0.04447115384615385 0.2848557692307692
0 0.7271634615384616 0.7800480769230769 0.03485576923076923 0.2439903846153846
0 0.7668269230769231 0.7824519230769231 0.038461538461538464 0.23798076923076922
0 0.8870192307692307 0.6634615384615384 0.051682692307692304 0.1935096153846154
0 0.9507211538461539 0.6826923076923077 0.040865384615384616 0.17668269230769232
0 0.9723557692307693 0.6370192307692307 0.04567307692307692 0.16947115384615385
0 0.8822115384615384 0.5805288461538461 0.03365384615384615 0.07211538461538461
0 0.8461538461538461 0.6213942307692307 0.039663461538461536 0.15745192307692307
0 0.8149038461538461 0.6021634615384616 0.03485576923076923 0.14903846153846154
0 0.7980769230769231 0.6117788461538461 0.028846153846153848 0.14903846153846154
0 0.7451923076923077 0.5420673076923077 0.02283653846153846 0.08774038461538461
0 0.7548076923076923 0.53125 0.016826923076923076 0.09134615384615384
0 0.7692307692307693 0.5276442307692307 0.020432692307692308 0.0889423076923077
0 0.7920673076923077 0.5420673076923077 0.018028846153846152 0.06850961538461539
0 0.7668269230769231 0.6382211538461539 0.02283653846153846 0.07932692307692307
0 0.6935096153846154 0.5240384615384616 0.016826923076923076 0.078125
0 0.7067307692307693 0.5228365384615384 0.014423076923076924 0.07091346153846154
0 0.7175480769230769 0.5192307692307693 0.014423076923076924 0.06490384615384616
0 0.7512019230769231 0.4891826923076923 0.010817307692307692 0.046875
0 0.7439903846153846 0.4891826923076923 0.009615384615384616 0.051682692307692304
0 0.7704326923076923 0.48197115384615385 0.015625 0.038461538461538464
0 0.2920673076923077 0.5961538461538461 0.027644230769230768 0.13221153846153846
0 0.2403846153846154 0.546875 0.019230769230769232 0.08173076923076923
0 0.22115384615384615 0.53125 0.018028846153846152 0.0889423076923077
0 0.21153846153846154 0.5264423076923077 0.020432692307692308 0.09254807692307693
0 0.14543269230769232 0.6045673076923077 0.04326923076923077 0.13341346153846154
0 0.13822115384615385 0.5637019230769231 0.02403846153846154 0.12139423076923077
0 0.1045673076923077 0.5516826923076923 0.028846153846153848 0.11899038461538461
0 0.07572115384615384 0.5757211538461539 0.027644230769230768 0.12139423076923077
0 0.04326923076923077 0.6045673076923077 0.028846153846153848 0.14182692307692307
0 0.021634615384615384 0.6153846153846154 0.036057692307692304 0.16706730769230768
0 0.17307692307692307 0.546875 0.020432692307692308 0.09134615384615384
0 0.2764423076923077 0.5228365384615384 0.01201923076923077 0.078125
0 0.29447115384615385 0.5192307692307693 0.018028846153846152 0.07572115384615384
0 0.3173076923076923 0.5024038461538461 0.009615384615384616 0.051682692307692304
0 0.3245192307692308 0.4987980769230769 0.008413461538461538 0.046875
0 0.3425480769230769 0.5180288461538461 0.010817307692307692 0.054086538461538464
0 0.3401442307692308 0.49399038461538464 0.009615384615384616 0.05048076923076923
0 0.35096153846153844 0.4891826923076923 0.010817307692307692 0.030048076923076924
0 0.3641826923076923 0.4879807692307692 0.009615384615384616 0.054086538461538464
0 0.38100961538461536 0.5024038461538461 0.010817307692307692 0.051682692307692304
0 0.390625 0.49038461538461536 0.01201923076923077 0.04807692307692308
0 0.7331730769230769 0.49399038461538464 0.009615384615384616 0.055288461538461536
0 0.7271634615384616 0.48677884615384615 0.008413461538461538 0.04807692307692308
0 0.7175480769230769 0.48197115384615385 0.008413461538461538 0.04326923076923077
0 0.7091346153846154 0.4831730769230769 0.007211538461538462 0.037259615384615384
0 0.6887019230769231 0.47596153846153844 0.007211538461538462 0.037259615384615384
0 0.6814903846153846 0.4951923076923077 0.008413461538461538 0.046875
0 0.09134615384615384 0.5360576923076923 0.02283653846153846 0.07572115384615384
0 0.008413461538461538 0.578125 0.016826923076923076 0.18990384615384615
0 0.021634615384615384 0.5276442307692307 0.027644230769230768 0.05889423076923077
0 0.04807692307692308 0.5516826923076923 0.020432692307692308 0.054086538461538464
0 0.057692307692307696 0.5516826923076923 0.015625 0.06370192307692307
0 0.1971153846153846 0.5324519230769231 0.02283653846153846 0.07572115384615384
0 0.4495192307692308 0.47836538461538464 0.007211538461538462 0.04326923076923077
0 0.4362980769230769 0.4723557692307692 0.006009615384615385 0.037259615384615384
0 0.421875 0.4855769230769231 0.008413461538461538 0.038461538461538464
0 0.6334134615384616 0.4519230769230769 0.006009615384615385 0.026442307692307692
0 0.8629807692307693 0.5408653846153846 0.021634615384615384 0.08173076923076923
0 0.19110576923076922 0.5600961538461539 0.018028846153846152 0.06129807692307692
0 0.40024038461538464 0.4891826923076923 0.008413461538461538 0.04807692307692308
0 0.4423076923076923 0.47475961538461536 0.004807692307692308 0.03125
0 0.3737980769230769 0.49038461538461536 0.008413461538461538 0.04447115384615385
0 0.38221153846153844 0.47716346153846156 0.008413461538461538 0.030048076923076924