0 0.054086538461538464 0.859375 0.04807692307692308 0.23798076923076922
0 0.08653846153846154 0.8954326923076923 0.109375 0.2091346153846154
0 0.07572115384615384 0.7644230769230769 0.028846153846153848 0.055288461538461536
0 0.171875 0.8894230769230769 0.0829326923076923 0.21995192307692307
0 0.17307692307692307 0.7596153846153846 0.03245192307692308 0.08173076923076923
0 0.20432692307692307 0.7115384615384616 0.009615384615384616 0.040865384615384616
0 0.2127403846153846 0.7067307692307693 0.007211538461538462 0.014423076923076924
0 0.21033653846153846 0.7908653846153846 0.027644230769230768 0.1622596153846154
0 0.23197115384615385 0.7379807692307693 0.028846153846153848 0.056490384615384616
0 0.23076923076923078 0.8088942307692307 0.027644230769230768 0.13581730769230768
0 0.24879807692307693 0.8329326923076923 0.04567307692307692 0.19110576923076922
0 0.2548076923076923 0.7295673076923077 0.025240384615384616 0.038461538461538464
0 0.2800480769230769 0.796875 0.038461538461538464 0.1658653846153846
0 0.25721153846153844 0.7043269230769231 0.02283653846153846 0.046875
0 0.28846153846153844 0.7127403846153846 0.015625 0.054086538461538464
0 0.3401442307692308 0.6862980769230769 0.010817307692307692 0.018028846153846152
0 0.3016826923076923 0.7259615384615384 0.015625 0.06129807692307692
0 0.31490384615384615 0.7067307692307693 0.007211538461538462 0.015625
0 0.3329326923076923 0.6983173076923077 0.01201923076923077 0.028846153846153848
0 0.3473557692307692 0.7043269230769231 0.01201923076923077 0.026442307692307692
0 0.30649038461538464 0.8894230769230769 0.06971153846153846 0.22115384615384615
0 0.37259615384615385 0.8293269230769231 0.08533653846153846 0.13581730769230768
0 0.35697115384615385 0.7367788461538461 0.02403846153846154 0.04927884615384615
0 0.37740384615384615 0.7776442307692307 0.03485576923076923 0.08413461538461539
0 0.3701923076923077 0.7259615384615384 0.026442307692307692 0.055288461538461536
0 0.4074519230769231 0.7067307692307693 0.014423076923076924 0.03125
0 0.4423076923076923 0.7163461538461539 0.020432692307692308 0.046875
0 0.41947115384615385 0.7848557692307693 0.051682692307692304 0.1346153846153846
0 0.4098557692307692 0.8930288461538461 0.078125 0.2127403846153846
0 0.4651442307692308 0.875 0.056490384615384616 0.24879807692307693
0 0.5144230769230769 0.8665865384615384 0.04807692307692308 0.2668269230769231
0 0.5504807692307693 0.8882211538461539 0.0733173076923077 0.22115384615384615
0 0.38341346153846156 0.7055288461538461 0.019230769230769232 0.027644230769230768
0 0.3557692307692308 0.6730769230769231 0.008413461538461538 0.021634615384615384
0 0.4579326923076923 0.7127403846153846 0.013221153846153846 0.03245192307692308
0 0.47596153846153844 0.7127403846153846 0.014423076923076924 0.03365384615384615
0 0.49038461538461536 0.7127403846153846 0.015625 0.037259615384615384
0 0.4795673076923077 0.7271634615384616 0.01201923076923077 0.026442307692307692
0 0.44591346153846156 0.7884615384615384 0.030048076923076924 0.14182692307692307
0 0.4254807692307692 0.7223557692307693 0.018028846153846152 0.039663461538461536
0 0.41947115384615385 0.7019230769230769 0.015625 0.036057692307692304
0 0.5408653846153846 0.7355769230769231 0.03245192307692308 0.09134615384615384
0 0.5829326923076923 0.8413461538461539 0.046875 0.21634615384615385
0 0.5841346153846154 0.7199519230769231 0.03245192307692308 0.051682692307692304
0 0.6021634615384616 0.7632211538461539 0.028846153846153848 0.10576923076923077
0 0.6141826923076923 0.8822115384615384 0.055288461538461536 0.23557692307692307
0 0.6418269230769231 0.8894230769230769 0.10216346153846154 0.22115384615384615
0 0.6622596153846154 0.8185096153846154 0.06129807692307692 0.13581730769230768
0 0.7223557692307693 0.8713942307692307 0.08653846153846154 0.25600961538461536
0 0.984375 0.8052884615384616 0.03125 0.17427884615384615
0 0.9483173076923077 0.8257211538461539 0.038461538461538464 0.22115384615384615
0 0.9134615384615384 0.8677884615384616 0.04807692307692308 0.26322115384615385
0 0.9122596153846154 0.7716346153846154 0.052884615384615384 0.12259615384615384
0 0.8557692307692307 0.8701923076923077 0.057692307692307696 0.25961538461538464
0 0.8677884615384616 0.7776442307692307 0.036057692307692304 0.1466346153846154
0 0.8028846153846154 0.8365384615384616 0.039663461538461536 0.19230769230769232
0 0.7680288461538461 0.8185096153846154 0.04447115384615385 0.22115384615384615
0 0.7451923076923077 0.7728365384615384 0.03125 0.15865384615384615
0 0.8100961538461539 0.8064903846153846 0.039663461538461536 0.1778846153846154
0 0.8966346153846154 0.7403846153846154 0.018028846153846152 0.046875
0 0.9326923076923077 0.7283653846153846 0.01201923076923077 0.04447115384615385
0 0.9675480769230769 0.7283653846153846 0.01201923076923077 0.03485576923076923
0 0.9543269230769231 0.796875 0.027644230769230768 0.18389423076923078
0 0.8834134615384616 0.7415865384615384 0.021634615384615384 0.0829326923076923
0 0.49278846153846156 0.7800480769230769 0.02283653846153846 0.12379807692307693
0 0.5276442307692307 0.75 0.027644230769230768 0.06009615384615385
0 0.46875 0.7367788461538461 0.026442307692307692 0.057692307692307696
0 0.39903846153846156 0.7512019230769231 0.019230769230769232 0.037259615384615384
0 0.34975961538461536 0.7103365384615384 0.009615384615384616 0.020432692307692308
0 0.3245192307692308 0.7043269230769231 0.010817307692307692 0.019230769230769232
0 0.30528846153846156 0.6995192307692307 0.015625 0.030048076923076924
0 0.18629807692307693 0.7596153846153846 0.019230769230769232 0.0733173076923077
0 0.32091346153846156 0.734375 0.019230769230769232 0.04927884615384615
0 0.30528846153846156 0.734375 0.016826923076923076 0.03365384615384615
0 0.2800480769230769 0.71875 0.019230769230769232 0.04326923076923077