0 0.7716346153846154 0.6225961538461539 0.4567307692307692 0.7548076923076923
0 0.4338942307692308 0.8425480769230769 0.29927884615384615 0.3137019230769231
0 0.22956730769230768 0.38221153846153844 0.29447115384615385 0.7223557692307693
0 0.22956730769230768 0.5084134615384616 0.30288461538461536 0.9819711538461539
0 0.35336538461538464 0.4543269230769231 0.21033653846153846 0.5576923076923077
0 0.3557692307692308 0.4567307692307692 0.22115384615384615 0.5588942307692307
0 0.49158653846153844 0.3137019230769231 0.1346153846153846 0.5204326923076923
0 0.6057692307692307 0.42908653846153844 0.3425480769230769 0.8557692307692307
0 0.7728365384615384 0.4699519230769231 0.4519230769230769 0.8954326923076923
0 0.5901442307692307 0.4411057692307692 0.14903846153846154 0.3629807692307692
0 0.625 0.6995192307692307 0.25841346153846156 0.6009615384615384