0 0.2980769230769231 0.3389423076923077 0.018028846153846152 0.03365384615384615
0 0.23197115384615385 0.3485576923076923 0.016826923076923076 0.055288461538461536
0 0.13341346153846154 0.3605769230769231 0.027644230769230768 0.08173076923076923
0 0.31971153846153844 0.36177884615384615 0.016826923076923076 0.026442307692307692
0 0.1201923076923077 0.36778846153846156 0.016826923076923076 0.05048076923076923
0 0.25961538461538464 0.3713942307692308 0.026442307692307692 0.08052884615384616
0 0.15745192307692307 0.3737980769230769 0.015625 0.09014423076923077
0 0.38822115384615385 0.375 0.021634615384615384 0.039663461538461536
0 0.44471153846153844 0.3798076923076923 0.016826923076923076 0.028846153846153848
0 0.1658653846153846 0.3858173076923077 0.016826923076923076 0.109375
0 0.34134615384615385 0.3858173076923077 0.02283653846153846 0.038461538461538464
0 0.29927884615384615 0.3870192307692308 0.03125 0.07692307692307693
0 0.17908653846153846 0.4074519230769231 0.027644230769230768 0.15264423076923078
0 0.31850961538461536 0.4206730769230769 0.036057692307692304 0.12139423076923077
0 0.27283653846153844 0.42427884615384615 0.021634615384615384 0.18870192307692307
0 0.3954326923076923 0.4338942307692308 0.052884615384615384 0.14903846153846154
0 0.11057692307692307 0.4362980769230769 0.026442307692307692 0.17668269230769232
0 0.20673076923076922 0.44350961538461536 0.046875 0.2127403846153846
0 0.2860576923076923 0.4495192307692308 0.025240384615384616 0.2091346153846154
0 0.34134615384615385 0.453125 0.04567307692307692 0.12379807692307693
0 0.24158653846153846 0.4567307692307692 0.037259615384615384 0.23557692307692307
0 0.5360576923076923 0.4735576923076923 0.03365384615384615 0.042067307692307696
0 0.44350961538461536 0.4795673076923077 0.05048076923076923 0.20192307692307693
0 0.13341346153846154 0.4855769230769231 0.06370192307692307 0.20552884615384615
0 0.37259615384615385 0.5108173076923077 0.039663461538461536 0.29086538461538464
0 0.2848557692307692 0.5288461538461539 0.07692307692307693 0.265625
0 0.47716346153846156 0.5372596153846154 0.052884615384615384 0.33774038461538464
0 0.35096153846153844 0.5552884615384616 0.07211538461538461 0.18990384615384615
0 0.6033653846153846 0.5649038461538461 0.05889423076923077 0.22596153846153846
0 0.5132211538461539 0.5733173076923077 0.07932692307692307 0.21394230769230768
0 0.8088942307692307 0.5853365384615384 0.0625 0.1622596153846154
0 0.04927884615384615 0.5997596153846154 0.0985576923076923 0.20673076923076922
0 0.06129807692307692 0.6213942307692307 0.10576923076923077 0.2091346153846154
0 0.6394230769230769 0.6310096153846154 0.125 0.3449519230769231
0 0.71875 0.6370192307692307 0.12740384615384615 0.2548076923076923
0 0.4182692307692308 0.6442307692307693 0.08413461538461539 0.5060096153846154
0 0.8545673076923077 0.6538461538461539 0.09495192307692307 0.46153846153846156
0 0.33653846153846156 0.7151442307692307 0.15384615384615385 0.3605769230769231
0 0.5576923076923077 0.71875 0.18509615384615385 0.3449519230769231
0 0.08533653846153846 0.7331730769230769 0.17067307692307693 0.3137019230769231
0 0.7367788461538461 0.7355769230769231 0.18509615384615385 0.3173076923076923