0 0.94296875 0.8008607198748043 0.049479166666666664 0.202660406885759
0 0.9020833333333333 0.7660406885758998 0.06145833333333333 0.25508607198748046
0 0.8578125 0.7687793427230047 0.046875 0.2214397496087637
0 0.8127604166666667 0.7237871674491393 0.043229166666666666 0.18466353677621283
0 0.7463541666666667 0.7112676056338029 0.029166666666666667 0.16118935837245696
0 0.7765625 0.7085289514866979 0.021875 0.13067292644757433
0 0.721875 0.7237871674491393 0.046875 0.18622848200312989
0 0.6979166666666666 0.7570422535211268 0.04895833333333333 0.20892018779342722
0 0.0005135091145833334 0.0005547106320762342 0.000015190972222222168 0.00011388099069114749
0 0.6825520833333333 0.7053990610328639 0.028645833333333332 0.12910798122065728
0 0.65546875 0.7132237871674492 0.0390625 0.17136150234741784
0 0.63125 0.7167449139280125 0.029166666666666667 0.16118935837245696
0 0.6049479166666667 0.7163536776212832 0.0453125 0.17762128325508608
0 0.57578125 0.710093896713615 0.0296875 0.14788732394366197
0 0.5549479166666667 0.7237871674491393 0.028645833333333332 0.20657276995305165
0 0.5283854166666667 0.6639280125195618 0.03177083333333333 0.08215962441314555
0 0.49114583333333334 0.7155712050078247 0.041666666666666664 0.18231611893583724
0 0.51640625 0.7812989045383412 0.050520833333333334 0.14006259780907668
0 0.43307291666666664 0.69679186228482 0.05572916666666667 0.12284820031298904
0 0.4114583333333333 0.7108763693270735 0.04583333333333333 0.17449139280125195
0 0.42239583333333336 0.8485915492957746 0.06979166666666667 0.30125195618153366
0 0.46119791666666665 0.8305946791862285 0.059895833333333336 0.33724569640062596
0 0.3809895833333333 0.7230046948356808 0.030729166666666665 0.14553990610328638
0 0.3458333333333333 0.690923317683881 0.030208333333333334 0.14084507042253522
0 0.36354166666666665 0.6823161189358372 0.020833333333333332 0.107981220657277
0 0.3216145833333333 0.7320031298904538 0.04010416666666667 0.1697965571205008
0 0.30755208333333334 0.7222222222222222 0.03177083333333333 0.15023474178403756
0 0.27057291666666666 0.7582159624413145 0.0640625 0.21439749608763695
0 0.2635416666666667 0.6662754303599374 0.023958333333333335 0.05868544600938967
0 0.2328125 0.7140062597809077 0.03854166666666667 0.1541471048513302
0 0.20677083333333332 0.7425665101721439 0.053125 0.12832550860719874
0 0.19869791666666667 0.7476525821596244 0.05572916666666667 0.20735524256651017
0 0.17760416666666667 0.6776212832550861 0.030208333333333334 0.07668231611893583
0 0.1453125 0.7214397496087637 0.0375 0.1564945226917058
0 0.10442708333333334 0.7640845070422535 0.06822916666666666 0.23552425665101723
0 0.08098958333333334 0.6795774647887324 0.0328125 0.07746478873239436
0 0.051041666666666666 0.6744913928012519 0.023958333333333335 0.10328638497652583
0 0.037760416666666664 0.6506259780907668 0.0171875 0.05712050078247261
0 0.07161458333333333 0.6549295774647887 0.015104166666666667 0.06103286384976526
0 0.06276041666666667 0.6486697965571205 0.009895833333333333 0.056338028169014086
0 0.021875 0.7300469483568075 0.04375 0.2081377151799687
0 0.8471354166666667 0.6494522691705791 0.021354166666666667 0.03755868544600939
0 0.1640625 0.6600156494522692 0.015625 0.03834115805946792
0 0.13072916666666667 0.6517996870109546 0.016666666666666666 0.053208137715179966
0 0.09921875 0.6639280125195618 0.018229166666666668 0.0539906103286385
0 0.3028645833333333 0.6615805946791862 0.0296875 0.05712050078247261
0 0.4752604166666667 0.6541471048513302 0.015104166666666667 0.03912363067292645
0 0.5947916666666667 0.6690140845070423 0.022916666666666665 0.051643192488262914
0 0.8572916666666667 0.661189358372457 0.026041666666666668 0.06416275430359937
0 0.8322916666666667 0.6705790297339593 0.027083333333333334 0.06729264475743349
0 0.8848958333333333 0.744131455399061 0.03333333333333333 0.2081377151799687
0 0.9528645833333333 0.685054773082942 0.0265625 0.06025039123630673