0 0.48677884615384615 0.5084134615384616 0.003605769230769231 0.010817307692307692
0 0.47596153846153844 0.5132211538461539 0.006009615384615385 0.01201923076923077
0 0.49278846153846156 0.5204326923076923 0.006009615384615385 0.01201923076923077
0 0.4855769230769231 0.5216346153846154 0.006009615384615385 0.013221153846153846
0 0.5012019230769231 0.6081730769230769 0.021634615384615384 0.04927884615384615
0 0.5516826923076923 0.6081730769230769 0.010817307692307692 0.025240384615384616
0 0.5661057692307693 0.6165865384615384 0.013221153846153846 0.03245192307692308
0 0.5240384615384616 0.6225961538461539 0.018028846153846152 0.054086538461538464
0 0.5588942307692307 0.6286057692307693 0.01201923076923077 0.040865384615384616
0 0.6057692307692307 0.6286057692307693 0.018028846153846152 0.04927884615384615
0 0.5420673076923077 0.6418269230769231 0.018028846153846152 0.052884615384615384
0 0.5060096153846154 0.6442307692307693 0.018028846153846152 0.05048076923076923
0 0.5805288461538461 0.6766826923076923 0.019230769230769232 0.03245192307692308
0 0.8209134615384616 0.7091346153846154 0.028846153846153848 0.07091346153846154
0 0.5480769230769231 0.7115384615384616 0.027644230769230768 0.07572115384615384
0 0.5733173076923077 0.7115384615384616 0.027644230769230768 0.06850961538461539
0 0.359375 0.7331730769230769 0.021634615384615384 0.051682692307692304
0 0.6334134615384616 0.7367788461538461 0.026442307692307692 0.07451923076923077
0 0.90625 0.7415865384615384 0.025240384615384616 0.06009615384615385
0 0.39903846153846156 0.7475961538461539 0.028846153846153848 0.05048076923076923
0 0.5060096153846154 0.7596153846153846 0.036057692307692304 0.0889423076923077
0 0.6610576923076923 0.765625 0.037259615384615384 0.09495192307692307
0 0.24639423076923078 0.7728365384615384 0.03365384615384615 0.08653846153846154
0 0.5216346153846154 0.7992788461538461 0.026442307692307692 0.04927884615384615
0 0.5745192307692307 0.8028846153846154 0.05048076923076923 0.09495192307692307
0 0.7007211538461539 0.8149038461538461 0.039663461538461536 0.078125
0 0.9302884615384616 0.828125 0.03125 0.04326923076923077
0 0.65625 0.8365384615384616 0.03365384615384615 0.03245192307692308
0 0.43509615384615385 0.8413461538461539 0.03125 0.109375
0 0.46875 0.84375 0.03125 0.09495192307692307
0 0.3125 0.8497596153846154 0.04567307692307692 0.11177884615384616
0 0.6021634615384616 0.8497596153846154 0.04326923076923077 0.109375
0 0.4266826923076923 0.8509615384615384 0.04927884615384615 0.10216346153846154
0 0.7283653846153846 0.8533653846153846 0.039663461538461536 0.1141826923076923
0 0.515625 0.8545673076923077 0.036057692307692304 0.10697115384615384
0 0.6754807692307693 0.8557692307692307 0.030048076923076924 0.09615384615384616
0 0.9759615384615384 0.8617788461538461 0.036057692307692304 0.09975961538461539
0 0.11177884615384616 0.8641826923076923 0.039663461538461536 0.11538461538461539
0 0.953125 0.8689903846153846 0.036057692307692304 0.11177884615384616
0 0.9278846153846154 0.8762019230769231 0.03365384615384615 0.10817307692307693
0 0.8209134615384616 0.9254807692307693 0.04326923076923077 0.11658653846153846
0 0.6766826923076923 0.9278846153846154 0.040865384615384616 0.125
0 0.1658653846153846 0.9338942307692307 0.051682692307692304 0.12860576923076922
0 0.7163461538461539 0.9362980769230769 0.04927884615384615 0.08653846153846154
0 0.859375 0.9423076923076923 0.040865384615384616 0.11177884615384616
0 0.07572115384615384 0.9459134615384616 0.04567307692307692 0.10576923076923077
0 0.03485576923076923 0.9507211538461539 0.04326923076923077 0.09495192307692307
0 0.7091346153846154 0.9723557692307693 0.07211538461538461 0.052884615384615384