0 0.8665865384615384 0.6694711538461539 0.010817307692307692 0.02403846153846154
0 0.8774038461538461 0.6778846153846154 0.013221153846153846 0.038461538461538464
0 0.9711538461538461 0.6586538461538461 0.014423076923076924 0.042067307692307696
0 0.057692307692307696 0.7055288461538461 0.02283653846153846 0.039663461538461536
0 0.07451923076923077 0.7932692307692307 0.028846153846153848 0.1201923076923077
0 0.12740384615384615 0.7908653846153846 0.026442307692307692 0.10216346153846154
0 0.14182692307692307 0.7908653846153846 0.02283653846153846 0.1141826923076923
0 0.16105769230769232 0.7487980769230769 0.03245192307692308 0.054086538461538464
0 0.18509615384615385 0.7620192307692307 0.028846153846153848 0.09375
0 0.18509615384615385 0.7055288461538461 0.02403846153846154 0.04447115384615385
0 0.16947115384615385 0.703125 0.015625 0.04447115384615385
0 0.21514423076923078 0.7319711538461539 0.025240384615384616 0.08774038461538461
0 0.2283653846153846 0.7487980769230769 0.019230769230769232 0.0985576923076923
0 0.25721153846153844 0.7439903846153846 0.016826923076923076 0.09615384615384616
0 0.2403846153846154 0.7259615384615384 0.016826923076923076 0.056490384615384616
0 0.29086538461538464 0.7163461538461539 0.021634615384615384 0.08173076923076923
0 0.3076923076923077 0.7127403846153846 0.013221153846153846 0.04567307692307692
0 0.30408653846153844 0.7608173076923077 0.027644230769230768 0.05048076923076923
0 0.3317307692307692 0.6935096153846154 0.014423076923076924 0.06009615384615385
0 0.3581730769230769 0.6850961538461539 0.015625 0.04447115384615385
0 0.38461538461538464 0.7079326923076923 0.016826923076923076 0.07211538461538461
0 0.37740384615384615 0.7055288461538461 0.013221153846153846 0.06370192307692307
0 0.36538461538461536 0.7091346153846154 0.015625 0.06850961538461539
0 0.3401442307692308 0.71875 0.016826923076923076 0.07451923076923077
0 0.3485576923076923 0.7223557692307693 0.014423076923076924 0.0625
0 0.33774038461538464 0.8329326923076923 0.042067307692307696 0.1466346153846154
0 0.3557692307692308 0.7896634615384616 0.02283653846153846 0.08413461538461539
0 0.3701923076923077 0.8413461538461539 0.021634615384615384 0.1201923076923077
0 0.38822115384615385 0.8461538461538461 0.036057692307692304 0.13822115384615385
0 0.4519230769230769 0.7740384615384616 0.03125 0.09375
0 0.5576923076923077 0.6935096153846154 0.015625 0.051682692307692304