0 0.765625 0.5324519230769231 0.40865384615384615 0.9338942307692307
0 0.6646634615384616 0.6430288461538461 0.3269230769230769 0.7067307692307693
0 0.35096153846153844 0.5048076923076923 0.16947115384615385 0.9891826923076923
0 0.20793269230769232 0.5036057692307693 0.18990384615384615 0.9927884615384616
0 0.421875 0.24519230769230768 0.16466346153846154 0.4891826923076923
0 0.27524038461538464 0.2620192307692308 0.11177884615384616 0.5108173076923077
0 0.2091346153846154 0.2668269230769231 0.17427884615384615 0.515625
0 0.10576923076923077 0.28725961538461536 0.09975961538461539 0.5504807692307693
0 0.05889423076923077 0.33052884615384615 0.1141826923076923 0.5576923076923077
0 0.9182692307692307 0.49399038461538464 0.09615384615384616 0.19591346153846154
0 0.9723557692307693 0.47475961538461536 0.04927884615384615 0.16826923076923078
0 0.8774038461538461 0.3389423076923077 0.07211538461538461 0.16105769230769232
0 0.9302884615384616 0.3076923076923077 0.06850961538461539 0.21394230769230768