0 0.96875 0.5204326923076923 0.0625 0.19230769230769232
0 0.9471153846153846 0.5216346153846154 0.025240384615384616 0.16826923076923078
0 0.9302884615384616 0.5192307692307693 0.055288461538461536 0.1814903846153846
0 0.9038461538461539 0.5180288461538461 0.027644230769230768 0.16826923076923078
0 0.9230769230769231 0.5168269230769231 0.037259615384615384 0.16947115384615385
0 0.8473557692307693 0.5228365384615384 0.030048076923076924 0.14543269230769232
0 0.8149038461538461 0.5120192307692307 0.04326923076923077 0.17668269230769232
0 0.7632211538461539 0.5276442307692307 0.039663461538461536 0.16105769230769232
0 0.7596153846153846 0.5120192307692307 0.014423076923076924 0.11899038461538461
0 0.7259615384615384 0.53125 0.038461538461538464 0.1935096153846154
0 0.6971153846153846 0.515625 0.030048076923076924 0.11057692307692307
0 0.546875 0.5336538461538461 0.042067307692307696 0.16947115384615385
0 0.5588942307692307 0.5228365384615384 0.02403846153846154 0.16466346153846154
0 0.5264423076923077 0.5649038461538461 0.028846153846153848 0.2439903846153846
0 0.484375 0.5625 0.13701923076923078 0.875
0 0.41225961538461536 0.5673076923076923 0.028846153846153848 0.2692307692307692
0 0.39903846153846156 0.5721153846153846 0.037259615384615384 0.3112980769230769
0 0.38100961538461536 0.5853365384615384 0.06370192307692307 0.32572115384615385
0 0.13221153846153846 0.4951923076923077 0.03485576923076923 0.08413461538461539
0 0.21995192307692307 0.4987980769230769 0.04447115384615385 0.0889423076923077
0 0.21875 0.47596153846153844 0.016826923076923076 0.040865384615384616
0 0.23677884615384615 0.5 0.027644230769230768 0.08173076923076923
0 0.25240384615384615 0.4951923076923077 0.03245192307692308 0.08173076923076923
0 0.25600961538461536 0.49399038461538464 0.03245192307692308 0.08413461538461539
0 0.18389423076923078 0.4362980769230769 0.03125 0.051682692307692304
0 0.16947115384615385 0.42788461538461536 0.025240384615384616 0.0673076923076923
0 0.12259615384615384 0.3954326923076923 0.025240384615384616 0.052884615384615384
0 0.08774038461538461 0.3894230769230769 0.038461538461538464 0.08413461538461539
0 0.0985576923076923 0.3858173076923077 0.025240384615384616 0.07692307692307693
0 0.10697115384615384 0.38822115384615385 0.014423076923076924 0.06610576923076923
0 0.11899038461538461 0.375 0.016826923076923076 0.039663461538461536
0 0.04567307692307692 0.3449519230769231 0.05048076923076923 0.08653846153846154
0 0.054086538461538464 0.35096153846153844 0.03365384615384615 0.07211538461538461