0 0.06610576923076923 0.7860576923076923 0.039663461538461536 0.13221153846153846
0 0.22956730769230768 0.7872596153846154 0.09375 0.13822115384615385
0 0.2608173076923077 0.8028846153846154 0.046875 0.09495192307692307
0 0.3233173076923077 0.828125 0.042067307692307696 0.1502403846153846
0 0.35697115384615385 0.8329326923076923 0.03125 0.15384615384615385
0 0.38822115384615385 0.8269230769230769 0.04447115384615385 0.171875
0 0.421875 0.8245192307692307 0.040865384615384616 0.15384615384615385
0 0.4266826923076923 0.7740384615384616 0.02283653846153846 0.0889423076923077
0 0.5180288461538461 0.8485576923076923 0.07572115384615384 0.3016826923076923
0 0.5504807692307693 0.7415865384615384 0.026442307692307692 0.08653846153846154
0 0.5612980769230769 0.8052884615384616 0.046875 0.16706730769230768
0 0.5925480769230769 0.7692307692307693 0.036057692307692304 0.14182692307692307
0 0.6153846153846154 0.7884615384615384 0.04326923076923077 0.17908653846153846
0 0.6490384615384616 0.8076923076923077 0.03245192307692308 0.140625
0 0.6899038461538461 0.7584134615384616 0.021634615384615384 0.07692307692307693
0 0.6995192307692307 0.7055288461538461 0.021634615384615384 0.07451923076923077
0 0.7163461538461539 0.7475961538461539 0.02283653846153846 0.09495192307692307
0 0.7439903846153846 0.8028846153846154 0.05048076923076923 0.18990384615384615
0 0.78125 0.7475961538461539 0.025240384615384616 0.0985576923076923
0 0.8125 0.7524038461538461 0.036057692307692304 0.08533653846153846
0 0.796875 0.875 0.06490384615384616 0.25
0 0.8233173076923077 0.8762019230769231 0.04447115384615385 0.24278846153846154
0 0.84375 0.7367788461538461 0.026442307692307692 0.052884615384615384
0 0.8882211538461539 0.7608173076923077 0.06490384615384616 0.14423076923076922
0 0.9471153846153846 0.7584134615384616 0.06610576923076923 0.14423076923076922
0 0.9639423076923077 0.8641826923076923 0.07211538461538461 0.27163461538461536
0 0.8774038461538461 0.8461538461538461 0.06370192307692307 0.2956730769230769
0 0.09495192307692307 0.7788461538461539 0.038461538461538464 0.07451923076923077
0 0.31009615384615385 0.7536057692307693 0.021634615384615384 0.07451923076923077
0 0.33533653846153844 0.7415865384615384 0.019230769230769232 0.0673076923076923
0 0.3485576923076923 0.7415865384615384 0.019230769230769232 0.0673076923076923
0 0.390625 0.7331730769230769 0.019230769230769232 0.06370192307692307
0 0.44350961538461536 0.75 0.013221153846153846 0.07692307692307693
0 0.4483173076923077 0.7451923076923077 0.016826923076923076 0.0829326923076923
0 0.46153846153846156 0.75 0.015625 0.06850961538461539
0 0.6045673076923077 0.7151442307692307 0.016826923076923076 0.037259615384615384
0 0.6766826923076923 0.7524038461538461 0.018028846153846152 0.06850961538461539