0 0.021634615384615384 0.25600961538461536 0.042067307692307696 0.078125
0 0.056490384615384616 0.2608173076923077 0.04807692307692308 0.06971153846153846
0 0.17427884615384615 0.2824519230769231 0.020432692307692308 0.09134615384615384
0 0.27884615384615385 0.28365384615384615 0.06490384615384616 0.12740384615384615
0 0.3425480769230769 0.2860576923076923 0.02403846153846154 0.08774038461538461
0 0.515625 0.2920673076923077 0.027644230769230768 0.12259615384615384
0 0.5336538461538461 0.3088942307692308 0.025240384615384616 0.0829326923076923
0 0.6754807692307693 0.25 0.020432692307692308 0.03365384615384615
0 0.6983173076923077 0.27163461538461536 0.040865384615384616 0.07572115384615384
0 0.7524038461538461 0.3137019230769231 0.036057692307692304 0.078125
0 0.9038461538461539 0.3088942307692308 0.026442307692307692 0.08413461538461539
0 0.9543269230769231 0.2848557692307692 0.05889423076923077 0.1346153846153846
0 0.9891826923076923 0.296875 0.020432692307692308 0.11298076923076923
0 0.3545673076923077 0.27884615384615385 0.12139423076923077 0.15745192307692307
0 0.3737980769230769 0.3762019230769231 0.27283653846153844 0.43509615384615385
0 0.5216346153846154 0.3762019230769231 0.2920673076923077 0.5240384615384616