0 0.11298076923076923 0.8185096153846154 0.01201923076923077 0.037259615384615384
0 0.03365384615384615 0.8425480769230769 0.037259615384615384 0.09615384615384616
0 0.0625 0.8846153846153846 0.09615384615384616 0.23076923076923078
0 0.23677884615384615 0.8209134615384616 0.020432692307692308 0.056490384615384616
0 0.28125 0.7920673076923077 0.018028846153846152 0.025240384615384616
0 0.2920673076923077 0.7872596153846154 0.009615384615384616 0.027644230769230768
0 0.29927884615384615 0.7848557692307693 0.01201923076923077 0.018028846153846152
0 0.31009615384615385 0.7848557692307693 0.013221153846153846 0.02403846153846154
0 0.328125 0.7860576923076923 0.013221153846153846 0.02403846153846154
0 0.3233173076923077 0.8269230769230769 0.02403846153846154 0.05048076923076923
0 0.3004807692307692 0.8257211538461539 0.020432692307692308 0.0673076923076923
0 0.37259615384615385 0.8341346153846154 0.03125 0.0889423076923077
0 0.42908653846153844 0.8233173076923077 0.018028846153846152 0.06971153846153846
0 0.45552884615384615 0.8293269230769231 0.028846153846153848 0.07692307692307693
0 0.46875 0.8197115384615384 0.018028846153846152 0.06490384615384616
0 0.5 0.8233173076923077 0.01201923076923077 0.04326923076923077
0 0.5552884615384616 0.8473557692307693 0.03485576923076923 0.12379807692307693
0 0.5769230769230769 0.8425480769230769 0.037259615384615384 0.12259615384615384
0 0.5901442307692307 0.8329326923076923 0.02283653846153846 0.08653846153846154
0 0.7091346153846154 0.8665865384615384 0.06009615384615385 0.2668269230769231
0 0.7235576923076923 0.8353365384615384 0.02283653846153846 0.11057692307692307
0 0.8942307692307693 0.8449519230769231 0.06490384615384616 0.20192307692307693