0 0.8822115384615384 0.7608173076923077 0.11658653846153846 0.2548076923076923
0 0.796875 0.7896634615384616 0.07692307692307693 0.2824519230769231
0 0.7403846153846154 0.7836538461538461 0.078125 0.2824519230769231
0 0.9158653846153846 0.6189903846153846 0.027644230769230768 0.0889423076923077
0 0.8341346153846154 0.6165865384615384 0.028846153846153848 0.09254807692307693
0 0.8149038461538461 0.6153846153846154 0.026442307692307692 0.09014423076923077
0 0.7463942307692307 0.6141826923076923 0.026442307692307692 0.08653846153846154
0 0.7151442307692307 0.6490384615384616 0.027644230769230768 0.10697115384615384
0 0.6911057692307693 0.6057692307692307 0.021634615384615384 0.0733173076923077
0 0.7644230769230769 0.5997596153846154 0.020432692307692308 0.07211538461538461
0 0.6370192307692307 0.7596153846153846 0.07692307692307693 0.29927884615384615
0 0.5372596153846154 0.7115384615384616 0.04567307692307692 0.21514423076923078
0 0.5757211538461539 0.6153846153846154 0.02403846153846154 0.08653846153846154
0 0.3641826923076923 0.6165865384615384 0.027644230769230768 0.09735576923076923
0 0.3473557692307692 0.5865384615384616 0.014423076923076924 0.052884615384615384
0 0.33653846153846156 0.5829326923076923 0.015625 0.055288461538461536
0 0.2824519230769231 0.5925480769230769 0.018028846153846152 0.06129807692307692
0 0.2620192307692308 0.5985576923076923 0.02403846153846154 0.06490384615384616
0 0.43990384615384615 0.8161057692307693 0.0889423076923077 0.3004807692307692
0 0.2536057692307692 0.8173076923076923 0.078125 0.3581730769230769
0 0.04567307692307692 0.7932692307692307 0.08774038461538461 0.38341346153846156
0 0.06370192307692307 0.7824519230769231 0.07211538461538461 0.28365384615384615
0 0.328125 0.6430288461538461 0.04326923076923077 0.11538461538461539