0 0.6326086956521739 0.6471610660486674 0.013043478260869565 0.019698725376593278
0 0.5173913043478261 0.6541135573580533 0.019130434782608695 0.03360370799536501
0 0.6482608695652174 0.6593279258400927 0.021739130434782608 0.0440324449594438
0 0.8021739130434783 0.6726535341830823 0.06347826086956522 0.11239860950173812
0 0.5465217391304348 0.6842410196987254 0.018260869565217393 0.08227114716106605
0 0.45521739130434785 0.6964078794901506 0.026956521739130435 0.10892236384704519
0 0.5017391304347826 0.7039397450753186 0.034782608695652174 0.12166859791425261
0 0.42043478260869566 0.7045191193511008 0.030434782608695653 0.12514484356894554
0 0.56 0.7085747392815759 0.034782608695652174 0.13557358053302435
0 0.6191304347826087 0.7253765932792584 0.03826086956521739 0.17844727694090382
0 0.5291304347826087 0.727694090382387 0.049565217391304345 0.1853997682502897
0 0.59 0.7317497103128621 0.049565217391304345 0.1981460023174971
0 0.801304347826087 0.7636152954808807 0.06869565217391305 0.22247972190034762
0 0.21130434782608695 0.7682502896871379 0.21739130434782608 0.46118192352259557
0 0.698695652173913 0.7786790266512167 0.10869565217391304 0.3684820393974508
0 0.9365217391304348 0.8157589803012746 0.12521739130434784 0.36616454229432216