0 0.35336538461538464 0.7367788461538461 0.09495192307692307 0.30288461538461536
0 0.4879807692307692 0.7379807692307693 0.09375 0.30288461538461536
0 0.5564903846153846 0.7548076923076923 0.09254807692307693 0.30408653846153844
0 0.6574519230769231 0.734375 0.055288461538461536 0.16105769230769232
0 0.6490384615384616 0.6826923076923077 0.05048076923076923 0.21634615384615385
0 0.6466346153846154 0.578125 0.030048076923076924 0.026442307692307692
0 0.6899038461538461 0.6466346153846154 0.036057692307692304 0.14543269230769232
0 0.7391826923076923 0.6634615384615384 0.03485576923076923 0.1875
0 0.7668269230769231 0.6742788461538461 0.056490384615384616 0.23197115384615385
0 0.8341346153846154 0.6838942307692307 0.06370192307692307 0.25600961538461536
0 0.8882211538461539 0.6814903846153846 0.057692307692307696 0.2403846153846154
0 0.9435096153846154 0.6670673076923077 0.06610576923076923 0.22956730769230768
0 0.9723557692307693 0.5805288461538461 0.016826923076923076 0.052884615384615384
0 0.9663461538461539 0.5793269230769231 0.014423076923076924 0.055288461538461536
0 0.9591346153846154 0.5817307692307693 0.014423076923076924 0.055288461538461536
0 0.8629807692307693 0.5829326923076923 0.015625 0.04447115384615385
0 0.8521634615384616 0.5817307692307693 0.016826923076923076 0.05048076923076923
0 0.8137019230769231 0.5757211538461539 0.015625 0.026442307692307692
0 0.8293269230769231 0.5877403846153846 0.016826923076923076 0.06009615384615385
0 0.8137019230769231 0.6754807692307693 0.040865384615384616 0.21153846153846154
0 0.8569711538461539 0.6237980769230769 0.030048076923076924 0.06850961538461539
0 0.7932692307692307 0.5961538461538461 0.019230769230769232 0.06610576923076923
0 0.7139423076923077 0.5985576923076923 0.01201923076923077 0.04447115384615385
0 0.5612980769230769 0.5913461538461539 0.014423076923076924 0.04447115384615385
0 0.5697115384615384 0.5997596153846154 0.014423076923076924 0.055288461538461536
0 0.4723557692307692 0.6959134615384616 0.04807692307692308 0.25841346153846156
0 0.5204326923076923 0.6153846153846154 0.037259615384615384 0.09014423076923077
0 0.7872596153846154 0.6622596153846154 0.026442307692307692 0.18509615384615385
0 0.9182692307692307 0.6694711538461539 0.030048076923076924 0.19230769230769232