0 0.9170673076923077 0.7824519230769231 0.08052884615384616 0.30408653846153844
0 0.8317307692307693 0.7932692307692307 0.0889423076923077 0.34975961538461536
0 0.7487980769230769 0.7908653846153846 0.09495192307692307 0.35096153846153844
0 0.7055288461538461 0.7632211538461539 0.039663461538461536 0.21394230769230768
0 0.8605769230769231 0.7824519230769231 0.057692307692307696 0.30408653846153844
0 0.7980769230769231 0.7740384615384616 0.04567307692307692 0.26322115384615385
0 0.6622596153846154 0.7427884615384616 0.04927884615384615 0.15865384615384615
0 0.6334134615384616 0.7355769230769231 0.05048076923076923 0.14903846153846154
0 0.6177884615384616 0.7247596153846154 0.030048076923076924 0.12379807692307693
0 0.5841346153846154 0.7355769230769231 0.03485576923076923 0.13221153846153846
0 0.6838942307692307 0.7103365384615384 0.026442307692307692 0.09254807692307693
0 0.5492788461538461 0.7740384615384616 0.07451923076923077 0.2247596153846154
0 0.5048076923076923 0.765625 0.051682692307692304 0.234375
0 0.47475961538461536 0.734375 0.025240384615384616 0.10697115384615384
0 0.4206730769230769 0.7716346153846154 0.06490384615384616 0.25961538461538464
0 0.35697115384615385 0.7608173076923077 0.04927884615384615 0.16706730769230768
0 0.3485576923076923 0.7536057692307693 0.03245192307692308 0.15625
0 0.30649038461538464 0.7560096153846154 0.042067307692307696 0.16346153846153846
0 0.21514423076923078 0.7836538461538461 0.11538461538461539 0.3125
0 0.2776442307692308 0.7463942307692307 0.021634615384615384 0.09254807692307693
0 0.25961538461538464 0.7487980769230769 0.021634615384615384 0.09014423076923077