0 0.021634615384615384 0.3076923076923077 0.04326923076923077 0.17307692307692307
0 0.15144230769230768 0.4074519230769231 0.1201923076923077 0.4423076923076923
0 0.17307692307692307 0.3329326923076923 0.009615384615384616 0.018028846153846152
0 0.25841346153846156 0.35096153846153844 0.03245192307692308 0.11778846153846154
0 0.2956730769230769 0.4170673076923077 0.07572115384615384 0.35216346153846156
0 0.3269230769230769 0.3605769230769231 0.026442307692307692 0.14543269230769232
0 0.34134615384615385 0.36538461538461536 0.018028846153846152 0.12139423076923077
0 0.3798076923076923 0.46033653846153844 0.1141826923076923 0.4891826923076923
0 0.46875 0.4831730769230769 0.10697115384615384 0.5
0 0.4254807692307692 0.4362980769230769 0.06009615384615385 0.36778846153846156
0 0.5204326923076923 0.43990384615384615 0.07932692307692307 0.4519230769230769
0 0.5504807692307693 0.42427884615384615 0.05048076923076923 0.3942307692307692
0 0.6310096153846154 0.4170673076923077 0.13942307692307693 0.45552884615384615
0 0.6754807692307693 0.4182692307692308 0.14182692307692307 0.4266826923076923
0 0.8233173076923077 0.4495192307692308 0.17668269230769232 0.47475961538461536
0 0.8786057692307693 0.4423076923076923 0.13822115384615385 0.46033653846153844
0 0.8930288461538461 0.25240384615384615 0.03245192307692308 0.078125
0 0.9519230769230769 0.4326923076923077 0.08774038461538461 0.33774038461538464
0 0.9831730769230769 0.4326923076923077 0.03245192307692308 0.33774038461538464