0 0.875 0.5264423076923077 0.17427884615384615 0.6814903846153846
0 0.7764423076923077 0.5240384615384616 0.1141826923076923 0.578125
0 0.8990384615384616 0.26322115384615385 0.0625 0.12860576923076922
0 0.7139423076923077 0.5240384615384616 0.0985576923076923 0.5745192307692307
0 0.65625 0.5408653846153846 0.1045673076923077 0.5336538461538461
0 0.6009615384615384 0.5048076923076923 0.08413461538461539 0.53125
0 0.5444711538461539 0.4795673076923077 0.09375 0.5697115384615384
0 0.2920673076923077 0.6418269230769231 0.2512019230769231 0.5396634615384616
0 0.20793269230769232 0.4831730769230769 0.17067307692307693 0.5949519230769231
0 0.3401442307692308 0.5012019230769231 0.2512019230769231 0.5769230769230769
0 0.028846153846153848 0.5060096153846154 0.056490384615384616 0.49399038461538464
0 0.046875 0.4723557692307692 0.09375 0.46875
0 0.16105769230769232 0.4567307692307692 0.08052884615384616 0.3918269230769231
0 0.4699519230769231 0.48677884615384615 0.0985576923076923 0.5396634615384616
0 0.41225961538461536 0.4963942307692308 0.11658653846153846 0.5961538461538461