0 0.6322115384615384 0.6466346153846154 0.013221153846153846 0.019230769230769232
0 0.5168269230769231 0.6538461538461539 0.019230769230769232 0.03365384615384615
0 0.6478365384615384 0.6598557692307693 0.021634615384615384 0.04447115384615385
0 0.8016826923076923 0.6730769230769231 0.06370192307692307 0.11298076923076923
0 0.546875 0.6838942307692307 0.018028846153846152 0.08173076923076923
0 0.45552884615384615 0.6959134615384616 0.026442307692307692 0.109375
0 0.5012019230769231 0.7043269230769231 0.03485576923076923 0.12139423076923077
0 0.4206730769230769 0.7043269230769231 0.030048076923076924 0.125
0 0.5600961538461539 0.7091346153846154 0.03485576923076923 0.13581730769230768
0 0.6189903846153846 0.7259615384615384 0.038461538461538464 0.1778846153846154
0 0.5288461538461539 0.7271634615384616 0.04927884615384615 0.18509615384615385
0 0.5901442307692307 0.7319711538461539 0.04927884615384615 0.19831730769230768
0 0.8016826923076923 0.7632211538461539 0.06850961538461539 0.22235576923076922
0 0.21153846153846154 0.7680288461538461 0.21754807692307693 0.46153846153846156
0 0.6983173076923077 0.7788461538461539 0.10817307692307693 0.36899038461538464
0 0.9362980769230769 0.8161057692307693 0.125 0.36658653846153844