0 0.038461538461538464 0.8173076923076923 0.07692307692307693 0.36538461538461536
0 0.042067307692307696 0.40384615384615385 0.08173076923076923 0.3269230769230769
0 0.11298076923076923 0.6045673076923077 0.2247596153846154 0.4375
0 0.16947115384615385 0.33653846153846156 0.14182692307692307 0.37740384615384615
0 0.31971153846153844 0.3173076923076923 0.12620192307692307 0.36538461538461536
0 0.28365384615384615 0.20432692307692307 0.10697115384615384 0.29447115384615385
0 0.40625 0.20072115384615385 0.056490384615384616 0.27163461538461536
0 0.41225961538461536 0.2548076923076923 0.10216346153846154 0.33052884615384615
0 0.4879807692307692 0.2776442307692308 0.109375 0.28125
0 0.5456730769230769 0.2548076923076923 0.06490384615384616 0.30408653846153844
0 0.5733173076923077 0.23076923076923078 0.06971153846153846 0.29447115384615385
0 0.6586538461538461 0.3389423076923077 0.1141826923076923 0.36899038461538464
0 0.7776442307692307 0.22716346153846154 0.109375 0.3016826923076923
0 0.8629807692307693 0.21995192307692307 0.08653846153846154 0.3016826923076923
0 0.6442307692307693 0.6730769230769231 0.3581730769230769 0.5865384615384616
0 0.4651442307692308 0.8509615384615384 0.2956730769230769 0.296875
0 0.8004807692307693 0.7127403846153846 0.20192307692307693 0.41346153846153844
0 0.8509615384615384 0.5096153846153846 0.1141826923076923 0.37740384615384615
0 0.5288461538461539 0.5384615384615384 0.13341346153846154 0.4098557692307692
0 0.8173076923076923 0.38822115384615385 0.1045673076923077 0.3641826923076923