0 0.5661057692307693 0.24278846153846154 0.09375 0.23317307692307693
0 0.6802884615384616 0.24519230769230768 0.1141826923076923 0.21995192307692307
0 0.3786057692307692 0.25240384615384615 0.078125 0.12259615384615384
0 0.20192307692307693 0.3016826923076923 0.10817307692307693 0.20552884615384615
0 0.7896634615384616 0.31850961538461536 0.12620192307692307 0.34615384615384615
0 0.3088942307692308 0.34134615384615385 0.10216346153846154 0.2536057692307692
0 0.5120192307692307 0.3629807692307692 0.12139423076923077 0.3425480769230769
0 0.4411057692307692 0.36778846153846156 0.10576923076923077 0.29927884615384615
0 0.25600961538461536 0.3918269230769231 0.10096153846153846 0.15625
0 0.38100961538461536 0.4014423076923077 0.16105769230769232 0.2824519230769231
0 0.1201923076923077 0.4375 0.10336538461538461 0.38221153846153844
0 0.7319711538461539 0.4651442307692308 0.10576923076923077 0.4170673076923077
0 0.17427884615384615 0.47475961538461536 0.13581730769230768 0.30408653846153844
0 0.6706730769230769 0.5024038461538461 0.13822115384615385 0.3629807692307692
0 0.8100961538461539 0.53125 0.14302884615384615 0.3293269230769231
0 0.5408653846153846 0.5504807692307693 0.12139423076923077 0.3401442307692308
0 0.25721153846153844 0.6262019230769231 0.15865384615384615 0.5372596153846154
0 0.5985576923076923 0.6334134615384616 0.0733173076923077 0.5829326923076923
0 0.39783653846153844 0.65625 0.13942307692307693 0.5084134615384616
0 0.6586538461538461 0.7103365384615384 0.14783653846153846 0.5757211538461539
0 0.7872596153846154 0.7463942307692307 0.15745192307692307 0.5048076923076923
0 0.16706730769230768 0.7463942307692307 0.19110576923076922 0.5024038461538461
0 0.5060096153846154 0.7475961538461539 0.17548076923076922 0.5012019230769231
0 0.34134615384615385 0.7620192307692307 0.17307692307692307 0.4723557692307692