0 0.11658653846153846 0.42908653846153844 0.1622596153846154 0.65625
0 0.203125 0.45552884615384615 0.11658653846153846 0.5108173076923077
0 0.26802884615384615 0.4699519230769231 0.0829326923076923 0.41346153846153844
0 0.3137019230769231 0.46634615384615385 0.078125 0.36538461538461536
0 0.3329326923076923 0.47836538461538464 0.05889423076923077 0.30528846153846156
0 0.3473557692307692 0.4411057692307692 0.04447115384615385 0.30528846153846156
0 0.41346153846153844 0.5 0.12860576923076922 0.59375
0 0.5889423076923077 0.48677884615384615 0.17427884615384615 0.6370192307692307
0 0.6574519230769231 0.5048076923076923 0.08413461538461539 0.3161057692307692
0 0.7127403846153846 0.43028846153846156 0.055288461538461536 0.2920673076923077
0 0.7223557692307693 0.46153846153846156 0.05889423076923077 0.3233173076923077
0 0.7439903846153846 0.49038461538461536 0.078125 0.3389423076923077
0 0.7740384615384616 0.4879807692307692 0.08774038461538461 0.38341346153846156
0 0.8197115384615384 0.49038461538461536 0.1201923076923077 0.45913461538461536
0 0.8774038461538461 0.4795673076923077 0.1502403846153846 0.5661057692307693
0 0.9326923076923077 0.4795673076923077 0.13341346153846154 0.6814903846153846
0 0.7908653846153846 0.31850961538461536 0.056490384615384616 0.09014423076923077
0 0.8088942307692307 0.2776442307692308 0.025240384615384616 0.08173076923076923
0 0.9555288461538461 0.27524038461538464 0.019230769230769232 0.09735576923076923
0 0.21153846153846154 0.2920673076923077 0.02283653846153846 0.07692307692307693
0 0.25 0.25600961538461536 0.03485576923076923 0.04927884615384615
0 0.30528846153846156 0.2824519230769231 0.028846153846153848 0.10576923076923077
0 0.46033653846153844 0.2704326923076923 0.028846153846153848 0.12740384615384615
0 0.4723557692307692 0.2620192307692308 0.020432692307692308 0.11778846153846154
0 0.5084134615384616 0.265625 0.03245192307692308 0.11298076923076923
0 0.6646634615384616 0.2644230769230769 0.03485576923076923 0.11298076923076923
0 0.6514423076923077 0.24639423076923078 0.02403846153846154 0.09495192307692307
0 0.6454326923076923 0.24879807692307693 0.016826923076923076 0.08173076923076923
0 0.6129807692307693 0.24759615384615385 0.02403846153846154 0.06009615384615385