0 0.22355769230769232 0.4735576923076923 0.17067307692307693 0.29447115384615385
0 0.18629807692307693 0.359375 0.08774038461538461 0.22235576923076922
0 0.53125 0.53125 0.3076923076923077 0.42908653846153844
0 0.5444711538461539 0.46153846153846156 0.16947115384615385 0.2512019230769231
0 0.5925480769230769 0.4387019230769231 0.11298076923076923 0.2980769230769231
0 0.3389423076923077 0.37740384615384615 0.052884615384615384 0.12980769230769232
0 0.28365384615384615 0.41586538461538464 0.03485576923076923 0.052884615384615384
0 0.6550480769230769 0.3762019230769231 0.08413461538461539 0.14783653846153846
0 0.75 0.4266826923076923 0.036057692307692304 0.04807692307692308
0 0.703125 0.4110576923076923 0.03365384615384615 0.08052884615384616
0 0.8028846153846154 0.41947115384615385 0.04927884615384615 0.0673076923076923
0 0.890625 0.4182692307692308 0.026442307692307692 0.06850961538461539
0 0.9807692307692307 0.41586538461538464 0.037259615384615384 0.08052884615384616
0 0.9423076923076923 0.421875 0.07572115384615384 0.06490384615384616
0 0.890625 0.41586538461538464 0.027644230769230768 0.0733173076923077
0 0.7235576923076923 0.4074519230769231 0.019230769230769232 0.0889423076923077
0 0.7548076923076923 0.41225961538461536 0.036057692307692304 0.06490384615384616
0 0.6117788461538461 0.3870192307692308 0.03485576923076923 0.078125
0 0.4855769230769231 0.37740384615384615 0.03365384615384615 0.04447115384615385
0 0.6838942307692307 0.3942307692307692 0.015625 0.03245192307692308
0 0.055288461538461536 0.41947115384615385 0.03485576923076923 0.057692307692307696