0 0.27403846153846156 0.4651442307692308 0.015625 0.06971153846153846
0 0.25 0.47596153846153844 0.016826923076923076 0.057692307692307696
0 0.7980769230769231 0.47596153846153844 0.015625 0.11057692307692307
0 0.7884615384615384 0.47716346153846156 0.020432692307692308 0.057692307692307696
0 0.04567307692307692 0.47716346153846156 0.021634615384615384 0.07451923076923077
0 0.6081730769230769 0.4879807692307692 0.01201923076923077 0.08653846153846154
0 0.5985576923076923 0.4891826923076923 0.01201923076923077 0.09014423076923077
0 0.328125 0.4891826923076923 0.01201923076923077 0.08653846153846154
0 0.6766826923076923 0.49158653846153844 0.025240384615384616 0.09254807692307693
0 0.14182692307692307 0.5 0.02403846153846154 0.1045673076923077
0 0.40865384615384615 0.5 0.03245192307692308 0.11298076923076923
0 0.5288461538461539 0.5012019230769231 0.021634615384615384 0.11538461538461539
0 0.5024038461538461 0.5024038461538461 0.036057692307692304 0.10817307692307693
0 0.15745192307692307 0.5024038461538461 0.02403846153846154 0.11057692307692307
0 0.06370192307692307 0.5036057692307693 0.021634615384615384 0.08774038461538461
0 0.33052884615384615 0.5048076923076923 0.030048076923076924 0.109375
0 0.6262019230769231 0.5084134615384616 0.02403846153846154 0.16346153846153846
0 0.8786057692307693 0.5084134615384616 0.040865384615384616 0.16105769230769232
0 0.2932692307692308 0.5084134615384616 0.030048076923076924 0.12980769230769232
0 0.7355769230769231 0.5120192307692307 0.027644230769230768 0.13701923076923078
0 0.4230769230769231 0.5168269230769231 0.06129807692307692 0.10096153846153846
0 0.7007211538461539 0.5204326923076923 0.021634615384615384 0.14903846153846154
0 0.8257211538461539 0.53125 0.05048076923076923 0.19951923076923078
0 0.12860576923076922 0.5348557692307693 0.040865384615384616 0.19230769230769232
0 0.037259615384615384 0.5384615384615384 0.046875 0.19110576923076922
0 0.6514423076923077 0.5420673076923077 0.046875 0.22355769230769232
0 0.09975961538461539 0.5480769230769231 0.06610576923076923 0.2127403846153846
0 0.2512019230769231 0.5600961538461539 0.06610576923076923 0.1622596153846154
0 0.19230769230769232 0.5612980769230769 0.0733173076923077 0.21995192307692307
0 0.9603365384615384 0.5865384615384616 0.07211538461538461 0.3425480769230769
0 0.7716346153846154 0.5889423076923077 0.09254807692307693 0.3161057692307692