0 0.027307692307692307 0.778743961352657 0.054615384615384614 0.27246376811594203
0 0.051923076923076926 0.6908212560386473 0.10384615384615385 0.3671497584541063
0 0.061153846153846156 0.5753623188405798 0.08692307692307692 0.2579710144927536
0 0.04269230769230769 0.3685990338164251 0.08538461538461538 0.23091787439613526
0 0.25384615384615383 0.1758454106280193 0.06461538461538462 0.1178743961352657
0 0.25884615384615384 0.2758454106280193 0.057692307692307696 0.20193236714975846
0 0.17576923076923076 0.4227053140096618 0.06076923076923077 0.2251207729468599
0 0.20384615384615384 0.6241545893719807 0.0876923076923077 0.293719806763285
0 0.21846153846153846 0.557487922705314 0.07692307692307693 0.2763285024154589
0 0.2561538461538462 0.4893719806763285 0.08307692307692308 0.26763285024154587
0 0.38653846153846155 0.6434782608695652 0.1176923076923077 0.3710144927536232
0 0.6873076923076923 0.6710144927536232 0.16384615384615384 0.4028985507246377
0 0.34884615384615386 0.28840579710144926 0.057692307692307696 0.15942028985507245
0 0.35307692307692307 0.32657004830917874 0.05846153846153846 0.24347826086956523
0 0.39 0.5661835748792271 0.07692307692307693 0.30531400966183575
0 0.37576923076923074 0.44830917874396137 0.08076923076923077 0.16618357487922705
0 0.3723076923076923 0.3642512077294686 0.06923076923076923 0.12560386473429952
0 0.47923076923076924 0.5328502415458937 0.09384615384615384 0.29082125603864734
0 0.4919230769230769 0.39420289855072466 0.07153846153846154 0.1642512077294686
0 0.5042307692307693 0.25507246376811593 0.05153846153846154 0.12367149758454106
0 0.5142307692307693 0.3130434782608696 0.04230769230769231 0.08309178743961353
0 0.5438461538461539 0.4217391304347826 0.07230769230769231 0.2541062801932367
0 0.5865384615384616 0.5202898550724637 0.07923076923076923 0.26763285024154587
0 0.6046153846153847 0.43719806763285024 0.07538461538461538 0.242512077294686
0 0.6476923076923077 0.3961352657004831 0.06615384615384616 0.20676328502415459
0 0.6734615384615384 0.314975845410628 0.05307692307692308 0.11207729468599034
0 0.7326923076923076 0.26714975845410627 0.045384615384615384 0.08405797101449275
0 0.7361538461538462 0.3072463768115942 0.05692307692307692 0.0927536231884058
0 0.7123076923076923 0.36135265700483093 0.04153846153846154 0.10434782608695652
0 0.7469230769230769 0.3690821256038647 0.06769230769230769 0.0927536231884058
0 0.6838461538461539 0.41545893719806765 0.07692307692307693 0.10048309178743961
0 0.6807692307692308 0.46859903381642515 0.08153846153846153 0.1603864734299517
0 0.7446153846153846 0.606280193236715 0.09846153846153846 0.34492753623188405
0 0.7384615384615385 0.40096618357487923 0.05076923076923077 0.0927536231884058
0 0.7746153846153846 0.4439613526570048 0.06307692307692307 0.12270531400966184
0 0.8211538461538461 0.5579710144927537 0.09923076923076923 0.36231884057971014
0 0.8776923076923077 0.5280193236714976 0.08615384615384615 0.2966183574879227
0 0.926923076923077 0.43671497584541064 0.07846153846153846 0.22028985507246376
0 0.6965384615384616 0.1826086956521739 0.03923076923076923 0.18164251207729468
0 0.7230769230769231 0.1961352657004831 0.04153846153846154 0.16231884057971013
0 0.7626923076923077 0.18888888888888888 0.036153846153846154 0.16328502415458937
0 0.7796153846153846 0.17632850241545894 0.03769230769230769 0.17101449275362318
0 0.8469230769230769 0.19903381642512077 0.04461538461538461 0.17391304347826086
0 0.8388461538461538 0.18743961352657004 0.03461538461538462 0.1758454106280193
0 0.91 0.18647342995169083 0.052307692307692305 0.18164251207729468
0 0.8946153846153846 0.16376811594202897 0.038461538461538464 0.19420289855072465
0 0.9788461538461538 0.11256038647342995 0.040769230769230766 0.18454106280193236
0 0.7507692307692307 0.05990338164251208 0.02 0.06956521739130435
0 0.6461538461538462 0.03671497584541063 0.02 0.06763285024154589
0 0.6642307692307692 0.04009661835748792 0.016153846153846154 0.06280193236714976
0 0.676923076923077 0.03864734299516908 0.016923076923076923 0.06570048309178744
0 0.7084615384615385 0.03429951690821256 0.023076923076923078 0.06859903381642513
0 0.4034615384615385 0.37294685990338167 0.07615384615384616 0.2492753623188406