0 0.06490384615384616 0.5997596153846154 0.09134615384615384 0.32572115384615385
0 0.14903846153846154 0.6009615384615384 0.06129807692307692 0.2644230769230769
0 0.12620192307692307 0.6021634615384616 0.028846153846153848 0.23557692307692307
0 0.11177884615384616 0.5853365384615384 0.039663461538461536 0.2127403846153846
0 0.10336538461538461 0.5 0.016826923076923076 0.038461538461538464
0 0.16947115384615385 0.5072115384615384 0.01201923076923077 0.04807692307692308
0 0.21634615384615385 0.5985576923076923 0.08653846153846154 0.328125
0 0.4326923076923077 0.5084134615384616 0.030048076923076924 0.09375
0 0.4483173076923077 0.5084134615384616 0.019230769230769232 0.09375
0 0.47115384615384615 0.5144230769230769 0.03365384615384615 0.09014423076923077
0 0.4891826923076923 0.5168269230769231 0.014423076923076924 0.08774038461538461
0 0.5216346153846154 0.46634615384615385 0.014423076923076924 0.014423076923076924
0 0.5432692307692307 0.5192307692307693 0.03365384615384615 0.0985576923076923
0 0.5588942307692307 0.5144230769230769 0.020432692307692308 0.09375
0 0.5733173076923077 0.5264423076923077 0.026442307692307692 0.11658653846153846
0 0.5925480769230769 0.5240384615384616 0.02283653846153846 0.12259615384615384
0 0.6069711538461539 0.4891826923076923 0.013221153846153846 0.039663461538461536
0 0.6129807692307693 0.5300480769230769 0.03125 0.11778846153846154
0 0.6682692307692307 0.5288461538461539 0.042067307692307696 0.12740384615384615
0 0.6875 0.5240384615384616 0.037259615384615384 0.12620192307692307
0 0.7259615384615384 0.6454326923076923 0.09495192307692307 0.3894230769230769
0 0.8052884615384616 0.5048076923076923 0.02283653846153846 0.11538461538461539
0 0.7740384615384616 0.5072115384615384 0.020432692307692308 0.10096153846153846
0 0.7608173076923077 0.49399038461538464 0.036057692307692304 0.08533653846153846
0 0.9447115384615384 0.5144230769230769 0.04927884615384615 0.13341346153846154
0 0.5060096153846154 0.5132211538461539 0.027644230769230768 0.0985576923076923