0 0.8016826923076923 0.8076923076923077 0.3918269230769231 0.38461538461538464
0 0.5817307692307693 0.7668269230769231 0.46153846153846156 0.46634615384615385
0 0.30408653846153844 0.75 0.3858173076923077 0.5
0 0.22115384615384615 0.6862980769230769 0.36177884615384615 0.6274038461538461
0 0.09254807692307693 0.5841346153846154 0.18509615384615385 0.5420673076923077
0 0.4423076923076923 0.5276442307692307 0.1935096153846154 0.2860576923076923
0 0.6105769230769231 0.4891826923076923 0.19110576923076922 0.21995192307692307
0 0.8185096153846154 0.5793269230769231 0.2920673076923077 0.5216346153846154
0 0.38341346153846156 0.3641826923076923 0.20432692307692307 0.2860576923076923
0 0.5889423076923077 0.3641826923076923 0.20673076923076922 0.2536057692307692
0 0.7524038461538461 0.328125 0.2776442307692308 0.2956730769230769
0 0.9242788461538461 0.3317307692307692 0.15144230769230768 0.2608173076923077