0 0.09615384615384616 0.5625 0.16346153846153846 0.875
0 0.20192307692307693 0.6225961538461539 0.11778846153846154 0.7548076923076923
0 0.28365384615384615 0.6129807692307693 0.08774038461538461 0.7427884615384616
0 0.4074519230769231 0.6213942307692307 0.0889423076923077 0.6947115384615384
0 0.47596153846153844 0.5841346153846154 0.3004807692307692 0.7764423076923077
0 0.5745192307692307 0.4026442307692308 0.11899038461538461 0.23317307692307693
0 0.6646634615384616 0.5901442307692307 0.09134615384615384 0.7151442307692307
0 0.7728365384615384 0.6117788461538461 0.15625 0.7764423076923077
0 0.8942307692307693 0.5564903846153846 0.20072115384615385 0.8870192307692307
0 0.7572115384615384 0.6682692307692307 0.13221153846153846 0.6634615384615384
0 0.6586538461538461 0.6694711538461539 0.12740384615384615 0.6610576923076923
0 0.5817307692307693 0.6814903846153846 0.11778846153846154 0.6370192307692307
0 0.47115384615384615 0.6766826923076923 0.15985576923076922 0.6454326923076923
0 0.3485576923076923 0.6658653846153846 0.14903846153846154 0.6682692307692307
0 0.2283653846153846 0.6694711538461539 0.14903846153846154 0.6610576923076923