0 0.07211538461538461 0.7800480769230769 0.14423076923076922 0.4362980769230769
0 0.28725961538461536 0.8605769230769231 0.0829326923076923 0.27524038461538464
0 0.3798076923076923 0.8569711538461539 0.057692307692307696 0.28365384615384615
0 0.421875 0.8701923076923077 0.06370192307692307 0.25721153846153844
0 0.5504807692307693 0.8581730769230769 0.06129807692307692 0.2824519230769231
0 0.5300480769230769 0.7367788461538461 0.021634615384615384 0.10216346153846154
0 0.6201923076923077 0.8533653846153846 0.07091346153846154 0.28966346153846156
0 0.609375 0.8533653846153846 0.06009615384615385 0.29086538461538464
0 0.5865384615384616 0.6490384615384616 0.021634615384615384 0.055288461538461536
0 0.5805288461538461 0.6754807692307693 0.03245192307692308 0.13221153846153846
0 0.7283653846153846 0.7920673076923077 0.04447115384615385 0.22956730769230768
0 0.6778846153846154 0.7379807692307693 0.025240384615384616 0.08533653846153846
0 0.9507211538461539 0.7620192307692307 0.09615384615384616 0.4735576923076923
0 0.8137019230769231 0.7536057692307693 0.2091346153846154 0.49038461538461536
0 0.7451923076923077 0.7728365384615384 0.02403846153846154 0.1466346153846154
0 0.6754807692307693 0.8257211538461539 0.030048076923076924 0.25841346153846156
0 0.6538461538461539 0.6850961538461539 0.02403846153846154 0.04326923076923077
0 0.8413461538461539 0.7403846153846154 0.039663461538461536 0.12860576923076922
0 0.8713942307692307 0.8221153846153846 0.038461538461538464 0.2608173076923077
0 0.9074519230769231 0.8209134615384616 0.042067307692307696 0.3112980769230769
0 0.90625 0.7992788461538461 0.040865384615384616 0.2668269230769231
0 0.8846153846153846 0.7007211538461539 0.026442307692307692 0.06129807692307692
0 0.8605769230769231 0.7091346153846154 0.026442307692307692 0.06370192307692307
0 0.671875 0.6334134615384616 0.02283653846153846 0.09375
0 0.6766826923076923 0.5769230769230769 0.021634615384615384 0.0733173076923077
0 0.7139423076923077 0.6141826923076923 0.025240384615384616 0.08533653846153846
0 0.7319711538461539 0.6358173076923077 0.025240384615384616 0.0733173076923077
0 0.7487980769230769 0.6105769230769231 0.030048076923076924 0.08052884615384616
0 0.7620192307692307 0.5901442307692307 0.018028846153846152 0.07932692307692307
0 0.7572115384615384 0.5661057692307693 0.013221153846153846 0.021634615384615384
0 0.6875 0.5204326923076923 0.019230769230769232 0.08413461538461539
0 0.7127403846153846 0.5048076923076923 0.015625 0.040865384615384616
0 0.7247596153846154 0.5144230769230769 0.014423076923076924 0.054086538461538464
0 0.7403846153846154 0.5264423076923077 0.026442307692307692 0.0673076923076923
0 0.7319711538461539 0.5168269230769231 0.013221153846153846 0.0625
0 0.7439903846153846 0.5252403846153846 0.016826923076923076 0.06971153846153846
0 0.7644230769230769 0.53125 0.016826923076923076 0.08653846153846154
0 0.7764423076923077 0.5180288461538461 0.016826923076923076 0.038461538461538464
0 0.7800480769230769 0.5012019230769231 0.018028846153846152 0.051682692307692304
0 0.7932692307692307 0.5024038461538461 0.01201923076923077 0.042067307692307696
0 0.8112980769230769 0.49759615384615385 0.016826923076923076 0.03365384615384615
0 0.8533653846153846 0.5216346153846154 0.016826923076923076 0.09254807692307693
0 0.8737980769230769 0.5216346153846154 0.020432692307692308 0.09615384615384616
0 0.8894230769230769 0.5288461538461539 0.016826923076923076 0.08052884615384616
0 0.8485576923076923 0.5600961538461539 0.013221153846153846 0.039663461538461536