0 0.5168269230769231 0.46033653846153844 0.36899038461538464 0.7644230769230769
0 0.515625 0.6009615384615384 0.4387019230769231 0.5348557692307693
0 0.9459134615384616 0.7860576923076923 0.10697115384615384 0.1310096153846154
0 0.6875 0.7644230769230769 0.17908653846153846 0.1201923076923077
0 0.515625 0.7524038461538461 0.078125 0.11899038461538461
0 0.27884615384615385 0.7355769230769231 0.11658653846153846 0.12259615384615384
0 0.38461538461538464 0.7427884615384616 0.12379807692307693 0.1141826923076923
0 0.22716346153846154 0.7307692307692307 0.09735576923076923 0.11057692307692307
0 0.1201923076923077 0.7271634615384616 0.1201923076923077 0.10576923076923077
0 0.10336538461538461 0.7391826923076923 0.11538461538461539 0.07932692307692307
0 0.025240384615384616 0.7163461538461539 0.04927884615384615 0.10817307692307693
0 0.8112980769230769 0.8064903846153846 0.037259615384615384 0.05048076923076923