0 0.0985576923076923 0.19471153846153846 0.10216346153846154 0.2091346153846154
0 0.19591346153846154 0.22716346153846154 0.0985576923076923 0.27283653846153844
0 0.27524038461538464 0.234375 0.08653846153846154 0.25721153846153844
0 0.3629807692307692 0.18629807692307693 0.052884615384615384 0.15865384615384615
0 0.4723557692307692 0.20432692307692307 0.078125 0.203125
0 0.6141826923076923 0.234375 0.10216346153846154 0.13822115384615385
0 0.7139423076923077 0.23677884615384615 0.0889423076923077 0.12980769230769232
0 0.7427884615384616 0.19230769230769232 0.08413461538461539 0.1971153846153846
0 0.828125 0.15384615384615385 0.08533653846153846 0.09975961538461539
0 0.9302884615384616 0.20072115384615385 0.10336538461538461 0.19831730769230768
0 0.9026442307692307 0.22596153846153846 0.10817307692307693 0.1502403846153846
0 0.8100961538461539 0.2283653846153846 0.0985576923076923 0.14423076923076922
0 0.16706730769230768 0.5300480769230769 0.07572115384615384 0.22115384615384615
0 0.24639423076923078 0.5372596153846154 0.1045673076923077 0.23317307692307693
0 0.2620192307692308 0.7127403846153846 0.09735576923076923 0.17427884615384615
0 0.8689903846153846 0.07572115384615384 0.078125 0.1502403846153846
0 0.7632211538461539 0.3894230769230769 0.10697115384615384 0.20552884615384615
0 0.8377403846153846 0.5216346153846154 0.1310096153846154 0.2956730769230769
0 0.9675480769230769 0.6887019230769231 0.06370192307692307 0.14783653846153846
0 0.9158653846153846 0.6454326923076923 0.0889423076923077 0.18990384615384615
0 0.8269230769230769 0.6237980769230769 0.09014423076923077 0.18990384615384615
0 0.7211538461538461 0.6670673076923077 0.09495192307692307 0.2704326923076923
0 0.7752403846153846 0.6862980769230769 0.12139423076923077 0.1622596153846154
0 0.8810096153846154 0.7776442307692307 0.09134615384615384 0.2620192307692308
0 0.5 0.7620192307692307 0.046875 0.07572115384615384
0 0.7608173076923077 0.8293269230769231 0.13581730769230768 0.234375
0 0.8569711538461539 0.8557692307692307 0.09495192307692307 0.18269230769230768
0 0.5384615384615384 0.5552884615384616 0.09134615384615384 0.2644230769230769
0 0.5108173076923077 0.625 0.07572115384615384 0.1971153846153846
0 0.4387019230769231 0.5048076923076923 0.41466346153846156 0.9903846153846154
0 0.5913461538461539 0.5649038461538461 0.3605769230769231 0.8701923076923077
0 0.056490384615384616 0.2512019230769231 0.09375 0.11658653846153846
0 0.14903846153846154 0.29086538461538464 0.09134615384615384 0.21033653846153846
0 0.1141826923076923 0.08413461538461539 0.09014423076923077 0.16826923076923078
0 0.5204326923076923 0.24158653846153846 0.1045673076923077 0.125
0 0.09495192307692307 0.578125 0.18870192307692307 0.43990384615384615