0 0.25 0.5504807692307693 0.028846153846153848 0.12139423076923077
0 0.2692307692307692 0.5420673076923077 0.025240384615384616 0.07932692307692307
0 0.29086538461538464 0.5336538461538461 0.02283653846153846 0.08653846153846154
0 0.33413461538461536 0.5588942307692307 0.020432692307692308 0.11778846153846154
0 0.37259615384615385 0.5841346153846154 0.04447115384615385 0.18028846153846154
0 0.41947115384615385 0.5504807692307693 0.042067307692307696 0.140625
0 0.23076923076923078 0.6021634615384616 0.06009615384615385 0.22235576923076922
0 0.18389423076923078 0.6382211538461539 0.07572115384615384 0.22956730769230768
0 0.2920673076923077 0.7223557692307693 0.09375 0.4182692307692308
0 0.3641826923076923 0.6153846153846154 0.0673076923076923 0.22596153846153846
0 0.4543269230769231 0.6850961538461539 0.07091346153846154 0.3605769230769231
0 0.5276442307692307 0.6454326923076923 0.09975961538461539 0.27884615384615385
0 0.5528846153846154 0.5192307692307693 0.020432692307692308 0.06850961538461539
0 0.6442307692307693 0.5637019230769231 0.051682692307692304 0.13221153846153846
0 0.7319711538461539 0.7524038461538461 0.13822115384615385 0.4951923076923077
0 0.9314903846153846 0.7668269230769231 0.13701923076923078 0.44471153846153844
0 0.328125 0.5985576923076923 0.04567307692307692 0.1935096153846154
0 0.390625 0.5721153846153846 0.027644230769230768 0.12740384615384615