0 0.5024038461538461 0.7860576923076923 0.02283653846153846 0.09735576923076923
0 0.6959134615384616 0.8040865384615384 0.016826923076923076 0.040865384615384616
0 0.4026442307692308 0.8137019230769231 0.01201923076923077 0.042067307692307696
0 0.4495192307692308 0.8185096153846154 0.040865384615384616 0.17548076923076922
0 0.7403846153846154 0.8197115384615384 0.020432692307692308 0.13341346153846154
0 0.859375 0.8197115384615384 0.020432692307692308 0.13341346153846154
0 0.9891826923076923 0.8209134615384616 0.021634615384615384 0.16346153846153846
0 0.9326923076923077 0.8209134615384616 0.027644230769230768 0.12980769230769232
0 0.7704326923076923 0.8221153846153846 0.028846153846153848 0.11658653846153846
0 0.5865384615384616 0.8221153846153846 0.02283653846153846 0.12259615384615384
0 0.5348557692307693 0.8221153846153846 0.015625 0.109375
0 0.6850961538461539 0.8233173076923077 0.013221153846153846 0.06971153846153846
0 0.41225961538461536 0.8233173076923077 0.016826923076923076 0.07932692307692307
0 0.8737980769230769 0.8245192307692307 0.018028846153846152 0.08774038461538461
0 0.9170673076923077 0.8245192307692307 0.02283653846153846 0.11778846153846154
0 0.6057692307692307 0.8245192307692307 0.028846153846153848 0.11899038461538461
0 0.39783653846153844 0.8257211538461539 0.013221153846153846 0.06971153846153846
0 0.546875 0.8257211538461539 0.020432692307692308 0.09254807692307693
0 0.46875 0.8269230769230769 0.02403846153846154 0.15264423076923078
0 0.6646634615384616 0.8269230769230769 0.02403846153846154 0.11899038461538461
0 0.5637019230769231 0.8269230769230769 0.027644230769230768 0.1045673076923077
0 0.7007211538461539 0.8293269230769231 0.021634615384615384 0.057692307692307696
0 0.14302884615384615 0.8317307692307693 0.038461538461538464 0.15264423076923078
0 0.3449519230769231 0.8317307692307693 0.03245192307692308 0.1346153846153846
0 0.43028846153846156 0.8329326923076923 0.018028846153846152 0.0889423076923077
0 0.009615384615384616 0.8329326923076923 0.019230769230769232 0.09014423076923077
0 0.19951923076923078 0.8329326923076923 0.026442307692307692 0.13942307692307693
0 0.37259615384615385 0.8329326923076923 0.038461538461538464 0.15144230769230768
0 0.021634615384615384 0.8341346153846154 0.013221153846153846 0.07451923076923077
0 0.2403846153846154 0.8341346153846154 0.026442307692307692 0.1658653846153846
0 0.1814903846153846 0.8341346153846154 0.040865384615384616 0.15264423076923078
0 0.38822115384615385 0.8341346153846154 0.016826923076923076 0.11658653846153846
0 0.26322115384615385 0.8353365384615384 0.027644230769230768 0.14423076923076922
0 0.28846153846153844 0.8377403846153846 0.016826923076923076 0.12379807692307693
0 0.057692307692307696 0.8377403846153846 0.03485576923076923 0.13581730769230768
0 0.09975961538461539 0.8401442307692307 0.02283653846153846 0.1466346153846154
0 0.22355769230769232 0.8401442307692307 0.04447115384615385 0.19471153846153846
0 0.8365384615384616 0.8413461538461539 0.05048076923076923 0.24759615384615385
0 0.12139423076923077 0.8413461538461539 0.036057692307692304 0.14903846153846154
0 0.07211538461538461 0.8461538461538461 0.04447115384615385 0.15264423076923078
0 0.7920673076923077 0.8473557692307693 0.04807692307692308 0.21754807692307693
0 0.3137019230769231 0.8533653846153846 0.06610576923076923 0.21153846153846154
0 0.5060096153846154 0.8629807692307693 0.06610576923076923 0.2536057692307692