0 0.18269230769230768 0.5372596153846154 0.08774038461538461 0.30408653846153844
0 0.24278846153846154 0.6262019230769231 0.14903846153846154 0.515625
0 0.30649038461538464 0.46274038461538464 0.03365384615384615 0.11057692307692307
0 0.48677884615384615 0.5048076923076923 0.07091346153846154 0.21033653846153846
0 0.5829326923076923 0.4651442307692308 0.03485576923076923 0.140625
0 0.6081730769230769 0.47716346153846156 0.015625 0.10336538461538461
0 0.65625 0.4735576923076923 0.019230769230769232 0.0889423076923077
0 0.6694711538461539 0.4807692307692308 0.026442307692307692 0.10697115384615384
0 0.6887019230769231 0.4855769230769231 0.020432692307692308 0.11538461538461539
0 0.7055288461538461 0.49278846153846156 0.03245192307692308 0.13942307692307693
0 0.7259615384615384 0.4891826923076923 0.02403846153846154 0.11658653846153846
0 0.7572115384615384 0.5036057692307693 0.04326923076923077 0.16826923076923078
0 0.7980769230769231 0.484375 0.038461538461538464 0.11057692307692307
0 0.8317307692307693 0.4891826923076923 0.038461538461538464 0.18990384615384615
0 0.8449519230769231 0.5096153846153846 0.020432692307692308 0.15865384615384615