0 0.4795673076923077 0.1141826923076923 0.07932692307692307 0.14302884615384615
0 0.7716346153846154 0.11658653846153846 0.026442307692307692 0.04927884615384615
0 0.32091346153846156 0.11899038461538461 0.052884615384615384 0.109375
0 0.5576923076923077 0.12139423076923077 0.057692307692307696 0.11658653846153846
0 0.6165865384615384 0.14543269230769232 0.02403846153846154 0.07692307692307693
0 0.28125 0.15865384615384615 0.042067307692307696 0.09254807692307693
0 0.7283653846153846 0.1622596153846154 0.056490384615384616 0.18509615384615385
0 0.14903846153846154 0.16346153846153846 0.04807692307692308 0.10216346153846154
0 0.3269230769230769 0.16826923076923078 0.028846153846153848 0.06490384615384616
0 0.5588942307692307 0.17067307692307693 0.03485576923076923 0.15625
0 0.625 0.17548076923076922 0.027644230769230768 0.109375
0 0.65625 0.18509615384615385 0.042067307692307696 0.2127403846153846
0 0.8353365384615384 0.18870192307692307 0.036057692307692304 0.1971153846153846
0 0.4074519230769231 0.19230769230769232 0.05889423076923077 0.18870192307692307
0 0.53125 0.19230769230769232 0.04326923076923077 0.13942307692307693
0 0.7896634615384616 0.1971153846153846 0.06370192307692307 0.203125
0 0.6862980769230769 0.1971153846153846 0.042067307692307696 0.21394230769230768
0 0.578125 0.20072115384615385 0.030048076923076924 0.11538461538461539
0 0.5048076923076923 0.20432692307692307 0.03365384615384615 0.1935096153846154
0 0.8762019230769231 0.2091346153846154 0.0889423076923077 0.2091346153846154
0 0.453125 0.2091346153846154 0.040865384615384616 0.18269230769230768
0 0.2692307692307692 0.21153846153846154 0.054086538461538464 0.14543269230769232
0 0.18990384615384615 0.21153846153846154 0.07211538461538461 0.32211538461538464
0 0.5985576923076923 0.21394230769230768 0.037259615384615384 0.12379807692307693
0 0.23076923076923078 0.21995192307692307 0.046875 0.2091346153846154
0 0.38100961538461536 0.21995192307692307 0.055288461538461536 0.20192307692307693
0 0.30528846153846156 0.22716346153846154 0.054086538461538464 0.14423076923076922
0 0.4795673076923077 0.22716346153846154 0.03485576923076923 0.1814903846153846
0 0.6262019230769231 0.23197115384615385 0.028846153846153848 0.109375
0 0.7548076923076923 0.23197115384615385 0.042067307692307696 0.25
0 0.2860576923076923 0.234375 0.04927884615384615 0.12620192307692307
0 0.3473557692307692 0.24158653846153846 0.04326923076923077 0.21394230769230768
0 0.12620192307692307 0.2692307692307692 0.05048076923076923 0.171875
0 0.14783653846153846 0.2704326923076923 0.11298076923076923 0.27884615384615385
0 0.7379807692307693 0.2764423076923077 0.056490384615384616 0.21634615384615385
0 0.7019230769230769 0.2800480769230769 0.04447115384615385 0.20072115384615385
0 0.859375 0.28365384615384615 0.04567307692307692 0.13822115384615385
0 0.9074519230769231 0.28365384615384615 0.0625 0.23918269230769232
0 0.65625 0.2956730769230769 0.036057692307692304 0.109375
0 0.40865384615384615 0.3004807692307692 0.021634615384615384 0.13221153846153846
0 0.6947115384615384 0.30288461538461536 0.04927884615384615 0.12860576923076922
0 0.4651442307692308 0.30528846153846156 0.056490384615384616 0.11538461538461539
0 0.5877403846153846 0.30528846153846156 0.06610576923076923 0.15144230769230768
0 0.8257211538461539 0.30649038461538464 0.055288461538461536 0.13942307692307693
0 0.4266826923076923 0.3088942307692308 0.051682692307692304 0.13942307692307693
0 0.5504807692307693 0.3125 0.051682692307692304 0.20072115384615385
0 0.625 0.3137019230769231 0.038461538461538464 0.13341346153846154
0 0.7824519230769231 0.31490384615384615 0.04447115384615385 0.17307692307692307
0 0.5120192307692307 0.31490384615384615 0.04807692307692308 0.1141826923076923
0 0.3954326923076923 0.3233173076923077 0.036057692307692304 0.10096153846153846
0 0.203125 0.33413461538461536 0.052884615384615384 0.15745192307692307
0 0.24879807692307693 0.33413461538461536 0.054086538461538464 0.17908653846153846
0 0.31971153846153844 0.33774038461538464 0.057692307692307696 0.1935096153846154
0 0.10096153846153846 0.3485576923076923 0.054086538461538464 0.23197115384615385
0 0.28365384615384615 0.3485576923076923 0.042067307692307696 0.17427884615384615
0 0.3629807692307692 0.34975961538461536 0.046875 0.17668269230769232
0 0.9254807692307693 0.3641826923076923 0.0625 0.09014423076923077
0 0.15985576923076922 0.37740384615384615 0.057692307692307696 0.12860576923076922
0 0.06971153846153846 0.39663461538461536 0.11899038461538461 0.19951923076923078
0 0.7788461538461539 0.39903846153846156 0.08533653846153846 0.27283653846153844
0 0.2536057692307692 0.4074519230769231 0.025240384615384616 0.07451923076923077
0 0.9050480769230769 0.41947115384615385 0.055288461538461536 0.12860576923076922
0 0.2980769230769231 0.42788461538461536 0.03245192307692308 0.09735576923076923
0 0.6983173076923077 0.4362980769230769 0.08774038461538461 0.12379807692307693
0 0.4807692307692308 0.4423076923076923 0.04807692307692308 0.24278846153846154
0 0.38461538461538464 0.4519230769230769 0.04326923076923077 0.14783653846153846
0 0.5949519230769231 0.4639423076923077 0.025240384615384616 0.13701923076923078
0 0.32091346153846156 0.4675480769230769 0.05048076923076923 0.17427884615384615
0 0.4266826923076923 0.46875 0.06850961538461539 0.23557692307692307
0 0.546875 0.47115384615384615 0.027644230769230768 0.18028846153846154
0 0.6442307692307693 0.47115384615384615 0.04326923076923077 0.15504807692307693
0 0.6778846153846154 0.47475961538461536 0.07932692307692307 0.19591346153846154
0 0.2247596153846154 0.47475961538461536 0.056490384615384616 0.2920673076923077
0 0.5192307692307693 0.47716346153846156 0.04447115384615385 0.22235576923076922
0 0.17908653846153846 0.4831730769230769 0.04807692307692308 0.24639423076923078
0 0.6213942307692307 0.49038461538461536 0.027644230769230768 0.15865384615384615
0 0.4375 0.4963942307692308 0.056490384615384616 0.21754807692307693
0 0.3581730769230769 0.5 0.046875 0.21754807692307693
0 0.5673076923076923 0.5024038461538461 0.056490384615384616 0.21995192307692307
0 0.9254807692307693 0.5048076923076923 0.08052884615384616 0.26322115384615385
0 0.13221153846153846 0.515625 0.06971153846153846 0.2860576923076923
0 0.8870192307692307 0.5168269230769231 0.03365384615384615 0.16947115384615385
0 0.25961538461538464 0.5252403846153846 0.057692307692307696 0.22596153846153846
0 0.1502403846153846 0.5276442307692307 0.06370192307692307 0.25961538461538464
0 0.021634615384615384 0.5336538461538461 0.04326923076923077 0.25
0 0.8305288461538461 0.5372596153846154 0.078125 0.27403846153846156
0 0.8317307692307693 0.5504807692307693 0.07451923076923077 0.20552884615384615
0 0.48677884615384615 0.5528846153846154 0.04927884615384615 0.1310096153846154
0 0.06490384615384616 0.5540865384615384 0.06490384615384616 0.234375
0 0.6935096153846154 0.5540865384615384 0.06971153846153846 0.13942307692307693
0 0.06610576923076923 0.5588942307692307 0.07451923076923077 0.07572115384615384
0 0.49158653846153844 0.5649038461538461 0.042067307692307696 0.109375
0 0.6430288461538461 0.5661057692307693 0.0829326923076923 0.1658653846153846
0 0.7379807692307693 0.5709134615384616 0.051682692307692304 0.20192307692307693
0 0.5456730769230769 0.5709134615384616 0.0625 0.15504807692307693
0 0.22956730769230768 0.5733173076923077 0.06009615384615385 0.11899038461538461
0 0.30649038461538464 0.5733173076923077 0.06129807692307692 0.3088942307692308
0 0.5528846153846154 0.5769230769230769 0.07692307692307693 0.15264423076923078
0 0.6069711538461539 0.5817307692307693 0.042067307692307696 0.12980769230769232
0 0.42788461538461536 0.5889423076923077 0.046875 0.10336538461538461
0 0.39783653846153844 0.5997596153846154 0.046875 0.17067307692307693
0 0.5120192307692307 0.6237980769230769 0.07091346153846154 0.17427884615384615
0 0.35216346153846156 0.6310096153846154 0.06610576923076923 0.11298076923076923
0 0.6346153846153846 0.6394230769230769 0.02283653846153846 0.09134615384615384
0 0.7800480769230769 0.6466346153846154 0.05048076923076923 0.27163461538461536
0 0.41346153846153844 0.6550480769230769 0.037259615384615384 0.06850961538461539
0 0.5709134615384616 0.6658653846153846 0.06610576923076923 0.1935096153846154
0 0.3016826923076923 0.6682692307692307 0.037259615384615384 0.18509615384615385
0 0.328125 0.6887019230769231 0.07211538461538461 0.18028846153846154
0 0.25600961538461536 0.6911057692307693 0.10697115384615384 0.31009615384615385
0 0.453125 0.6947115384615384 0.05048076923076923 0.21754807692307693
0 0.18990384615384615 0.7043269230769231 0.05889423076923077 0.2247596153846154
0 0.11899038461538461 0.7103365384615384 0.05048076923076923 0.18389423076923078
0 0.6658653846153846 0.7127403846153846 0.0829326923076923 0.26802884615384615
0 0.4074519230769231 0.7259615384615384 0.06009615384615385 0.2512019230769231
0 0.38221153846153844 0.7319711538461539 0.036057692307692304 0.20673076923076922
0 0.5901442307692307 0.734375 0.14302884615384615 0.35697115384615385
0 0.31850961538461536 0.7415865384615384 0.13581730769230768 0.42427884615384615
0 0.9375 0.7487980769230769 0.12379807692307693 0.5
0 0.27163461538461536 0.7572115384615384 0.05889423076923077 0.21033653846153846
0 0.7956730769230769 0.7608173076923077 0.09254807692307693 0.3173076923076923
0 0.15264423076923078 0.7632211538461539 0.11298076923076923 0.38822115384615385
0 0.8509615384615384 0.765625 0.10216346153846154 0.453125
0 0.4639423076923077 0.7668269230769231 0.12379807692307693 0.24879807692307693
0 0.06850961538461539 0.7716346153846154 0.0733173076923077 0.33653846153846156
0 0.7211538461538461 0.7740384615384616 0.08533653846153846 0.328125
0 0.03125 0.7824519230769231 0.06129807692307692 0.3088942307692308