0 0.014423076923076924 0.7908653846153846 0.028846153846153848 0.11538461538461539
0 0.10216346153846154 0.8016826923076923 0.07451923076923077 0.1658653846153846
0 0.15625 0.7800480769230769 0.036057692307692304 0.12620192307692307
0 0.17908653846153846 0.78125 0.026442307692307692 0.11057692307692307
0 0.20552884615384615 0.7824519230769231 0.036057692307692304 0.12620192307692307
0 0.3389423076923077 0.7740384615384616 0.030048076923076924 0.09735576923076923
0 0.36177884615384615 0.7728365384615384 0.027644230769230768 0.07692307692307693
0 0.3161057692307692 0.7620192307692307 0.020432692307692308 0.07692307692307693
0 0.4699519230769231 0.7896634615384616 0.06009615384615385 0.13701923076923078
0 0.5276442307692307 0.8028846153846154 0.056490384615384616 0.15504807692307693
0 0.6069711538461539 0.8389423076923077 0.07091346153846154 0.18629807692307693
0 0.6394230769230769 0.8269230769230769 0.052884615384615384 0.15504807692307693
0 0.7091346153846154 0.796875 0.03365384615384615 0.11057692307692307
0 0.7596153846153846 0.8125 0.036057692307692304 0.15745192307692307
0 0.8798076923076923 0.8173076923076923 0.057692307692307696 0.20552884615384615
0 0.9002403846153846 0.7584134615384616 0.026442307692307692 0.07932692307692307
0 0.9290865384615384 0.7872596153846154 0.03365384615384615 0.14182692307692307
0 0.9663461538461539 0.78125 0.025240384615384616 0.11899038461538461
0 0.9903846153846154 0.7319711538461539 0.018028846153846152 0.039663461538461536
0 0.9891826923076923 0.7848557692307693 0.021634615384615384 0.12259615384615384