0 0.10817307692307693 0.4675480769230769 0.055288461538461536 0.24519230769230768
0 0.1814903846153846 0.43509615384615385 0.03365384615384615 0.19951923076923078
0 0.16466346153846154 0.4807692307692308 0.07572115384615384 0.2980769230769231
0 0.22355769230769232 0.45913461538461536 0.02403846153846154 0.23798076923076922
0 0.20432692307692307 0.47475961538461536 0.055288461538461536 0.2848557692307692
0 0.27163461538461536 0.4579326923076923 0.04927884615384615 0.25961538461538464
0 0.25240384615384615 0.46274038461538464 0.0889423076923077 0.31971153846153844
0 0.3088942307692308 0.47716346153846156 0.051682692307692304 0.28966346153846156
0 0.32091346153846156 0.5024038461538461 0.06971153846153846 0.2848557692307692
0 0.4026442307692308 0.4807692307692308 0.036057692307692304 0.25240384615384615
0 0.4026442307692308 0.49038461538461536 0.038461538461538464 0.27524038461538464
0 0.38100961538461536 0.5084134615384616 0.06370192307692307 0.30288461538461536
0 0.44711538461538464 0.5048076923076923 0.06370192307692307 0.33533653846153844
0 0.4807692307692308 0.49399038461538464 0.036057692307692304 0.30288461538461536
0 0.49038461538461536 0.5192307692307693 0.06850961538461539 0.35216346153846156
0 0.5336538461538461 0.4879807692307692 0.04326923076923077 0.27524038461538464
0 0.5588942307692307 0.5096153846153846 0.08173076923076923 0.4098557692307692
0 0.5997596153846154 0.5084134615384616 0.03365384615384615 0.35697115384615385
0 0.609375 0.5348557692307693 0.07932692307692307 0.4098557692307692
0 0.640625 0.5673076923076923 0.07932692307692307 0.43028846153846156
0 0.6742788461538461 0.5949519230769231 0.08413461538461539 0.49038461538461536
0 0.7211538461538461 0.5432692307692307 0.07451923076923077 0.39783653846153844
0 0.7463942307692307 0.6310096153846154 0.1141826923076923 0.5372596153846154
0 0.78125 0.5877403846153846 0.07932692307692307 0.49038461538461536
0 0.7980769230769231 0.3786057692307692 0.040865384615384616 0.11298076923076923
0 0.8161057692307693 0.3798076923076923 0.03365384615384615 0.06971153846153846
0 0.8269230769230769 0.5637019230769231 0.06370192307692307 0.46274038461538464
0 0.8581730769230769 0.59375 0.10336538461538461 0.5625
0 0.9314903846153846 0.5757211538461539 0.0889423076923077 0.5024038461538461
0 0.8942307692307693 0.6274038461538461 0.125 0.6298076923076923
0 0.9771634615384616 0.5829326923076923 0.04567307692307692 0.4651442307692308