0 0.7439903846153846 0.9375 0.040865384615384616 0.125
0 0.7151442307692307 0.9290865384615384 0.04567307692307692 0.14182692307692307
0 0.8521634615384616 0.9326923076923077 0.018028846153846152 0.10576923076923077
0 0.8641826923076923 0.8846153846153846 0.008413461538461538 0.020432692307692308
0 0.8810096153846154 0.921875 0.025240384615384616 0.10216346153846154
0 0.9375 0.9098557692307693 0.03365384615384615 0.10216346153846154
0 0.9134615384615384 0.9122596153846154 0.015625 0.06490384615384616
0 0.9194711538461539 0.9122596153846154 0.021634615384615384 0.08052884615384616
0 0.453125 0.8677884615384616 0.015625 0.046875
0 0.16947115384615385 0.8449519230769231 0.1310096153846154 0.3088942307692308
0 0.06370192307692307 0.8173076923076923 0.12740384615384615 0.36538461538461536
0 0.5600961538461539 0.9086538461538461 0.042067307692307696 0.12620192307692307