0 0.9725 0.42267267267267267 0.009 0.03753753753753754
0 0.9815 0.42267267267267267 0.007 0.03453453453453453
0 0.96 0.43018018018018017 0.008 0.04054054054054054
0 0.952 0.43318318318318316 0.008 0.04054054054054054
0 0.9415 0.43843843843843844 0.009 0.04504504504504504
0 0.9225 0.4436936936936937 0.011 0.052552552552552555
0 0.8485 0.4451951951951952 0.007 0.03453453453453453
0 0.903 0.4451951951951952 0.012 0.06156156156156156
0 0.841 0.44744744744744747 0.008 0.036036036036036036
0 0.8855 0.4519519519519519 0.011 0.06306306306306306
0 0.8925 0.4527027027027027 0.011 0.06456456456456457
0 0.876 0.45495495495495497 0.008 0.06606606606606606
0 0.8235 0.45570570570570573 0.007 0.052552552552552555
0 0.832 0.45645645645645644 0.012 0.05105105105105105
0 0.856 0.4587087087087087 0.012 0.05555555555555555
0 0.87 0.4587087087087087 0.014 0.07057057057057058
0 0.6535 0.46546546546546547 0.015 0.042042042042042045
0 0.8165 0.47297297297297297 0.019 0.08408408408408409
0 0.793 0.48348348348348347 0.022 0.10810810810810811
0 0.766 0.4924924924924925 0.024 0.12612612612612611
0 0.744 0.49774774774774777 0.03 0.13063063063063063
0 0.7215 0.5037537537537538 0.033 0.13663663663663664
0 0.704 0.5135135135135135 0.036 0.14114114114114115
0 0.6835 0.5195195195195195 0.029 0.14414414414414414
0 0.623 0.5232732732732732 0.03 0.16366366366366367
0 0.6595 0.524024024024024 0.025 0.12012012012012012
0 0.171 0.5307807807807807 0.034 0.07957957957957958
0 0.6135 0.5420420420420421 0.047 0.16816816816816818
0 0.123 0.5442942942942943 0.032 0.1006006006006006
0 0.59 0.5442942942942943 0.032 0.17567567567567569
0 0.577 0.5518018018018018 0.044 0.1816816816816817
0 0.527 0.5570570570570571 0.042 0.21921921921921922
0 0.5105 0.5735735735735735 0.045 0.1981981981981982
0 0.4875 0.575075075075075 0.045 0.21621621621621623
0 0.4675 0.5780780780780781 0.041 0.22822822822822822
0 0.448 0.5930930930930931 0.048 0.21021021021021022
0 0.421 0.5938438438438438 0.052 0.23873873873873874
0 0.3875 0.5960960960960962 0.069 0.2552552552552553
0 0.322 0.6186186186186187 0.054 0.27927927927927926
0 0.3555 0.6216216216216216 0.057 0.25225225225225223
0 0.298 0.6268768768768769 0.078 0.2987987987987988
0 0.2625 0.6531531531531531 0.059 0.2822822822822823
0 0.2225 0.6599099099099099 0.071 0.3138138138138138
0 0.1125 0.6764264264264265 0.049 0.3138138138138138
0 0.1175 0.6816816816816816 0.059 0.3183183183183183
0 0.087 0.6816816816816816 0.052 0.3123123123123123
0 0.164 0.6854354354354354 0.068 0.3078078078078078
0 0.0345 0.7117117117117117 0.067 0.34234234234234234