0 0.4050480769230769 0.8149038461538461 0.0829326923076923 0.125
0 0.4951923076923077 0.8064903846153846 0.04326923076923077 0.07091346153846154
0 0.5673076923076923 0.8209134615384616 0.04807692307692308 0.09014423076923077
0 0.6514423076923077 0.8233173076923077 0.054086538461538464 0.10096153846153846
0 0.6201923076923077 0.8245192307692307 0.03485576923076923 0.09254807692307693
0 0.7632211538461539 0.8317307692307693 0.078125 0.10697115384615384
0 0.7019230769230769 0.8221153846153846 0.037259615384615384 0.08413461538461539
0 0.7259615384615384 0.8293269230769231 0.037259615384615384 0.08653846153846154
0 0.7824519230769231 0.8197115384615384 0.046875 0.09375
0 0.84375 0.8233173076923077 0.052884615384615384 0.09375
0 0.21875 0.78125 0.02403846153846154 0.02403846153846154
0 0.14423076923076922 0.7752403846153846 0.015625 0.010817307692307692
0 0.6754807692307693 0.796875 0.025240384615384616 0.040865384615384616
0 0.5757211538461539 0.8125 0.06610576923076923 0.07211538461538461