0 0.025240384615384616 0.5600961538461539 0.05048076923076923 0.5084134615384616
0 0.14423076923076922 0.4543269230769231 0.10817307692307693 0.6526442307692307
0 0.21634615384615385 0.45552884615384615 0.11658653846153846 0.6454326923076923
0 0.30528846153846156 0.4519230769230769 0.13701923076923078 0.6454326923076923
0 0.3701923076923077 0.47716346153846156 0.07211538461538461 0.5829326923076923
0 0.46033653846153844 0.4951923076923077 0.15384615384615385 0.5673076923076923
0 0.5276442307692307 0.4567307692307692 0.15504807692307693 0.6382211538461539
0 0.5793269230769231 0.4963942307692308 0.10817307692307693 0.5396634615384616
0 0.6274038461538461 0.34134615384615385 0.10817307692307693 0.25841346153846156
0 0.6298076923076923 0.6370192307692307 0.10817307692307693 0.6826923076923077
0 0.6899038461538461 0.4723557692307692 0.0733173076923077 0.5877403846153846
0 0.7307692307692307 0.4723557692307692 0.10697115384615384 0.5853365384615384
0 0.7151442307692307 0.46274038461538464 0.11538461538461539 0.5685096153846154
0 0.7908653846153846 0.5336538461538461 0.11538461538461539 0.44591346153846156
0 0.859375 0.5120192307692307 0.1814903846153846 0.5336538461538461
0 0.27524038461538464 0.5925480769230769 0.04927884615384615 0.08413461538461539
0 0.5588942307692307 0.6153846153846154 0.020432692307692308 0.03365384615384615