0 0.0733173076923077 0.6526442307692307 0.14302884615384615 0.6394230769230769
0 0.1466346153846154 0.5733173076923077 0.07692307692307693 0.5817307692307693
0 0.20552884615384615 0.6129807692307693 0.09375 0.5649038461538461
0 0.26802884615384615 0.7668269230769231 0.11298076923076923 0.46634615384615385
0 0.34615384615384615 0.7295673076923077 0.08413461538461539 0.41225961538461536
0 0.4074519230769231 0.7175480769230769 0.08413461538461539 0.40024038461538464
0 0.4723557692307692 0.7319711538461539 0.0829326923076923 0.38461538461538464
0 0.5432692307692307 0.7307692307692307 0.07451923076923077 0.3942307692307692
0 0.5997596153846154 0.7127403846153846 0.0673076923076923 0.36658653846153844
0 0.6646634615384616 0.7379807692307693 0.08413461538461539 0.3942307692307692
0 0.7451923076923077 0.8269230769230769 0.16466346153846154 0.3389423076923077
0 0.8016826923076923 0.7175480769230769 0.09014423076923077 0.39663461538461536
0 0.8569711538461539 0.6899038461538461 0.078125 0.4026442307692308
0 0.9362980769230769 0.703125 0.11057692307692307 0.4206730769230769
0 0.8701923076923077 0.4951923076923077 0.07211538461538461 0.20793269230769232
0 0.8149038461538461 0.5036057692307693 0.06370192307692307 0.23798076923076922
0 0.7379807692307693 0.5252403846153846 0.09014423076923077 0.4326923076923077
0 0.6622596153846154 0.5096153846153846 0.07211538461538461 0.2764423076923077
0 0.5733173076923077 0.5168269230769231 0.07692307692307693 0.25600961538461536
0 0.5252403846153846 0.5036057692307693 0.0625 0.31850961538461536
0 0.47475961538461536 0.49038461538461536 0.07572115384615384 0.30408653846153844
0 0.39903846153846156 0.45072115384615385 0.09254807692307693 0.21634615384615385
0 0.36899038461538464 0.4891826923076923 0.056490384615384616 0.3088942307692308
0 0.3317307692307692 0.5060096153846154 0.06490384615384616 0.33052884615384615
0 0.27884615384615385 0.49158653846153844 0.07692307692307693 0.3269230769230769
0 0.40384615384615385 0.3401442307692308 0.037259615384615384 0.1201923076923077
0 0.4723557692307692 0.35336538461538464 0.078125 0.21394230769230768
0 0.5576923076923077 0.328125 0.07932692307692307 0.14783653846153846
0 0.625 0.3317307692307692 0.07091346153846154 0.1346153846153846
0 0.6947115384615384 0.4723557692307692 0.056490384615384616 0.3545673076923077
0 0.78125 0.39783653846153844 0.07451923076923077 0.2668269230769231
0 0.8822115384615384 0.40625 0.13221153846153846 0.3786057692307692
0 0.8185096153846154 0.32572115384615385 0.037259615384615384 0.13822115384615385
0 0.9675480769230769 0.4579326923076923 0.06490384615384616 0.45913461538461536
0 0.546875 0.4074519230769231 0.03245192307692308 0.10576923076923077