0 0.1045673076923077 0.3125 0.13942307692307693 0.31490384615384615
0 0.2247596153846154 0.30528846153846156 0.15504807692307693 0.3605769230769231
0 0.34134615384615385 0.4362980769230769 0.14302884615384615 0.6274038461538461
0 0.46274038461538464 0.28725961538461536 0.14182692307692307 0.4050480769230769
0 0.5805288461538461 0.27403846153846156 0.14302884615384615 0.37259615384615385
0 0.6899038461538461 0.3125 0.1466346153846154 0.4254807692307692
0 0.8052884615384616 0.3473557692307692 0.12139423076923077 0.3701923076923077
0 0.921875 0.5 0.13942307692307693 0.75
0 0.8605769230769231 0.6201923076923077 0.17307692307692307 0.5949519230769231
0 0.7043269230769231 0.6117788461538461 0.18509615384615385 0.5829326923076923
0 0.59375 0.6081730769230769 0.18028846153846154 0.5721153846153846
0 0.4567307692307692 0.6225961538461539 0.15384615384615385 0.5396634615384616
0 0.3329326923076923 0.6286057692307693 0.16466346153846154 0.5324519230769231
0 0.2247596153846154 0.6322115384615384 0.13942307692307693 0.5396634615384616
0 0.08533653846153846 0.6129807692307693 0.17067307692307693 0.6201923076923077