0 0.3918269230769231 0.6117788461538461 0.46153846153846156 0.7764423076923077
0 0.6706730769230769 0.9302884615384616 0.17548076923076922 0.13942307692307693
0 0.7980769230769231 0.8918269230769231 0.1346153846153846 0.21634615384615385
0 0.9507211538461539 0.8810096153846154 0.0985576923076923 0.23798076923076922
0 0.8425480769230769 0.7896634615384616 0.09735576923076923 0.23317307692307693
0 0.9206730769230769 0.7259615384615384 0.0829326923076923 0.27403846153846156
0 0.9146634615384616 0.6237980769230769 0.06850961538461539 0.12379807692307693
0 0.8197115384615384 0.6021634615384616 0.04567307692307692 0.125
0 0.7439903846153846 0.6490384615384616 0.02403846153846154 0.125
0 0.7175480769230769 0.65625 0.03125 0.10216346153846154
0 0.7271634615384616 0.5853365384615384 0.010817307692307692 0.038461538461538464
0 0.6586538461538461 0.5612980769230769 0.01201923076923077 0.036057692307692304
0 0.6754807692307693 0.5396634615384616 0.010817307692307692 0.038461538461538464
0 0.6358173076923077 0.5180288461538461 0.008413461538461538 0.02283653846153846
0 0.6610576923076923 0.5120192307692307 0.010817307692307692 0.03365384615384615
0 0.46875 0.5492788461538461 0.01201923076923077 0.03365384615384615
0 0.4723557692307692 0.5132211538461539 0.010817307692307692 0.02283653846153846
0 0.42788461538461536 0.5108173076923077 0.007211538461538462 0.027644230769230768
0 0.052884615384615384 0.46274038461538464 0.013221153846153846 0.052884615384615384
0 0.025240384615384616 0.4519230769230769 0.020432692307692308 0.036057692307692304
0 0.28725961538461536 0.8353365384615384 0.052884615384615384 0.12740384615384615
0 0.038461538461538464 0.8185096153846154 0.07692307692307693 0.21634615384615385
0 0.5 0.8870192307692307 0.1201923076923077 0.22596153846153846
0 0.5733173076923077 0.8389423076923077 0.06610576923076923 0.125
0 0.6610576923076923 0.8329326923076923 0.07451923076923077 0.18269230769230768
0 0.6598557692307693 0.7259615384615384 0.04326923076923077 0.1875
0 0.7295673076923077 0.8221153846153846 0.0733173076923077 0.15985576923076922
0 0.7415865384615384 0.7572115384615384 0.039663461538461536 0.0985576923076923
0 0.7752403846153846 0.7920673076923077 0.055288461538461536 0.10096153846153846
0 0.609375 0.7992788461538461 0.06009615384615385 0.1045673076923077
0 0.5168269230769231 0.7692307692307693 0.03485576923076923 0.09134615384615384
0 0.5408653846153846 0.8076923076923077 0.055288461538461536 0.109375
0 0.4831730769230769 0.7704326923076923 0.02283653846153846 0.06129807692307692
0 0.2091346153846154 0.8016826923076923 0.038461538461538464 0.09615384615384616
0 0.22716346153846154 0.7752403846153846 0.037259615384615384 0.11658653846153846
0 0.27163461538461536 0.7391826923076923 0.021634615384615384 0.09375
0 0.09495192307692307 0.7427884615384616 0.036057692307692304 0.15745192307692307
0 0.03125 0.9375 0.0625 0.125
0 0.5985576923076923 0.6983173076923077 0.019230769230769232 0.09615384615384616
0 0.6201923076923077 0.6490384615384616 0.019230769230769232 0.056490384615384616
0 0.7920673076923077 0.7836538461538461 0.039663461538461536 0.12379807692307693
0 0.8004807692307693 0.7415865384615384 0.054086538461538464 0.09615384615384616