0 0.9326923076923077 0.703125 0.1346153846153846 0.5925480769230769
0 0.8918269230769231 0.5901442307692307 0.08774038461538461 0.453125
0 0.8521634615384616 0.4411057692307692 0.06009615384615385 0.14783653846153846
0 0.8617788461538461 0.3125 0.038461538461538464 0.14543269230769232
0 0.7524038461538461 0.3125 0.03485576923076923 0.11658653846153846
0 0.6911057692307693 0.28966346153846156 0.020432692307692308 0.06490384615384616
0 0.7620192307692307 0.671875 0.23557692307692307 0.65625
0 0.7572115384615384 0.6730769230769231 0.203125 0.4266826923076923
0 0.7836538461538461 0.41225961538461536 0.1346153846153846 0.20552884615384615
0 0.6995192307692307 0.5060096153846154 0.08173076923076923 0.32572115384615385
0 0.6009615384615384 0.6959134615384616 0.15865384615384615 0.6069711538461539
0 0.5072115384615384 0.5649038461538461 0.07692307692307693 0.3557692307692308
0 0.38100961538461536 0.6850961538461539 0.22956730769230768 0.6286057692307693
0 0.44350961538461536 0.5060096153846154 0.08533653846153846 0.30528846153846156
0 0.2956730769230769 0.6802884615384616 0.11298076923076923 0.6394230769230769
0 0.28725961538461536 0.6526442307692307 0.12620192307692307 0.6947115384615384
0 0.2247596153846154 0.6754807692307693 0.10817307692307693 0.6490384615384616
0 0.21875 0.4411057692307692 0.0889423076923077 0.28966346153846156
0 0.07692307692307693 0.6850961538461539 0.15384615384615385 0.6286057692307693
0 0.13822115384615385 0.7103365384615384 0.109375 0.578125
0 0.1658653846153846 0.6694711538461539 0.06971153846153846 0.6598557692307693
0 0.10576923076923077 0.38822115384615385 0.06971153846153846 0.18389423076923078
0 0.14423076923076922 0.31490384615384615 0.05048076923076923 0.09975961538461539
0 0.020432692307692308 0.28966346153846156 0.039663461538461536 0.13581730769230768
0 0.36778846153846156 0.33052884615384615 0.037259615384615384 0.125
0 0.5480769230769231 0.6442307692307693 0.10697115384615384 0.390625