0 0.953125 0.41346153846153844 0.016826923076923076 0.046875
0 0.8509615384615384 0.41586538461538464 0.018028846153846152 0.05889423076923077
0 0.06009615384615385 0.41947115384615385 0.016826923076923076 0.026442307692307692
0 0.8329326923076923 0.4266826923076923 0.026442307692307692 0.06971153846153846
0 0.8557692307692307 0.4963942307692308 0.02283653846153846 0.039663461538461536
0 0.5709134615384616 0.5036057692307693 0.02403846153846154 0.025240384615384616
0 0.7019230769230769 0.5084134615384616 0.02283653846153846 0.05048076923076923
0 0.8786057692307693 0.5228365384615384 0.026442307692307692 0.09615384615384616
0 0.7632211538461539 0.53125 0.026442307692307692 0.09615384615384616
0 0.15865384615384615 0.5372596153846154 0.027644230769230768 0.08533653846153846
0 0.8581730769230769 0.5420673076923077 0.026442307692307692 0.09975961538461539
0 0.9375 0.5420673076923077 0.03245192307692308 0.0985576923076923
0 0.8846153846153846 0.5432692307692307 0.026442307692307692 0.09615384615384616
0 0.9675480769230769 0.5673076923076923 0.028846153846153848 0.10216346153846154
0 0.6286057692307693 0.5841346153846154 0.036057692307692304 0.11177884615384616
0 0.6983173076923077 0.5913461538461539 0.028846153846153848 0.12620192307692307
0 0.1502403846153846 0.6021634615384616 0.027644230769230768 0.11298076923076923
0 0.16947115384615385 0.6021634615384616 0.02403846153846154 0.10216346153846154
0 0.37740384615384615 0.6298076923076923 0.028846153846153848 0.11298076923076923
0 0.5084134615384616 0.6322115384615384 0.037259615384615384 0.051682692307692304
0 0.36899038461538464 0.6478365384615384 0.056490384615384616 0.14543269230769232
0 0.014423076923076924 0.671875 0.028846153846153848 0.11298076923076923
0 0.8329326923076923 0.6838942307692307 0.036057692307692304 0.125
0 0.9891826923076923 0.6887019230769231 0.020432692307692308 0.18028846153846154
0 0.5060096153846154 0.6959134615384616 0.06850961538461539 0.15865384615384615
0 0.8064903846153846 0.7403846153846154 0.0625 0.171875
0 0.6177884615384616 0.7439903846153846 0.040865384615384616 0.16826923076923078
0 0.5084134615384616 0.7644230769230769 0.057692307692307696 0.15865384615384615
0 0.6478365384615384 0.7680288461538461 0.06971153846153846 0.16346153846153846
0 0.31971153846153844 0.7872596153846154 0.04326923076923077 0.15985576923076922
0 0.5637019230769231 0.8521634615384616 0.07572115384615384 0.18870192307692307
0 0.6838942307692307 0.9038461538461539 0.06370192307692307 0.17548076923076922
0 0.8161057692307693 0.921875 0.06009615384615385 0.1502403846153846
0 0.6923076923076923 0.921875 0.04927884615384615 0.15384615384615385
0 0.25 0.9338942307692307 0.06009615384615385 0.12860576923076922
0 0.7403846153846154 0.9471153846153846 0.06009615384615385 0.10336538461538461
0 0.8245192307692307 0.9663461538461539 0.04927884615384615 0.06370192307692307
0 0.9735576923076923 0.9663461538461539 0.051682692307692304 0.06370192307692307
0 0.2620192307692308 0.9747596153846154 0.039663461538461536 0.046875