0 0.24639423076923078 0.5877403846153846 0.07932692307692307 0.296875
0 0.5793269230769231 0.6081730769230769 0.1045673076923077 0.2512019230769231
0 0.5168269230769231 0.6153846153846154 0.09975961538461539 0.2439903846153846
0 0.038461538461538464 0.6165865384615384 0.07692307692307693 0.2091346153846154
0 0.8401442307692307 0.6298076923076923 0.016826923076923076 0.07451923076923077
0 0.7247596153846154 0.6322115384615384 0.05889423076923077 0.20673076923076922
0 0.6334134615384616 0.6346153846153846 0.0673076923076923 0.1971153846153846
0 0.8786057692307693 0.6370192307692307 0.021634615384615384 0.19110576923076922
0 0.49278846153846156 0.6370192307692307 0.025240384615384616 0.2091346153846154
0 0.6850961538461539 0.6394230769230769 0.0673076923076923 0.19831730769230768
0 0.12139423076923077 0.6538461538461539 0.03485576923076923 0.1346153846153846
0 0.0985576923076923 0.6550480769230769 0.021634615384615384 0.14423076923076922
0 0.9230769230769231 0.6574519230769231 0.052884615384615384 0.16706730769230768
0 0.15985576923076922 0.6574519230769231 0.03245192307692308 0.1310096153846154
0 0.05889423076923077 0.6598557692307693 0.021634615384615384 0.14903846153846154
0 0.859375 0.6658653846153846 0.03245192307692308 0.1658653846153846
0 0.27884615384615385 0.6754807692307693 0.03245192307692308 0.17548076923076922
0 0.8161057692307693 0.6947115384615384 0.026442307692307692 0.0889423076923077