0 0.06971153846153846 0.7463942307692307 0.109375 0.4362980769230769
0 0.09014423076923077 0.8161057692307693 0.17067307692307693 0.36658653846153844
0 0.25841346153846156 0.78125 0.12259615384615384 0.4375
0 0.4326923076923077 0.6742788461538461 0.09014423076923077 0.28846153846153844
0 0.5228365384615384 0.7295673076923077 0.07692307692307693 0.3401442307692308
0 0.5865384615384616 0.7463942307692307 0.09254807692307693 0.3954326923076923
0 0.5841346153846154 0.765625 0.125 0.3870192307692308
0 0.7079326923076923 0.6742788461538461 0.06610576923076923 0.25721153846153844
0 0.6862980769230769 0.6213942307692307 0.036057692307692304 0.17668269230769232
0 0.7451923076923077 0.6129807692307693 0.03485576923076923 0.17427884615384615
0 0.7740384615384616 0.6105769230769231 0.057692307692307696 0.21514423076923078
0 0.8100961538461539 0.6141826923076923 0.04567307692307692 0.19471153846153846
0 0.8257211538461539 0.6298076923076923 0.06370192307692307 0.25240384615384615
0 0.8786057692307693 0.7103365384615384 0.09735576923076923 0.3605769230769231
0 0.8966346153846154 0.5733173076923077 0.07451923076923077 0.17668269230769232
0 0.9387019230769231 0.6117788461538461 0.04326923076923077 0.18509615384615385
0 0.9783653846153846 0.5853365384615384 0.026442307692307692 0.1141826923076923
0 0.9915865384615384 0.5853365384615384 0.016826923076923076 0.10336538461538461
0 0.9627403846153846 0.5685096153846154 0.016826923076923076 0.0985576923076923
0 0.2247596153846154 0.5997596153846154 0.020432692307692308 0.07572115384615384
0 0.21153846153846154 0.6021634615384616 0.021634615384615384 0.07572115384615384
0 0.20072115384615385 0.6033653846153846 0.014423076923076924 0.0829326923076923
0 0.2824519230769231 0.6009615384615384 0.021634615384615384 0.06490384615384616
0 0.30288461538461536 0.5913461538461539 0.016826923076923076 0.0733173076923077
0 0.3161057692307692 0.5913461538461539 0.016826923076923076 0.06971153846153846
0 0.33653846153846156 0.5733173076923077 0.02403846153846154 0.046875