0 0.910483870967742 0.022629310344827586 0.05 0.04525862068965517
0 0.7709677419354839 0.21551724137931033 0.06774193548387097 0.11206896551724138
0 0.5419354838709678 0.21982758620689655 0.07419354838709677 0.10344827586206896
0 0.8564516129032258 0.2209051724137931 0.05806451612903226 0.12284482758620689
0 0.29596774193548386 0.22198275862068967 0.07580645161290323 0.13793103448275862
0 0.49032258064516127 0.2252155172413793 0.03225806451612903 0.07974137931034483
0 0.682258064516129 0.22629310344827586 0.08709677419354839 0.15086206896551724
0 0.8193548387096774 0.2273706896551724 0.1 0.1271551724137931
0 0.9362903225806452 0.2273706896551724 0.0467741935483871 0.07974137931034483
0 0.2306451612903226 0.23275862068965517 0.08387096774193549 0.1336206896551724
0 0.19838709677419356 0.23599137931034483 0.035483870967741936 0.10560344827586207
0 0.11290322580645161 0.23922413793103448 0.054838709677419356 0.09051724137931035
0 0.4491935483870968 0.24568965517241378 0.06290322580645161 0.1810344827586207
0 0.40080645161290324 0.24676724137931033 0.0467741935483871 0.13577586206896552
0 0.15483870967741936 0.24892241379310345 0.04838709677419355 0.08836206896551724
0 0.6080645161290322 0.25 0.05161290322580645 0.11206896551724138
0 0.028225806451612902 0.25323275862068967 0.056451612903225805 0.16163793103448276
0 0.4645161290322581 0.2661637931034483 0.07419354838709677 0.1271551724137931
0 0.5241935483870968 0.2672413793103448 0.0967741935483871 0.14224137931034483
0 0.6717741935483871 0.26939655172413796 0.06290322580645161 0.13793103448275862
0 0.3870967741935484 0.27478448275862066 0.054838709677419356 0.14439655172413793
0 0.06532258064516129 0.27801724137931033 0.05 0.1206896551724138
0 0.7491935483870967 0.2790948275862069 0.06612903225806452 0.1271551724137931
0 0.9637096774193549 0.28448275862068967 0.06935483870967742 0.1853448275862069
0 0.9096774193548387 0.29310344827586204 0.054838709677419356 0.20689655172413793
0 0.8919354838709678 0.2974137931034483 0.05806451612903226 0.14224137931034483
0 0.8814516129032258 0.03017241379310345 0.03064516129032258 0.0603448275862069
0 0.5346774193548387 0.03125 0.037096774193548385 0.0625
0 0.6653225806451613 0.03125 0.04032258064516129 0.0625
0 0.22661290322580646 0.3125 0.08225806451612903 0.15948275862068967
0 0.40725806451612906 0.3125 0.06290322580645161 0.20689655172413793
0 0.09596774193548387 0.31788793103448276 0.11774193548387096 0.2478448275862069
0 0.3024193548387097 0.32219827586206895 0.08870967741935484 0.1400862068965517
0 0.5612903225806452 0.032327586206896554 0.041935483870967745 0.0603448275862069
0 0.3782258064516129 0.0334051724137931 0.04032258064516129 0.04956896551724138
0 0.4612903225806452 0.0334051724137931 0.025806451612903226 0.0668103448275862
0 0.6274193548387097 0.0334051724137931 0.04516129032258064 0.0668103448275862
0 0.8032258064516129 0.0334051724137931 0.054838709677419356 0.0625
0 0.5846774193548387 0.3265086206896552 0.06612903225806452 0.16163793103448276
0 0.3524193548387097 0.33189655172413796 0.08225806451612903 0.21982758620689655
0 0.6403225806451613 0.33189655172413796 0.06451612903225806 0.1336206896551724
0 0.7556451612903226 0.3329741379310345 0.06612903225806452 0.11853448275862069
0 0.45564516129032256 0.33620689655172414 0.08548387096774193 0.13793103448275862
0 0.807258064516129 0.3426724137931034 0.07903225806451612 0.1939655172413793
0 0.1774193548387097 0.03556034482758621 0.05806451612903226 0.0668103448275862
0 0.2629032258064516 0.03556034482758621 0.04516129032258064 0.07112068965517242
0 0.028225806451612902 0.35129310344827586 0.056451612903225805 0.16379310344827586
0 0.6814516129032258 0.3577586206896552 0.06612903225806452 0.14224137931034483
0 0.5516129032258065 0.3588362068965517 0.1 0.1271551724137931
0 0.307258064516129 0.36530172413793105 0.09193548387096774 0.16594827586206898
0 0.5919354838709677 0.036637931034482756 0.04838709677419355 0.07327586206896551
0 0.8435483870967742 0.036637931034482756 0.05806451612903226 0.07327586206896551
0 0.7040322580645161 0.03771551724137931 0.037096774193548385 0.07543103448275862
0 0.15645161290322582 0.03771551724137931 0.04516129032258064 0.07543103448275862
0 0.1596774193548387 0.36961206896551724 0.12580645161290321 0.2349137931034483
0 0.8685483870967742 0.3771551724137931 0.08548387096774193 0.20689655172413793
0 0.267741935483871 0.03987068965517242 0.041935483870967745 0.07543103448275862
0 0.47258064516129034 0.3954741379310345 0.08709677419354839 0.16163793103448276
0 0.06451612903225806 0.39655172413793105 0.0967741935483871 0.1724137931034483
0 0.2346774193548387 0.4084051724137931 0.08870967741935484 0.15301724137931033
0 0.6540322580645161 0.4084051724137931 0.05967741935483871 0.10991379310344827
0 0.7032258064516129 0.040948275862068964 0.035483870967741936 0.08189655172413793
0 0.9846774193548387 0.04202586206896552 0.027419354838709678 0.05387931034482758
0 0.7596774193548387 0.04202586206896552 0.03225806451612903 0.08405172413793104
0 0.5612903225806452 0.4105603448275862 0.07741935483870968 0.14439655172413793
0 0.7258064516129032 0.4191810344827586 0.0935483870967742 0.20043103448275862
0 0.8403225806451613 0.42564655172413796 0.08709677419354839 0.15732758620689655
0 0.4080645161290323 0.4267241379310345 0.13225806451612904 0.15948275862068967
0 0.9161290322580645 0.42995689655172414 0.08064516129032258 0.12284482758620689
0 0.9854838709677419 0.04418103448275862 0.025806451612903226 0.0625
0 0.43790322580645163 0.04418103448275862 0.0532258064516129 0.08836206896551724
0 0.6129032258064516 0.44396551724137934 0.06129032258064516 0.11637931034482758
0 0.7758064516129032 0.44612068965517243 0.08387096774193549 0.1724137931034483
0 0.32741935483870965 0.4547413793103448 0.10967741935483871 0.14224137931034483
0 0.525 0.4579741379310345 0.07258064516129033 0.10129310344827586
0 0.4306451612903226 0.47629310344827586 0.06129032258064516 0.11637931034482758
0 0.0717741935483871 0.4827586206896552 0.07580645161290323 0.11206896551724138
0 0.6459677419354839 0.4849137931034483 0.06290322580645161 0.12931034482758622
0 0.739516129032258 0.4870689655172414 0.0467741935483871 0.08189655172413793
0 0.1975806451612903 0.49245689655172414 0.07580645161290323 0.16163793103448276
0 0.6983870967741935 0.5075431034482759 0.08709677419354839 0.14439655172413793
0 0.2524193548387097 0.5107758620689655 0.07903225806451612 0.1724137931034483
0 0.34838709677419355 0.5118534482758621 0.07096774193548387 0.13577586206896552
0 0.8298387096774194 0.5118534482758621 0.10483870967741936 0.16594827586206898
0 0.4846774193548387 0.5140086206896551 0.06935483870967742 0.14870689655172414
0 0.8935483870967742 0.5161637931034483 0.04838709677419355 0.20474137931034483
0 0.575 0.5183189655172413 0.06935483870967742 0.1875
0 0.13709677419354838 0.5183189655172413 0.12258064516129032 0.1788793103448276
0 0.932258064516129 0.5280172413793104 0.08387096774193549 0.15517241379310345
0 0.037096774193548385 0.5334051724137931 0.07419354838709677 0.1961206896551724
0 0.7645161290322581 0.05495689655172414 0.05161290322580645 0.07974137931034483
0 0.5435483870967742 0.5506465517241379 0.06774193548387097 0.11853448275862069
0 0.2887096774193548 0.5571120689655172 0.08064516129032258 0.14870689655172414
0 0.4056451612903226 0.5571120689655172 0.06612903225806452 0.14439655172413793
0 0.5645161290322581 0.05603448275862069 0.035483870967741936 0.10775862068965517
0 0.38548387096774195 0.057112068965517244 0.04516129032258064 0.09267241379310345
0 0.5048387096774194 0.057112068965517244 0.041935483870967745 0.10991379310344827
0 0.910483870967742 0.057112068965517244 0.06935483870967742 0.11422413793103449
0 0.6104838709677419 0.5635775862068966 0.08225806451612903 0.15301724137931033
0 0.15645161290322582 0.5775862068965517 0.1032258064516129 0.14655172413793102
0 0.7596774193548387 0.5786637931034483 0.06774193548387097 0.14870689655172414
0 0.7306451612903225 0.05818965517241379 0.054838709677419356 0.0603448275862069
0 0.660483870967742 0.5818965517241379 0.05967741935483871 0.1336206896551724
0 0.8016129032258065 0.5969827586206896 0.0935483870967742 0.1724137931034483
0 0.9306451612903226 0.5980603448275862 0.1064516129032258 0.15732758620689655
0 0.22096774193548388 0.6002155172413793 0.09032258064516129 0.14439655172413793
0 0.1685483870967742 0.061422413793103446 0.03387096774193549 0.10560344827586207
0 0.5943548387096774 0.061422413793103446 0.03387096774193549 0.05387931034482758
0 0.07258064516129033 0.6045258620689655 0.08387096774193549 0.15301724137931033
0 0.4508064516129032 0.6131465517241379 0.15 0.22629310344827586
0 0.36370967741935484 0.6260775862068966 0.13064516129032258 0.1875
0 0.03225806451612903 0.6422413793103449 0.06451612903225806 0.16379310344827586
0 0.3153225806451613 0.06573275862068965 0.0467741935483871 0.1271551724137931
0 0.6717741935483871 0.0668103448275862 0.05 0.07758620689655173
0 0.6338709677419355 0.6799568965517241 0.1 0.2435344827586207
0 0.31451612903225806 0.07004310344827586 0.05161290322580645 0.1400862068965517
0 0.5758064516129032 0.07219827586206896 0.025806451612903226 0.04956896551724138
0 0.13064516129032258 0.07327586206896551 0.035483870967741936 0.14655172413793102
0 0.41854838709677417 0.7521551724137931 0.09838709677419355 0.19827586206896552
0 0.7967741935483871 0.07543103448275862 0.05161290322580645 0.11206896551724138
0 0.08387096774193549 0.7564655172413793 0.08387096774193549 0.1206896551724138
0 0.16532258064516128 0.7586206896551724 0.12741935483870967 0.40086206896551724
0 0.7209677419354839 0.7704741379310345 0.11935483870967742 0.4547413793103448
0 0.8580645161290322 0.07758620689655173 0.035483870967741936 0.09913793103448276
0 0.7225806451612903 0.07866379310344827 0.05806451612903226 0.07543103448275862
0 0.9419354838709677 0.7877155172413793 0.11290322580645161 0.4202586206896552
0 0.29758064516129035 0.7920258620689655 0.08225806451612903 0.41163793103448276
0 0.867741935483871 0.790948275862069 0.1032258064516129 0.41379310344827586
0 0.2564516129032258 0.7941810344827587 0.11935483870967742 0.4073275862068966
0 0.06935483870967742 0.08081896551724138 0.06451612903225806 0.16163793103448276
0 0.8064516129032258 0.8103448275862069 0.1032258064516129 0.36637931034482757
0 0.535483870967742 0.08189655172413793 0.06774193548387097 0.11206896551724138
0 0.6225806451612903 0.8200431034482759 0.11935483870967742 0.35560344827586204
0 0.4290322580645161 0.8232758620689655 0.12580645161290321 0.34913793103448276
0 0.5129032258064516 0.8318965517241379 0.11612903225806452 0.33189655172413796
0 0.3370967741935484 0.08405172413793104 0.04838709677419355 0.10775862068965517
0 0.7193548387096774 0.08405172413793104 0.07419354838709677 0.08189655172413793
0 0.8943548387096775 0.08405172413793104 0.03064516129032258 0.05172413793103448
0 0.9435483870967742 0.08405172413793104 0.03870967741935484 0.13793103448275862
0 0.3814516129032258 0.8448275862068966 0.13709677419354838 0.30603448275862066
0 0.021774193548387097 0.8577586206896551 0.043548387096774194 0.23706896551724138
0 0.19274193548387097 0.08728448275862069 0.0532258064516129 0.10991379310344827
0 0.9475806451612904 0.08728448275862069 0.03387096774193549 0.14439655172413793
0 0.25 0.0894396551724138 0.04838709677419355 0.13577586206896552
0 0.09112903225806451 0.8976293103448276 0.1532258064516129 0.20043103448275862
0 0.6258064516129033 0.09051724137931035 0.04838709677419355 0.10344827586206896
0 0.9685483870967742 0.09698275862068965 0.043548387096774194 0.1336206896551724
0 0.4161290322580645 0.10021551724137931 0.03870967741935484 0.1314655172413793
0 0.2153225806451613 0.10129310344827586 0.07258064516129033 0.10775862068965517
0 0.3814516129032258 0.10452586206896551 0.056451612903225805 0.1271551724137931
0 0.8064516129032258 0.10883620689655173 0.04516129032258064 0.0668103448275862
0 0.5459677419354839 0.10991379310344827 0.037096774193548385 0.08620689655172414
0 0.43870967741935485 0.11099137931034483 0.05806451612903226 0.11853448275862069
0 0.757258064516129 0.11637931034482758 0.04032258064516129 0.06896551724137931
0 0.592741935483871 0.11853448275862069 0.027419354838709678 0.08189655172413793
0 0.5798387096774194 0.1206896551724138 0.05 0.07758620689655173
0 0.9056451612903226 0.1206896551724138 0.08225806451612903 0.1810344827586207
0 0.8459677419354839 0.125 0.07258064516129033 0.09482758620689655
0 0.4774193548387097 0.1271551724137931 0.06774193548387097 0.15086206896551724
0 0.532258064516129 0.13469827586206898 0.04516129032258064 0.08405172413793104
0 0.6580645161290323 0.13685344827586207 0.06451612903225806 0.14439655172413793
0 0.2806451612903226 0.13793103448275862 0.05806451612903226 0.14224137931034483
0 0.14919354838709678 0.13900862068965517 0.06290322580645161 0.1271551724137931
0 0.4475806451612903 0.14331896551724138 0.06290322580645161 0.14870689655172414
0 0.9129032258064517 0.15193965517241378 0.05161290322580645 0.08836206896551724
0 0.3225806451612903 0.15301724137931033 0.07741935483870968 0.16379310344827586
0 0.6241935483870967 0.15301724137931033 0.07741935483870968 0.11637931034482758
0 0.7838709677419354 0.1648706896551724 0.03225806451612903 0.07974137931034483
0 0.22258064516129034 0.16594827586206898 0.07096774193548387 0.10775862068965517
0 0.5209677419354839 0.17456896551724138 0.04516129032258064 0.09482758620689655
0 0.8983870967741936 0.17672413793103448 0.05161290322580645 0.09913793103448276
0 0.36612903225806454 0.1788793103448276 0.08709677419354839 0.1724137931034483
0 0.07419354838709677 0.1875 0.05161290322580645 0.1206896551724138
0 0.8008064516129032 0.1875 0.04032258064516129 0.09482758620689655
0 0.6266129032258064 0.19288793103448276 0.06290322580645161 0.11422413793103449
0 0.964516129032258 0.19719827586206898 0.05161290322580645 0.08405172413793104
0 0.13064516129032258 0.19719827586206898 0.08064516129032258 0.10129310344827586
0 0.7241935483870968 0.20150862068965517 0.06129032258064516 0.13577586206896552
0 0.1814516129032258 0.2025862068965517 0.05 0.17672413793103448
0 0.5774193548387097 0.21336206896551724 0.05161290322580645 0.17672413793103448