0 0.8188888888888889 0.3256513026052104 0.03777777777777778 0.13827655310621242
0 0.5572222222222222 0.3286573146292585 0.07888888888888888 0.14829659318637275
0 0.6255555555555555 0.3316633266533066 0.07111111111111111 0.1342685370741483
0 0.4033333333333333 0.3406813627254509 0.03777777777777778 0.12024048096192384
0 0.4722222222222222 0.35370741482965934 0.07777777777777778 0.21442885771543085
0 0.7816666666666666 0.39779559118236474 0.07444444444444444 0.2665330661322645
0 0.8827777777777778 0.405811623246493 0.1322222222222222 0.3787575150300601
0 0.5472222222222223 0.40781563126252507 0.03222222222222222 0.1062124248496994
0 0.40944444444444444 0.44188376753507014 0.05444444444444444 0.19839679358717435
0 0.9672222222222222 0.4589178356713427 0.06333333333333334 0.46092184368737477
0 0.695 0.47194388777555113 0.056666666666666664 0.35470941883767537
0 0.36944444444444446 0.48897795591182364 0.056666666666666664 0.30861723446893785
0 0.47444444444444445 0.4909819639278557 0.07555555555555556 0.3046092184368738
0 0.27944444444444444 0.49198396793587174 0.07666666666666666 0.32665330661322645
0 0.8705555555555555 0.49498997995991983 0.07222222222222222 0.20841683366733466
0 0.5255555555555556 0.5040080160320641 0.06222222222222222 0.3186372745490982
0 0.815 0.5040080160320641 0.06333333333333334 0.23847695390781562
0 0.3322222222222222 0.5060120240480962 0.06444444444444444 0.3306613226452906
0 0.6627777777777778 0.5090180360721442 0.07222222222222222 0.27655310621242485
0 0.5727777777777778 0.5170340681362725 0.07666666666666666 0.2565130260521042
0 0.7383333333333333 0.5250501002004008 0.09 0.43286573146292584
0 0.14722222222222223 0.5731462925851704 0.07666666666666666 0.5811623246492986
0 0.20555555555555555 0.6132264529058116 0.09333333333333334 0.5651302605210421
0 0.07277777777777777 0.6523046092184369 0.14333333333333334 0.6392785571142284
0 0.8566666666666667 0.6903807615230461 0.07777777777777778 0.4028056112224449
0 0.9366666666666666 0.7034068136272545 0.1111111111111111 0.42084168336673344
0 0.5994444444444444 0.7124248496993988 0.06777777777777778 0.3667334669338677
0 0.4077777777777778 0.717434869739479 0.08444444444444445 0.40080160320641284
0 0.8016666666666666 0.717434869739479 0.09 0.3967935871743487
0 0.34555555555555556 0.7294589178356713 0.08444444444444445 0.41282565130260523
0 0.5427777777777778 0.7304609218436874 0.07444444444444444 0.39478957915831664
0 0.4727777777777778 0.7314629258517034 0.08333333333333333 0.3847695390781563
0 0.6644444444444444 0.7384769539078156 0.08444444444444445 0.39478957915831664
0 0.2683333333333333 0.7655310621242485 0.11444444444444445 0.4649298597194389
0 0.7455555555555555 0.8266533066132264 0.16444444444444445 0.33867735470941884