0 0.021634615384615384 0.5252403846153846 0.04326923076923077 0.14423076923076922
0 0.06009615384615385 0.5228365384615384 0.04326923076923077 0.12980769230769232
0 0.09134615384615384 0.5108173076923077 0.03365384615384615 0.08052884615384616
0 0.0985576923076923 0.4855769230769231 0.036057692307692304 0.04326923076923077
0 0.1201923076923077 0.4963942307692308 0.019230769230769232 0.056490384615384616
0 0.18629807692307693 0.5336538461538461 0.0829326923076923 0.18028846153846154
0 0.22115384615384615 0.5324519230769231 0.04807692307692308 0.16346153846153846
0 0.22115384615384615 0.45913461538461536 0.030048076923076924 0.036057692307692304
0 0.24759615384615385 0.4891826923076923 0.03245192307692308 0.06009615384615385
0 0.27524038461538464 0.47716346153846156 0.04447115384615385 0.1045673076923077
0 0.30649038461538464 0.48197115384615385 0.037259615384615384 0.09975961538461539
0 0.3329326923076923 0.4831730769230769 0.037259615384615384 0.0985576923076923
0 0.3557692307692308 0.47836538461538464 0.019230769230769232 0.016826923076923076
0 0.375 0.46033653846153844 0.02283653846153846 0.039663461538461536
0 0.41346153846153844 0.46153846153846156 0.027644230769230768 0.03245192307692308
0 0.359375 0.5336538461538461 0.07692307692307693 0.15625
0 0.39302884615384615 0.5492788461538461 0.06971153846153846 0.16826923076923078
0 0.4411057692307692 0.47596153846153844 0.03485576923076923 0.08533653846153846
0 0.42427884615384615 0.4987980769230769 0.027644230769230768 0.0829326923076923
0 0.46153846153846156 0.5420673076923077 0.06129807692307692 0.18870192307692307
0 0.5036057692307693 0.46033653846153844 0.038461538461538464 0.042067307692307696
0 0.5552884615384616 0.671875 0.24158653846153846 0.5889423076923077
0 0.7704326923076923 0.6478365384615384 0.29086538461538464 0.6862980769230769
0 0.9086538461538461 0.5324519230769231 0.037259615384615384 0.11057692307692307
0 0.9254807692307693 0.5288461538461539 0.025240384615384616 0.09134615384615384
0 0.9399038461538461 0.5264423076923077 0.02403846153846154 0.08173076923076923
0 0.9747596153846154 0.5324519230769231 0.05048076923076923 0.11658653846153846
0 0.9855769230769231 0.5420673076923077 0.028846153846153848 0.125