0 0.019230769230769232 0.9170673076923077 0.019230769230769232 0.09975961538461539
0 0.02283653846153846 0.9170673076923077 0.02403846153846154 0.10096153846153846
0 0.04567307692307692 0.9242788461538461 0.056490384615384616 0.11177884615384616
0 0.0733173076923077 0.8858173076923077 0.02283653846153846 0.03245192307692308
0 0.08774038461538461 0.9242788461538461 0.037259615384615384 0.09134615384615384
0 0.109375 0.8990384615384616 0.030048076923076924 0.04807692307692308
0 0.1045673076923077 0.875 0.013221153846153846 0.018028846153846152
0 0.1310096153846154 0.8870192307692307 0.039663461538461536 0.046875
0 0.14302884615384615 0.9350961538461539 0.07932692307692307 0.12980769230769232
0 0.17668269230769232 0.9242788461538461 0.03365384615384615 0.1045673076923077
0 0.20673076923076922 0.9350961538461539 0.04927884615384615 0.11778846153846154
0 0.234375 0.9254807692307693 0.039663461538461536 0.0889423076923077
0 0.2403846153846154 0.9170673076923077 0.042067307692307696 0.09254807692307693
0 0.27283653846153844 0.9158653846153846 0.03245192307692308 0.08533653846153846
0 0.29086538461538464 0.8822115384615384 0.02283653846153846 0.03125
0 0.2980769230769231 0.9170673076923077 0.02403846153846154 0.08533653846153846
0 0.31971153846153844 0.9146634615384616 0.027644230769230768 0.08173076923076923
0 0.3125 0.9242788461538461 0.036057692307692304 0.07692307692307693
0 0.34134615384615385 0.9278846153846154 0.056490384615384616 0.10096153846153846
0 0.3389423076923077 0.8810096153846154 0.030048076923076924 0.040865384615384616
0 0.359375 0.8665865384615384 0.018028846153846152 0.019230769230769232
0 0.3701923076923077 0.9122596153846154 0.03485576923076923 0.09134615384615384
0 0.35697115384615385 0.9110576923076923 0.02403846153846154 0.0829326923076923
0 0.3942307692307692 0.9098557692307693 0.046875 0.08774038461538461
0 0.4074519230769231 0.8629807692307693 0.02403846153846154 0.021634615384615384
0 0.41586538461538464 0.8713942307692307 0.025240384615384616 0.021634615384615384
0 0.421875 0.9086538461538461 0.039663461538461536 0.08173076923076923
0 0.44471153846153844 0.9038461538461539 0.030048076923076924 0.0829326923076923
0 0.46153846153846156 0.9110576923076923 0.040865384615384616 0.07932692307692307
0 0.4723557692307692 0.8725961538461539 0.016826923076923076 0.014423076923076924
0 0.49759615384615385 0.9026442307692307 0.028846153846153848 0.0733173076923077
0 0.5192307692307693 0.9254807692307693 0.04567307692307692 0.09735576923076923
0 0.5348557692307693 0.9026442307692307 0.028846153846153848 0.06971153846153846
0 0.5528846153846154 0.9002403846153846 0.025240384615384616 0.0673076923076923
0 0.5552884615384616 0.8990384615384616 0.028846153846153848 0.06850961538461539
0 0.6009615384615384 0.921875 0.05889423076923077 0.11057692307692307
0 0.59375 0.8701923076923077 0.02283653846153846 0.028846153846153848
0 0.6286057692307693 0.8966346153846154 0.030048076923076924 0.06370192307692307
0 0.6802884615384616 0.90625 0.04927884615384615 0.08533653846153846
0 0.6923076923076923 0.8810096153846154 0.02403846153846154 0.039663461538461536
0 0.6526442307692307 0.8990384615384616 0.027644230769230768 0.046875
0 0.7115384615384616 0.8713942307692307 0.03365384615384615 0.025240384615384616
0 0.7151442307692307 0.8966346153846154 0.021634615384615384 0.06129807692307692
0 0.7271634615384616 0.9002403846153846 0.038461538461538464 0.06610576923076923
0 0.75 0.8954326923076923 0.042067307692307696 0.0673076923076923
0 0.7584134615384616 0.8701923076923077 0.021634615384615384 0.027644230769230768
0 0.7788461538461539 0.9122596153846154 0.056490384615384616 0.0829326923076923
0 0.7848557692307693 0.8665865384615384 0.010817307692307692 0.015625
0 0.7980769230769231 0.8930288461538461 0.030048076923076924 0.06370192307692307
0 0.8088942307692307 0.8918269230769231 0.028846153846153848 0.06610576923076923
0 0.8365384615384616 0.8918269230769231 0.03485576923076923 0.0733173076923077
0 0.8377403846153846 0.859375 0.028846153846153848 0.016826923076923076
0 0.8521634615384616 0.9098557692307693 0.04927884615384615 0.09254807692307693
0 0.8786057692307693 0.8737980769230769 0.02283653846153846 0.03365384615384615
0 0.8822115384615384 0.9014423076923077 0.02283653846153846 0.07211538461538461
0 0.9110576923076923 0.9110576923076923 0.056490384615384616 0.09254807692307693
0 0.8966346153846154 0.8569711538461539 0.019230769230769232 0.013221153846153846
0 0.9302884615384616 0.875 0.028846153846153848 0.03125
0 0.9555288461538461 0.9122596153846154 0.05048076923076923 0.09615384615384616
0 0.9423076923076923 0.8521634615384616 0.021634615384615384 0.03245192307692308
0 0.9819711538461539 0.8725961538461539 0.025240384615384616 0.02403846153846154
0 0.8954326923076923 0.9074519230769231 0.03485576923076923 0.09014423076923077
0 0.9651442307692307 0.9086538461538461 0.03125 0.0889423076923077