0 0.31009615384615385 0.27884615384615385 0.06009615384615385 0.19831730769230768
0 0.3581730769230769 0.31009615384615385 0.10216346153846154 0.27163461538461536
0 0.3870192307692308 0.23197115384615385 0.036057692307692304 0.08533653846153846
0 0.41947115384615385 0.30408653846153844 0.05048076923076923 0.23798076923076922
0 0.453125 0.32572115384615385 0.08653846153846154 0.21394230769230768
0 0.46875 0.23197115384615385 0.06490384615384616 0.13942307692307693
0 0.5072115384615384 0.32572115384615385 0.054086538461538464 0.23076923076923078
0 0.5444711538461539 0.3329326923076923 0.04567307692307692 0.22235576923076922
0 0.546875 0.22355769230769232 0.056490384615384616 0.11899038461538461
0 0.5865384615384616 0.328125 0.07451923076923077 0.22596153846153846
0 0.6454326923076923 0.2608173076923077 0.10096153846153846 0.1658653846153846
0 0.6298076923076923 0.35336538461538464 0.0625 0.25841346153846156
0 0.6694711538461539 0.38100961538461536 0.08774038461538461 0.23197115384615385
0 0.7379807692307693 0.32211538461538464 0.08052884615384616 0.1141826923076923
0 0.7475961538461539 0.359375 0.06610576923076923 0.11778846153846154
0 0.7980769230769231 0.3858173076923077 0.10576923076923077 0.14783653846153846
0 0.7295673076923077 0.47475961538461536 0.08653846153846154 0.23918269230769232
0 0.6682692307692307 0.5288461538461539 0.06009615384615385 0.24639423076923078
0 0.8401442307692307 0.36538461538461536 0.055288461538461536 0.1466346153846154
0 0.8545673076923077 0.27163461538461536 0.08052884615384616 0.21514423076923078
0 0.8978365384615384 0.38100961538461536 0.09375 0.16105769230769232
0 0.9302884615384616 0.5108173076923077 0.07572115384615384 0.5024038461538461
0 0.9110576923076923 0.59375 0.10576923076923077 0.5072115384615384
0 0.8149038461538461 0.5985576923076923 0.10096153846153846 0.5060096153846154
0 0.7644230769230769 0.6802884615384616 0.11778846153846154 0.3870192307692308
0 0.6538461538461539 0.6730769230769231 0.1346153846153846 0.39302884615384615
0 0.5889423076923077 0.46875 0.08052884615384616 0.21995192307692307
0 0.5540865384615384 0.6742788461538461 0.10096153846153846 0.4026442307692308
0 0.5144230769230769 0.5084134615384616 0.08173076923076923 0.30408653846153844
0 0.4699519230769231 0.7043269230769231 0.10336538461538461 0.2980769230769231
0 0.44471153846153844 0.5901442307692307 0.08413461538461539 0.49158653846153844
0 0.38341346153846156 0.5853365384615384 0.11658653846153846 0.5084134615384616
0 0.3233173076923077 0.703125 0.11177884615384616 0.3329326923076923
0 0.30288461538461536 0.5877403846153846 0.07932692307692307 0.48677884615384615
0 0.07572115384615384 0.4735576923076923 0.09134615384615384 0.47475961538461536
0 0.14182692307692307 0.3173076923076923 0.07932692307692307 0.125
0 0.20072115384615385 0.4807692307692308 0.06490384615384616 0.44591346153846156
0 0.2608173076923077 0.3245192307692308 0.06490384615384616 0.19110576923076922
0 0.08413461538461539 0.5576923076923077 0.11177884615384616 0.5492788461538461
0 0.1466346153846154 0.578125 0.10216346153846154 0.5072115384615384
0 0.23918269230769232 0.5757211538461539 0.11298076923076923 0.5024038461538461