0 0.06971153846153846 0.5420673076923077 0.13822115384615385 0.43028846153846156
0 0.07451923076923077 0.5552884615384616 0.14423076923076922 0.4050480769230769
0 0.15625 0.5925480769230769 0.19591346153846154 0.33413461538461536
0 0.2620192307692308 0.5769230769230769 0.08653846153846154 0.36538461538461536
0 0.2824519230769231 0.5853365384615384 0.2824519230769231 0.35096153846153844
0 0.42427884615384615 0.5492788461538461 0.06850961538461539 0.41586538461538464
0 0.515625 0.44591346153846156 0.21153846153846154 0.6189903846153846
0 0.6526442307692307 0.5444711538461539 0.0985576923076923 0.4014423076923077
0 0.7403846153846154 0.5757211538461539 0.140625 0.34375
0 0.8197115384615384 0.5324519230769231 0.10096153846153846 0.41947115384615385
0 0.8425480769230769 0.3918269230769231 0.057692307692307696 0.15625
0 0.8858173076923077 0.5444711538461539 0.19110576923076922 0.3954326923076923