0 0.9723557692307693 0.5757211538461539 0.055288461538461536 0.2764423076923077
0 0.9543269230769231 0.5673076923076923 0.07572115384615384 0.28125
0 0.7824519230769231 0.546875 0.06370192307692307 0.22235576923076922
0 0.7908653846153846 0.5252403846153846 0.027644230769230768 0.21033653846153846
0 0.765625 0.5396634615384616 0.04567307692307692 0.21754807692307693
0 0.7319711538461539 0.5408653846153846 0.04447115384615385 0.21875
0 0.6947115384615384 0.5168269230769231 0.04326923076923077 0.21875
0 0.6394230769230769 0.5817307692307693 0.10576923076923077 0.36658653846153844
0 0.40384615384615385 0.5925480769230769 0.11658653846153846 0.3557692307692308
0 0.47716346153846156 0.5180288461538461 0.07091346153846154 0.25721153846153844
0 0.5180288461538461 0.5108173076923077 0.04447115384615385 0.24278846153846154
0 0.5588942307692307 0.5432692307692307 0.07692307692307693 0.26322115384615385
0 0.5889423076923077 0.5516826923076923 0.04567307692307692 0.22956730769230768
0 0.6033653846153846 0.5036057692307693 0.037259615384615384 0.20552884615384615
0 0.6081730769230769 0.4098557692307692 0.013221153846153846 0.03245192307692308
0 0.6141826923076923 0.41225961538461536 0.018028846153846152 0.038461538461538464
0 0.6009615384615384 0.40024038461538464 0.015625 0.02283653846153846
0 0.578125 0.49158653846153844 0.051682692307692304 0.2247596153846154
0 0.22115384615384615 0.5528846153846154 0.0829326923076923 0.23918269230769232
0 0.19591346153846154 0.453125 0.020432692307692308 0.09134615384615384
0 0.24639423076923078 0.5060096153846154 0.04326923076923077 0.18028846153846154
0 0.23798076923076922 0.42788461538461536 0.03245192307692308 0.05048076923076923
0 0.29086538461538464 0.5 0.05889423076923077 0.2608173076923077
0 0.3161057692307692 0.49038461538461536 0.051682692307692304 0.23798076923076922
0 0.35216346153846156 0.4987980769230769 0.05048076923076923 0.23076923076923078
0 0.3786057692307692 0.4074519230769231 0.026442307692307692 0.040865384615384616
0 0.3401442307692308 0.4074519230769231 0.020432692307692308 0.03365384615384615