0 0.5527777777777778 0.5947916666666667 0.008333333333333333 0.027083333333333334
0 0.5423611111111111 0.596875 0.009722222222222222 0.035416666666666666
0 0.44166666666666665 0.5989583333333334 0.013888888888888888 0.04791666666666667
0 0.41041666666666665 0.6020833333333333 0.009722222222222222 0.020833333333333332
0 0.5569444444444445 0.6177083333333333 0.011111111111111112 0.03958333333333333
0 0.5958333333333333 0.6197916666666666 0.008333333333333333 0.03125
0 0.4826388888888889 0.6291666666666667 0.015277777777777777 0.041666666666666664
0 0.4951388888888889 0.6302083333333334 0.0125 0.03958333333333333
0 0.39166666666666666 0.6333333333333333 0.008333333333333333 0.025
0 0.40208333333333335 0.646875 0.009722222222222222 0.035416666666666666
0 0.41041666666666665 0.646875 0.009722222222222222 0.022916666666666665
0 0.575 0.646875 0.011111111111111112 0.04375
0 0.2625 0.6479166666666667 0.011111111111111112 0.041666666666666664
0 0.5243055555555556 0.65625 0.0125 0.03333333333333333
0 0.48055555555555557 0.665625 0.013888888888888888 0.052083333333333336
0 0.5402777777777777 0.665625 0.011111111111111112 0.04791666666666667
0 0.41180555555555554 0.6666666666666666 0.009722222222222222 0.041666666666666664
0 0.39444444444444443 0.6677083333333333 0.011111111111111112 0.04791666666666667
0 0.25069444444444444 0.6697916666666667 0.009722222222222222 0.035416666666666666
0 0.6222222222222222 0.6708333333333333 0.013888888888888888 0.05416666666666667
0 0.45208333333333334 0.6854166666666667 0.018055555555555554 0.041666666666666664
0 0.525 0.6895833333333333 0.013888888888888888 0.058333333333333334
0 0.4284722222222222 0.7 0.0125 0.06666666666666667
0 0.4673611111111111 0.7 0.015277777777777777 0.05416666666666667
0 0.6256944444444444 0.7010416666666667 0.018055555555555554 0.052083333333333336
0 0.6138888888888889 0.7020833333333333 0.013888888888888888 0.05416666666666667
0 0.7659722222222223 0.7041666666666667 0.0125 0.05416666666666667
0 0.25625 0.7208333333333333 0.018055555555555554 0.03333333333333333
0 0.5527777777777778 0.721875 0.019444444444444445 0.06458333333333334
0 0.45208333333333334 0.725 0.0125 0.058333333333333334
0 0.44027777777777777 0.7260416666666667 0.019444444444444445 0.06041666666666667
0 0.5777777777777777 0.7375 0.016666666666666666 0.075
0 0.5916666666666667 0.7375 0.019444444444444445 0.075
0 0.2722222222222222 0.7385416666666667 0.016666666666666666 0.06041666666666667
0 0.5625 0.74375 0.016666666666666666 0.07916666666666666
0 0.8243055555555555 0.7635416666666667 0.020833333333333332 0.052083333333333336
0 0.7458333333333333 0.7729166666666667 0.013888888888888888 0.07916666666666666
0 0.14930555555555555 0.7885416666666667 0.020833333333333332 0.07708333333333334
0 0.13055555555555556 0.7947916666666667 0.016666666666666666 0.07291666666666667
0 0.33055555555555555 0.7989583333333333 0.025 0.07291666666666667
0 0.3013888888888889 0.8 0.016666666666666666 0.0625
0 0.8395833333333333 0.803125 0.0125 0.06875
0 0.3138888888888889 0.8041666666666667 0.019444444444444445 0.075
0 0.42986111111111114 0.8052083333333333 0.02361111111111111 0.07708333333333334
0 0.4048611111111111 0.809375 0.02361111111111111 0.08541666666666667
0 0.4486111111111111 0.8114583333333333 0.019444444444444445 0.08125
0 0.28194444444444444 0.8145833333333333 0.016666666666666666 0.07916666666666666
0 0.36319444444444443 0.8145833333333333 0.018055555555555554 0.07916666666666666
0 0.5965277777777778 0.8145833333333333 0.020833333333333332 0.08333333333333333
0 0.11319444444444444 0.8145833333333333 0.015277777777777777 0.04583333333333333
0 0.47152777777777777 0.821875 0.0125 0.04791666666666667
0 0.7402777777777778 0.825 0.022222222222222223 0.07916666666666666
0 0.7236111111111111 0.8270833333333333 0.019444444444444445 0.075
0 0.6631944444444444 0.840625 0.02361111111111111 0.08958333333333333
0 0.2569444444444444 0.8416666666666667 0.025 0.0875
0 0.37430555555555556 0.84375 0.02361111111111111 0.08333333333333333
0 0.90625 0.84375 0.034722222222222224 0.0875
0 0.35625 0.8447916666666667 0.02361111111111111 0.08958333333333333
0 0.15694444444444444 0.853125 0.019444444444444445 0.06041666666666667
0 0.29930555555555555 0.8552083333333333 0.02638888888888889 0.08958333333333333
0 0.2361111111111111 0.8572916666666667 0.019444444444444445 0.08125
0 0.1375 0.8572916666666667 0.025 0.08958333333333333
0 0.18194444444444444 0.8802083333333334 0.011111111111111112 0.03125
0 0.17083333333333334 0.8833333333333333 0.013888888888888888 0.0375
0 0.24375 0.8875 0.018055555555555554 0.0875
0 0.13125 0.8885416666666667 0.015277777777777777 0.052083333333333336
0 0.8652777777777778 0.896875 0.022222222222222223 0.09375
0 0.035416666666666666 0.9 0.018055555555555554 0.08333333333333333
0 0.022916666666666665 0.903125 0.029166666666666667 0.08541666666666667
0 0.7916666666666666 0.903125 0.027777777777777776 0.10625
0 0.2798611111111111 0.9072916666666667 0.02361111111111111 0.09791666666666667
0 0.2625 0.9083333333333333 0.016666666666666666 0.041666666666666664
0 0.33611111111111114 0.9083333333333333 0.011111111111111112 0.041666666666666664
0 0.7652777777777777 0.9114583333333334 0.030555555555555555 0.052083333333333336
0 0.7111111111111111 0.915625 0.025 0.10208333333333333
0 0.36736111111111114 0.9177083333333333 0.02361111111111111 0.08541666666666667
0 0.06458333333333334 0.9229166666666667 0.020833333333333332 0.08333333333333333
0 0.8868055555555555 0.9333333333333333 0.02638888888888889 0.10416666666666667
0 0.2604166666666667 0.9416666666666667 0.018055555555555554 0.05
0 0.39444444444444443 0.9416666666666667 0.027777777777777776 0.1125
0 0.12638888888888888 0.946875 0.025 0.08541666666666667
0 0.019444444444444445 0.95 0.016666666666666666 0.05416666666666667
0 0.3416666666666667 0.95 0.022222222222222223 0.09583333333333334
0 0.3645833333333333 0.9489583333333333 0.029166666666666667 0.09791666666666667
0 0.20833333333333334 0.95 0.027777777777777776 0.09583333333333334
0 0.09375 0.953125 0.02638888888888889 0.08958333333333333
0 0.24444444444444444 0.9552083333333333 0.025 0.052083333333333336
0 0.30694444444444446 0.9583333333333334 0.019444444444444445 0.07916666666666666
0 0.3298611111111111 0.9614583333333333 0.02638888888888889 0.07291666666666667
0 0.5291666666666667 0.9614583333333333 0.03333333333333333 0.07291666666666667
0 0.06458333333333334 0.9677083333333333 0.03194444444444444 0.06041666666666667
0 0.7965277777777777 0.9677083333333333 0.03194444444444444 0.06041666666666667
0 0.8284722222222223 0.9729166666666667 0.02361111111111111 0.05
0 0.24097222222222223 0.9770833333333333 0.02638888888888889 0.041666666666666664