0 0.10216346153846154 0.6370192307692307 0.08774038461538461 0.4651442307692308
0 0.3762019230769231 0.6045673076923077 0.11057692307692307 0.3425480769230769
0 0.41346153846153844 0.5492788461538461 0.04927884615384615 0.20793269230769232
0 0.49038461538461536 0.5384615384615384 0.04807692307692308 0.171875
0 0.5300480769230769 0.5036057692307693 0.1045673076923077 0.4074519230769231
0 0.5793269230769231 0.5829326923076923 0.08173076923076923 0.3245192307692308
0 0.609375 0.5649038461538461 0.06490384615384616 0.27163461538461536
0 0.5733173076923077 0.5697115384615384 0.07932692307692307 0.2932692307692308
0 0.5036057692307693 0.47115384615384615 0.015625 0.04326923076923077
0 0.4807692307692308 0.4891826923076923 0.025240384615384616 0.08533653846153846
0 0.44591346153846156 0.48677884615384615 0.03245192307692308 0.09014423076923077
0 0.25240384615384615 0.49278846153846156 0.02403846153846154 0.109375
0 0.296875 0.4987980769230769 0.039663461538461536 0.11057692307692307
0 0.2824519230769231 0.4891826923076923 0.014423076923076924 0.08413461538461539
0 0.2764423076923077 0.4807692307692308 0.016826923076923076 0.0673076923076923
0 0.2512019230769231 0.4879807692307692 0.025240384615384616 0.08413461538461539
0 0.27403846153846156 0.46274038461538464 0.007211538461538462 0.021634615384615384
0 0.31009615384615385 0.47716346153846156 0.010817307692307692 0.052884615384615384
0 0.3088942307692308 0.47836538461538464 0.013221153846153846 0.056490384615384616
0 0.2980769230769231 0.45913461538461536 0.007211538461538462 0.014423076923076924
0 0.32211538461538464 0.4675480769230769 0.008413461538461538 0.03365384615384615
0 0.328125 0.4675480769230769 0.007211538461538462 0.042067307692307696
0 0.33533653846153844 0.47596153846153844 0.013221153846153846 0.040865384615384616
0 0.3425480769230769 0.47115384615384615 0.010817307692307692 0.04326923076923077
0 0.8052884615384616 0.5408653846153846 0.04447115384615385 0.20673076923076922
0 0.9591346153846154 0.4951923076923077 0.02403846153846154 0.09254807692307693
0 0.20793269230769232 0.4639423076923077 0.007211538461538462 0.02403846153846154
0 0.19951923076923078 0.46634615384615385 0.008413461538461538 0.030048076923076924
0 0.13341346153846154 0.46634615384615385 0.009615384615384616 0.030048076923076924
0 0.008413461538461538 0.4651442307692308 0.008413461538461538 0.037259615384615384
0 0.014423076923076924 0.46033653846153844 0.008413461538461538 0.02403846153846154
0 0.020432692307692308 0.4675480769230769 0.008413461538461538 0.03485576923076923
0 0.026442307692307692 0.46634615384615385 0.008413461538461538 0.03365384615384615
0 0.04807692307692308 0.4675480769230769 0.01201923076923077 0.03245192307692308
0 0.055288461538461536 0.45913461538461536 0.007211538461538462 0.010817307692307692
0 0.06490384615384616 0.46634615384615385 0.008413461538461538 0.03125
0 0.1201923076923077 0.46634615384615385 0.008413461538461538 0.028846153846153848