0 0.9699519230769231 0.15985576923076922 0.06009615384615385 0.2764423076923077
0 0.7427884615384616 0.2247596153846154 0.055288461538461536 0.23798076923076922
0 0.35336538461538464 0.28125 0.04927884615384615 0.06850961538461539
0 0.3088942307692308 0.31850961538461536 0.04326923076923077 0.171875
0 0.2776442307692308 0.31850961538461536 0.037259615384615384 0.09735576923076923
0 0.24158653846153846 0.3401442307692308 0.03365384615384615 0.14903846153846154
0 0.19831730769230768 0.34134615384615385 0.05048076923076923 0.1658653846153846
0 0.0985576923076923 0.3473557692307692 0.02403846153846154 0.08173076923076923
0 0.055288461538461536 0.3389423076923077 0.018028846153846152 0.06370192307692307
0 0.8822115384615384 0.6694711538461539 0.04326923076923077 0.28846153846153844
0 0.703125 0.8064903846153846 0.14302884615384615 0.3858173076923077
0 0.4951923076923077 0.8257211538461539 0.14903846153846154 0.3485576923076923
0 0.39903846153846156 0.8293269230769231 0.10096153846153846 0.3401442307692308
0 0.26802884615384615 0.8221153846153846 0.08173076923076923 0.3557692307692308
0 0.43990384615384615 0.5805288461538461 0.08052884615384616 0.3858173076923077
0 0.5228365384615384 0.7019230769230769 0.17548076923076922 0.5961538461538461
0 0.5685096153846154 0.8137019230769231 0.052884615384615384 0.37259615384615385
0 0.3918269230769231 0.6550480769230769 0.018028846153846152 0.042067307692307696
0 0.31971153846153844 0.6586538461538461 0.054086538461538464 0.2644230769230769
0 0.11778846153846154 0.6622596153846154 0.04807692307692308 0.20432692307692307
0 0.028846153846153848 0.7019230769230769 0.057692307692307696 0.2932692307692308
0 0.07932692307692307 0.6862980769230769 0.03245192307692308 0.09615384615384616
0 0.11658653846153846 0.6670673076923077 0.04807692307692308 0.15384615384615385
0 0.06610576923076923 0.6370192307692307 0.01201923076923077 0.020432692307692308
0 0.3942307692307692 0.28365384615384615 0.025240384615384616 0.04326923076923077