0 0.6658653846153846 0.2127403846153846 0.02403846153846154 0.040865384615384616
0 0.5552884615384616 0.23197115384615385 0.04326923076923077 0.0625
0 0.71875 0.23317307692307693 0.030048076923076924 0.057692307692307696
0 0.8798076923076923 0.23317307692307693 0.038461538461538464 0.0733173076923077
0 0.7884615384615384 0.23918269230769232 0.027644230769230768 0.05889423076923077
0 0.7451923076923077 0.2403846153846154 0.030048076923076924 0.052884615384615384
0 0.703125 0.2403846153846154 0.03485576923076923 0.051682692307692304
0 0.7319711538461539 0.24278846153846154 0.02283653846153846 0.052884615384615384
0 0.9326923076923077 0.24278846153846154 0.038461538461538464 0.07211538461538461
0 0.6658653846153846 0.24759615384615385 0.03365384615384615 0.057692307692307696
0 0.6237980769230769 0.25721153846153844 0.036057692307692304 0.06610576923076923
0 0.8713942307692307 0.2668269230769231 0.036057692307692304 0.06370192307692307
0 0.4495192307692308 0.2668269230769231 0.028846153846153848 0.08052884615384616
0 0.953125 0.2668269230769231 0.026442307692307692 0.0985576923076923
0 0.3701923076923077 0.27524038461538464 0.03245192307692308 0.06610576923076923
0 0.8978365384615384 0.2764423076923077 0.030048076923076924 0.04567307692307692
0 0.546875 0.2776442307692308 0.04807692307692308 0.08052884615384616
0 0.4639423076923077 0.28725961538461536 0.03365384615384615 0.078125
0 0.11057692307692307 0.2932692307692308 0.03485576923076923 0.07572115384615384
0 0.234375 0.2932692307692308 0.05889423076923077 0.09375
0 0.18629807692307693 0.2956730769230769 0.04927884615384615 0.0733173076923077
0 0.9350961538461539 0.3016826923076923 0.0625 0.14302884615384615
0 0.5108173076923077 0.3076923076923077 0.036057692307692304 0.09975961538461539
0 0.39903846153846156 0.3137019230769231 0.052884615384615384 0.11177884615384616
0 0.5985576923076923 0.3161057692307692 0.042067307692307696 0.14302884615384615
0 0.3173076923076923 0.32572115384615385 0.040865384615384616 0.10697115384615384
0 0.7944711538461539 0.33052884615384615 0.0733173076923077 0.1778846153846154
0 0.49399038461538464 0.3329326923076923 0.07211538461538461 0.15144230769230768
0 0.09735576923076923 0.3401442307692308 0.055288461538461536 0.11538461538461539
0 0.6658653846153846 0.34375 0.04447115384615385 0.16105769230769232
0 0.3004807692307692 0.3449519230769231 0.039663461538461536 0.16105769230769232
0 0.2644230769230769 0.34615384615384615 0.04447115384615385 0.18509615384615385
0 0.19230769230769232 0.35096153846153844 0.046875 0.14543269230769232
0 0.3629807692307692 0.3545673076923077 0.04807692307692308 0.0985576923076923
0 0.23557692307692307 0.36538461538461536 0.06490384615384616 0.15865384615384615
0 0.42427884615384615 0.36899038461538464 0.036057692307692304 0.203125
0 0.14423076923076922 0.3737980769230769 0.1141826923076923 0.14423076923076922
0 0.45072115384615385 0.38341346153846156 0.06009615384615385 0.1502403846153846
0 0.9146634615384616 0.38341346153846156 0.052884615384615384 0.18389423076923078
0 0.12139423076923077 0.3858173076923077 0.05048076923076923 0.05889423076923077
0 0.5384615384615384 0.39302884615384615 0.046875 0.23798076923076922
0 0.6322115384615384 0.39663461538461536 0.09134615384615384 0.1778846153846154
0 0.4050480769230769 0.39903846153846156 0.10336538461538461 0.19951923076923078
0 0.9579326923076923 0.40024038461538464 0.051682692307692304 0.19471153846153846
0 0.8605769230769231 0.4014423076923077 0.13942307692307693 0.23317307692307693
0 0.8978365384615384 0.4014423076923077 0.06971153846153846 0.23557692307692307
0 0.7163461538461539 0.4110576923076923 0.09134615384615384 0.22956730769230768
0 0.6538461538461539 0.43509615384615385 0.0985576923076923 0.16105769230769232
0 0.9723557692307693 0.43990384615384615 0.052884615384615384 0.2704326923076923
0 0.32572115384615385 0.45913461538461536 0.1502403846153846 0.21153846153846154
0 0.039663461538461536 0.46634615384615385 0.078125 0.17668269230769232
0 0.5552884615384616 0.47716346153846156 0.08173076923076923 0.3401442307692308
0 0.22115384615384615 0.5048076923076923 0.09375 0.16346153846153846
0 0.07932692307692307 0.5060096153846154 0.10336538461538461 0.20432692307692307
0 0.8774038461538461 0.5240384615384616 0.15384615384615385 0.3473557692307692
0 0.49759615384615385 0.5480769230769231 0.12740384615384615 0.3473557692307692
0 0.7824519230769231 0.703125 0.32572115384615385 0.5913461538461539
0 0.3269230769230769 0.7055288461538461 0.18509615384615385 0.5877403846153846
0 0.6009615384615384 0.7271634615384616 0.08653846153846154 0.5300480769230769
0 0.46634615384615385 0.7283653846153846 0.1502403846153846 0.5168269230769231
0 0.4639423076923077 0.7355769230769231 0.15504807692307693 0.5276442307692307
0 0.10697115384615384 0.7740384615384616 0.21394230769230768 0.4495192307692308