0 0.020432692307692308 0.3870192307692308 0.040865384615384616 0.25961538461538464
0 0.05889423076923077 0.3870192307692308 0.078125 0.25600961538461536
0 0.046875 0.23798076923076922 0.0673076923076923 0.17668269230769232
0 0.12139423076923077 0.4074519230769231 0.07451923076923077 0.21634615384615385
0 0.15384615384615385 0.2091346153846154 0.0673076923076923 0.16947115384615385
0 0.17668269230769232 0.33774038461538464 0.054086538461538464 0.22716346153846154
0 0.22716346153846154 0.3425480769230769 0.0625 0.21153846153846154
0 0.27524038461538464 0.32091346153846156 0.054086538461538464 0.22115384615384615
0 0.31971153846153844 0.20072115384615385 0.052884615384615384 0.14903846153846154
0 0.3701923076923077 0.20673076923076922 0.07572115384615384 0.20673076923076922
0 0.328125 0.3269230769230769 0.0673076923076923 0.19591346153846154
0 0.40865384615384615 0.23197115384615385 0.06370192307692307 0.14302884615384615
0 0.47115384615384615 0.2620192307692308 0.0673076923076923 0.21033653846153846
0 0.421875 0.36778846153846156 0.09975961538461539 0.24879807692307693
0 0.5480769230769231 0.2620192307692308 0.078125 0.20432692307692307
0 0.6057692307692307 0.20192307692307693 0.0733173076923077 0.21033653846153846
0 0.6454326923076923 0.20673076923076922 0.0829326923076923 0.20793269230769232
0 0.7728365384615384 0.21033653846153846 0.08653846153846154 0.25961538461538464
0 0.8413461538461539 0.23197115384615385 0.054086538461538464 0.15865384615384615
0 0.8677884615384616 0.15625 0.05048076923076923 0.09735576923076923
0 0.9146634615384616 0.20793269230769232 0.055288461538461536 0.1971153846153846
0 0.9615384615384616 0.19110576923076922 0.05048076923076923 0.16346153846153846
0 0.8185096153846154 0.3894230769230769 0.08173076923076923 0.2620192307692308
0 0.8713942307692307 0.3894230769230769 0.078125 0.3894230769230769
0 0.9495192307692307 0.38822115384615385 0.08774038461538461 0.2644230769230769
0 0.9879807692307693 0.38822115384615385 0.02283653846153846 0.2512019230769231
0 0.6418269230769231 0.5625 0.23317307692307693 0.5012019230769231
0 0.421875 0.5096153846153846 0.234375 0.3701923076923077
0 0.4579326923076923 0.75 0.29086538461538464 0.40024038461538464
0 0.23798076923076922 0.6682692307692307 0.21995192307692307 0.5096153846153846
0 0.11057692307692307 0.8617788461538461 0.21995192307692307 0.27403846153846156