0 0.07451923076923077 0.7127403846153846 0.14783653846153846 0.5745192307692307
0 0.14903846153846154 0.47716346153846156 0.10817307692307693 0.25
0 0.15985576923076922 0.7295673076923077 0.14182692307692307 0.5408653846153846
0 0.21153846153846154 0.44591346153846156 0.0733173076923077 0.09735576923076923
0 0.30408653846153844 0.7127403846153846 0.2764423076923077 0.5745192307692307
0 0.296875 0.42788461538461536 0.06009615384615385 0.10096153846153846
0 0.3016826923076923 0.4254807692307692 0.04927884615384615 0.10096153846153846
0 0.34975961538461536 0.5384615384615384 0.08413461538461539 0.17548076923076922
0 0.39783653846153844 0.7139423076923077 0.0829326923076923 0.546875
0 0.45072115384615385 0.6177884615384616 0.07211538461538461 0.39663461538461536
0 0.4795673076923077 0.5540865384615384 0.12259615384615384 0.3389423076923077
0 0.8305288461538461 0.6141826923076923 0.2091346153846154 0.35216346153846156
0 0.8293269230769231 0.6454326923076923 0.21514423076923078 0.29086538461538464