0 0.4059090909090909 0.17609046849757673 0.053636363636363635 0.20032310177705978
0 0.6209090909090909 0.1777059773828756 0.04727272727272727 0.20032310177705978
0 0.8436363636363636 0.17851373182552505 0.0890909090909091 0.3150242326332795
0 0.5677272727272727 0.17932148626817448 0.05 0.19063004846526657
0 0.095 0.1938610662358643 0.060909090909090906 0.29079159935379645
0 0.9140909090909091 0.19951534733441034 0.042727272727272725 0.23424878836833601
0 0.9509090909090909 0.2084006462035541 0.04909090909090909 0.19709208400646203
0 0.7395454545454545 0.21082390953150243 0.03363636363636364 0.1825525040387722
0 0.519090909090909 0.2197092084006462 0.038181818181818185 0.11954765751211632
0 0.485 0.22294022617124395 0.04454545454545455 0.12924071082390953
0 0.8704545454545455 0.23182552504038773 0.035454545454545454 0.20193861066235863
0 0.36272727272727273 0.23263327948303716 0.04727272727272727 0.20032310177705978
0 0.7618181818181818 0.2544426494345719 0.05272727272727273 0.2148626817447496
0 0.7936363636363636 0.2560581583198708 0.034545454545454546 0.19547657512116318
0 0.42272727272727273 0.2754442649434572 0.05090909090909091 0.12116316639741519
0 0.555 0.2770597738287561 0.024545454545454544 0.10823909531502424
0 0.12363636363636364 0.2778675282714055 0.06727272727272728 0.2778675282714055
0 0.035454545454545454 0.2802907915993538 0.056363636363636366 0.24717285945072698
0 0.635 0.2867528271405493 0.04090909090909091 0.1050080775444265
0 0.6936363636363636 0.2956381260096931 0.12363636363636364 0.2552504038772213
0 0.17227272727272727 0.2988691437802908 0.06454545454545454 0.210016155088853
0 0.9127272727272727 0.327140549273021 0.05090909090909091 0.1308562197092084
0 0.37454545454545457 0.3287560581583199 0.05272727272727273 0.2310177705977383
0 0.6259090909090909 0.345718901453958 0.05545454545454546 0.13570274636510501
0 0.23772727272727273 0.35379644588045234 0.042727272727272725 0.30048465266558966
0 0.9540909090909091 0.39095315024232635 0.031818181818181815 0.18093699515347333
0 0.46045454545454545 0.3925686591276252 0.04818181818181818 0.16155088852988692
0 0.95 0.04038772213247173 0.03090909090909091 0.08077544426494346
0 0.889090909090909 0.04038772213247173 0.04 0.08077544426494346
0 0.6204545454545455 0.4079159935379645 0.04818181818181818 0.1147011308562197
0 0.7377272727272727 0.41195476575121165 0.04818181818181818 0.13893376413570274
0 0.6959090909090909 0.4168012924071082 0.03363636363636364 0.12277867528271405
0 0.21681818181818183 0.42407108239095315 0.05545454545454546 0.21163166397415187
0 0.9868181818181818 0.43376413570274636 0.024545454545454544 0.15347334410339256
0 0.32 0.4394184168012924 0.08545454545454545 0.29079159935379645
0 0.1640909090909091 0.44264943457189015 0.05909090909090909 0.29079159935379645
0 0.3990909090909091 0.44507269789983844 0.05090909090909091 0.2762520193861066
0 0.9522727272727273 0.4507269789983845 0.03727272727272727 0.2358642972536349
0 0.2718181818181818 0.4596122778675283 0.06909090909090909 0.24717285945072698
0 0.9159090909090909 0.4604200323101777 0.042727272727272725 0.24232633279483037
0 0.6777272727272727 0.4806138933764136 0.053636363636363635 0.20516962843295639
0 0.5963636363636363 0.048465266558966075 0.03636363636363636 0.09693053311793215
0 0.034545454545454546 0.4894991922455573 0.06727272727272728 0.1841680129240711
0 0.6031818181818182 0.4983844911147011 0.03727272727272727 0.15024232633279483
0 0.7404545454545455 0.4983844911147011 0.060909090909090906 0.15024232633279483
0 0.44227272727272726 0.050080775444264945 0.042727272727272725 0.10016155088852989
0 0.6427272727272727 0.5040387722132472 0.04 0.1421647819063005
0 0.11318181818181818 0.505654281098546 0.06454545454545454 0.1680129240710824
0 0.5472727272727272 0.5088852988691438 0.08363636363636363 0.9789983844911146
0 0.9663636363636363 0.5823909531502424 0.06545454545454546 0.13731825525040386
0 0.22090909090909092 0.5840064620355412 0.06909090909090909 0.17609046849757673
0 0.035 0.5848142164781907 0.07 0.11954765751211632
0 0.9304545454545454 0.05977382875605816 0.02090909090909091 0.061389337641357025
0 0.7436363636363637 0.06058158319870759 0.038181818181818185 0.12116316639741519
0 0.44727272727272727 0.5977382875605816 0.04181818181818182 0.1421647819063005
0 0.610909090909091 0.6155088852988692 0.06363636363636363 0.17124394184168013
0 0.13227272727272726 0.0654281098546042 0.046363636363636364 0.1308562197092084
0 0.5154545454545455 0.6510500807754442 0.16363636363636364 0.6946688206785138
0 0.515 0.06946688206785137 0.042727272727272725 0.13893376413570274
0 0.5545454545454546 0.07108239095315025 0.03636363636363636 0.1421647819063005
0 0.37863636363636366 0.07835218093699516 0.04090909090909091 0.1470113085621971
0 0.28545454545454546 0.08077544426494346 0.03636363636363636 0.16155088852988692
0 0.6540909090909091 0.0815831987075929 0.03 0.15347334410339256
0 0.8490909090909091 0.0864297253634895 0.03272727272727273 0.1308562197092084
0 0.8095454545454546 0.08966074313408724 0.026363636363636363 0.0791599353796446
0 0.7736363636363637 0.09046849757673667 0.034545454545454546 0.17124394184168013
0 0.4709090909090909 0.09854604200323101 0.038181818181818185 0.19709208400646203
0 0.07136363636363637 0.1098546042003231 0.046363636363636364 0.2197092084006462
0 0.9468181818181818 0.11066235864297254 0.05181818181818182 0.14378029079159935
0 0.30454545454545456 0.1122778675282714 0.04 0.2245557350565428
0 0.9072727272727272 0.1147011308562197 0.04181818181818182 0.14539579967689822
0 0.9790909090909091 0.11631663974151858 0.02909090909090909 0.16155088852988692
0 0.6495454545454545 0.11631663974151858 0.053636363636363635 0.22294022617124395
0 0.7031818181818181 0.11631663974151858 0.046363636363636364 0.19709208400646203
0 0.19272727272727272 0.1284329563812601 0.04 0.13731825525040386
0 0.49863636363636366 0.13489499192245558 0.04454545454545455 0.0888529886914378
0 0.33045454545454545 0.13570274636510501 0.06636363636363636 0.27140549273021003
0 0.7722727272727272 0.13974151857835218 0.04818181818181818 0.1470113085621971
0 0.030454545454545453 0.1421647819063005 0.053636363636363635 0.13570274636510501
0 0.5363636363636364 0.14620355411954766 0.04 0.1147011308562197
0 0.43318181818181817 0.15024232633279483 0.04454545454545455 0.13893376413570274
0 0.08272727272727273 0.15266558966074315 0.06545454545454546 0.2665589660743134
0 0.4577272727272727 0.15508885298869143 0.03909090909090909 0.1421647819063005