0 0.019285714285714285 0.6915887850467289 0.03857142857142857 0.2141036533559898
0 0.04904761904761905 0.7166525063721325 0.07047619047619047 0.16397621070518267
0 0.019285714285714285 0.5118946474086661 0.03857142857142857 0.27612574341546303
0 0.08261904761904762 0.5480033984706882 0.15476190476190477 0.7102803738317757
0 0.11285714285714285 0.5815632965165676 0.06952380952380953 0.43755310110450296
0 0.15857142857142856 0.6146983857264231 0.049523809523809526 0.3610875106202209
0 0.17166666666666666 0.6015293118096856 0.07 0.39422259983007646
0 0.21571428571428572 0.594732370433305 0.04285714285714286 0.37892948173322005
0 0.2742857142857143 0.5802888700084962 0.15619047619047619 0.6779949022939677
0 0.33404761904761904 0.5819881053525914 0.03761904761904762 0.3959218351741716
0 0.3538095238095238 0.5896346644010195 0.04476190476190476 0.3823279524214104
0 0.36642857142857144 0.596856414613424 0.03380952380952381 0.318606627017842
0 0.4004761904761905 0.610875106202209 0.05142857142857143 0.33814783347493627
0 0.455 0.5429056924384027 0.14047619047619048 0.7051826677994902
0 0.5171428571428571 0.44519966015293116 0.06380952380952382 0.15972812234494477
0 0.5266666666666666 0.6015293118096856 0.07047619047619047 0.3806287170773152
0 0.5616666666666666 0.6091758708581139 0.06714285714285714 0.37043330501274424
0 0.6245238095238095 0.5628717077315208 0.11666666666666667 0.5870858113848768
0 0.6854761904761905 0.5832625318606627 0.09476190476190476 0.20985556499575192
0 0.6976190476190476 0.4566694987255735 0.04380952380952381 0.17587085811384875
0 0.7738095238095238 0.5339847068819031 0.1457142857142857 0.7570093457943925
0 0.8504761904761905 0.6983857264231096 0.06095238095238095 0.16652506372132542
0 0.8504761904761905 0.6121495327102804 0.049523809523809526 0.34579439252336447
0 0.8542857142857143 0.5828377230246389 0.049523809523809526 0.37553101104502973
0 0.9133333333333333 0.5662701784197112 0.14476190476190476 0.6652506372132541