0 0.4651442307692308 0.7908653846153846 0.47596153846153844 0.4170673076923077
0 0.6694711538461539 0.7584134615384616 0.35697115384615385 0.44350961538461536
0 0.8185096153846154 0.7151442307692307 0.3629807692307692 0.5168269230769231
0 0.8064903846153846 0.49278846153846156 0.3870192307692308 0.24879807692307693
0 0.7271634615384616 0.4098557692307692 0.3641826923076923 0.27403846153846156
0 0.8665865384615384 0.3161057692307692 0.23317307692307693 0.2644230769230769
0 0.27524038461538464 0.7247596153846154 0.2848557692307692 0.49158653846153844
0 0.1346153846153846 0.6394230769230769 0.1935096153846154 0.5096153846153846
0 0.29927884615384615 0.46634615384615385 0.14423076923076922 0.1935096153846154
0 0.43990384615384615 0.5132211538461539 0.14543269230769232 0.28725961538461536
0 0.5180288461538461 0.49399038461538464 0.23918269230769232 0.28846153846153844
0 0.09134615384615384 0.4579326923076923 0.17908653846153846 0.5204326923076923
0 0.21033653846153846 0.31971153846153844 0.18870192307692307 0.23317307692307693
0 0.38100961538461536 0.3233173076923077 0.16706730769230768 0.1346153846153846
0 0.2247596153846154 0.2439903846153846 0.23918269230769232 0.21754807692307693
0 0.41466346153846156 0.2668269230769231 0.2403846153846154 0.24759615384615385
0 0.5432692307692307 0.3425480769230769 0.17548076923076922 0.15384615384615385
0 0.5889423076923077 0.2644230769230769 0.23197115384615385 0.1814903846153846