0 0.007211538461538462 0.6286057692307693 0.014423076923076924 0.03485576923076923
0 0.020432692307692308 0.6298076923076923 0.015625 0.038461538461538464
0 0.03245192307692308 0.6274038461538461 0.028846153846153848 0.04447115384615385
0 0.06009615384615385 0.6286057692307693 0.027644230769230768 0.038461538461538464
0 0.08173076923076923 0.6298076923076923 0.02283653846153846 0.03485576923076923
0 0.09495192307692307 0.6286057692307693 0.018028846153846152 0.03245192307692308
0 0.10576923076923077 0.6274038461538461 0.015625 0.03365384615384615
0 0.12620192307692307 0.6262019230769231 0.010817307692307692 0.025240384615384616
0 0.13822115384615385 0.6225961538461539 0.018028846153846152 0.026442307692307692
0 0.14783653846153846 0.6225961538461539 0.019230769230769232 0.027644230769230768
0 0.16105769230769232 0.625 0.018028846153846152 0.030048076923076924
0 0.17548076923076922 0.6225961538461539 0.008413461538461538 0.028846153846153848
0 0.17908653846153846 0.6237980769230769 0.014423076923076924 0.030048076923076924
0 0.1875 0.6274038461538461 0.015625 0.03365384615384615
0 0.203125 0.6262019230769231 0.018028846153846152 0.028846153846153848
0 0.21875 0.6262019230769231 0.018028846153846152 0.030048076923076924
0 0.24759615384615385 0.6237980769230769 0.014423076923076924 0.019230769230769232
0 0.7596153846153846 0.625 0.015625 0.025240384615384616
0 0.7728365384615384 0.6201923076923077 0.014423076923076924 0.016826923076923076
0 0.9867788461538461 0.6286057692307693 0.015625 0.027644230769230768