0 0.0712890625 0.859375 0.142578125 0.2786458333333333
0 0.17724609375 0.8645833333333334 0.1689453125 0.2682291666666667
0 0.35205078125 0.802734375 0.0869140625 0.13411458333333334
0 0.0005125999450683594 0.0011783175998263888 0.00014400482177734375 0.0002509223090277777
0 0.85986328125 0.8704427083333334 0.1845703125 0.2565104166666667
0 0.000629425048828125 0.0011147393120659722 0.000118255615234375 0.000378078884548611
0 0.462890625 0.7740885416666666 0.107421875 0.19661458333333334
0 0.56591796875 0.7916666666666666 0.0712890625 0.3697916666666667
0 0.5185546875 0.7604166666666666 0.046875 0.125
0 0.75 0.76953125 0.107421875 0.19270833333333334
0 0.68994140625 0.6907552083333334 0.1083984375 0.17317708333333334
0 0.81201171875 0.7740885416666666 0.0830078125 0.24348958333333334
0 0.87451171875 0.7005208333333334 0.0791015625 0.19270833333333334
0 0.94287109375 0.7962239583333334 0.1064453125 0.26953125
0 0.11376953125 0.712890625 0.0556640625 0.09244791666666667
0 0.14306640625 0.75390625 0.0771484375 0.125
0 0.23095703125 0.7467447916666666 0.0615234375 0.14453125
0 0.26953125 0.8125 0.05859375 0.22135416666666666
0 0.306640625 0.8157552083333334 0.080078125 0.19401041666666666
0 0.02294921875 0.705078125 0.0439453125 0.055989583333333336
0 0.13427734375 0.6953125 0.0283203125 0.0546875
0 0.14892578125 0.662109375 0.0224609375 0.037760416666666664
0 0.18798828125 0.7044270833333334 0.0322265625 0.0859375
0 0.27490234375 0.6940104166666666 0.0302734375 0.03125
0 0.38671875 0.7220052083333334 0.04296875 0.08723958333333333
0 0.41796875 0.7037760416666666 0.02734375 0.048177083333333336
0 0.4443359375 0.6940104166666666 0.03125 0.06510416666666667
0 0.54248046875 0.67578125 0.0263671875 0.06510416666666667
0 0.5537109375 0.6627604166666666 0.013671875 0.028645833333333332
0 0.56494140625 0.6744791666666666 0.0244140625 0.046875
0 0.6943359375 0.6868489583333334 0.02734375 0.07421875
0 0.3876953125 0.6822916666666666 0.03125 0.052083333333333336
0 0.12548828125 0.759765625 0.0400390625 0.048177083333333336
0 0.595703125 0.76953125 0.041015625 0.16145833333333334
0 0.24462890625 0.7122395833333334 0.0302734375 0.06770833333333333
0 0.61572265625 0.7493489583333334 0.0517578125 0.21744791666666666