0 0.078125 0.35697115384615385 0.15625 0.36538461538461536
0 0.10817307692307693 0.5300480769230769 0.21634615384615385 0.4074519230769231
0 0.24278846153846154 0.33413461538461536 0.15384615384615385 0.26802884615384615
0 0.2439903846153846 0.4855769230769231 0.15745192307692307 0.43509615384615385
0 0.36177884615384615 0.4987980769230769 0.22956730769230768 0.44471153846153844
0 0.39302884615384615 0.5757211538461539 0.3894230769230769 0.49158653846153844
0 0.6634615384615384 0.6682692307692307 0.4567307692307692 0.6634615384615384
0 0.9074519230769231 0.6021634615384616 0.18389423076923078 0.7956730769230769
0 0.8076923076923077 0.4543269230769231 0.12860576923076922 0.4026442307692308
0 0.71875 0.4411057692307692 0.16947115384615385 0.3581730769230769
0 0.5540865384615384 0.3701923076923077 0.08774038461538461 0.17908653846153846
0 0.4326923076923077 0.3629807692307692 0.1201923076923077 0.234375