0 0.039663461538461536 0.9038461538461539 0.016826923076923076 0.09014423076923077
0 0.12379807692307693 0.9338942307692307 0.03365384615384615 0.12379807692307693
0 0.13341346153846154 0.84375 0.028846153846153848 0.09254807692307693
0 0.09254807692307693 0.6454326923076923 0.020432692307692308 0.052884615384615384
0 0.046875 0.8221153846153846 0.03125 0.10576923076923077
0 0.0829326923076923 0.8161057692307693 0.021634615384615384 0.11057692307692307
0 0.04927884615384615 0.8197115384615384 0.020432692307692308 0.11057692307692307
0 0.039663461538461536 0.7259615384615384 0.016826923076923076 0.0625
0 0.08653846153846154 0.7451923076923077 0.015625 0.08533653846153846
0 0.013221153846153846 0.7235576923076923 0.025240384615384616 0.07451923076923077
0 0.09735576923076923 0.7223557692307693 0.010817307692307692 0.042067307692307696
0 0.18990384615384615 0.6550480769230769 0.14423076923076922 0.6899038461538461
0 0.30288461538461536 0.6586538461538461 0.12860576923076922 0.6826923076923077
0 0.41225961538461536 0.6694711538461539 0.12379807692307693 0.6610576923076923
0 0.5132211538461539 0.6862980769230769 0.11298076923076923 0.6274038461538461
0 0.6177884615384616 0.671875 0.13581730769230768 0.65625
0 0.7175480769230769 0.6526442307692307 0.14302884615384615 0.6935096153846154
0 0.8221153846153846 0.6646634615384616 0.12259615384615384 0.6694711538461539
0 0.890625 0.6189903846153846 0.12379807692307693 0.7620192307692307
0 0.07451923076923077 0.7319711538461539 0.020432692307692308 0.07451923076923077
0 0.039663461538461536 0.9038461538461539 0.015625 0.0889423076923077