0 0.09495192307692307 0.6454326923076923 0.17548076923076922 0.7091346153846154
0 0.1875 0.6766826923076923 0.07211538461538461 0.6466346153846154
0 0.23677884615384615 0.7127403846153846 0.09495192307692307 0.5733173076923077
0 0.29447115384615385 0.6971153846153846 0.11658653846153846 0.6045673076923077
0 0.38100961538461536 0.6935096153846154 0.11778846153846154 0.6129807692307693
0 0.45913461538461536 0.6899038461538461 0.12980769230769232 0.6201923076923077
0 0.5540865384615384 0.6778846153846154 0.109375 0.6442307692307693
0 0.6213942307692307 0.6875 0.0889423076923077 0.625
0 0.6766826923076923 0.6899038461538461 0.09134615384615384 0.6201923076923077
0 0.7632211538461539 0.6706730769230769 0.13221153846153846 0.6514423076923077
0 0.8798076923076923 0.6586538461538461 0.18269230769230768 0.6826923076923077
0 0.9423076923076923 0.4639423076923077 0.039663461538461536 0.18389423076923078
0 0.9747596153846154 0.5600961538461539 0.05048076923076923 0.35096153846153844