0 0.9735576923076923 0.48197115384615385 0.052884615384615384 0.12259615384615384
0 0.9891826923076923 0.4050480769230769 0.021634615384615384 0.040865384615384616
0 0.9639423076923077 0.4423076923076923 0.037259615384615384 0.09735576923076923
0 0.8918269230769231 0.4891826923076923 0.036057692307692304 0.09254807692307693
0 0.8725961538461539 0.48197115384615385 0.025240384615384616 0.10096153846153846
0 0.8641826923076923 0.4807692307692308 0.025240384615384616 0.09495192307692307
0 0.8413461538461539 0.5132211538461539 0.02403846153846154 0.0829326923076923
0 0.9194711538461539 0.5685096153846154 0.054086538461538464 0.24639423076923078
0 0.8918269230769231 0.5612980769230769 0.042067307692307696 0.23918269230769232
0 0.8100961538461539 0.6057692307692307 0.06850961538461539 0.3016826923076923
0 0.7608173076923077 0.59375 0.06971153846153846 0.2956730769230769
0 0.7560096153846154 0.5973557692307693 0.054086538461538464 0.2439903846153846
0 0.7319711538461539 0.5877403846153846 0.030048076923076924 0.2439903846153846
0 0.6634615384615384 0.5 0.21634615384615385 1
0 0.4951923076923077 0.5552884615384616 0.04447115384615385 0.1466346153846154
0 0.42427884615384615 0.5528846153846154 0.037259615384615384 0.15144230769230768
0 0.3918269230769231 0.5516826923076923 0.03365384615384615 0.13942307692307693
0 0.3894230769230769 0.5444711538461539 0.038461538461538464 0.13942307692307693
0 0.34134615384615385 0.5528846153846154 0.04447115384615385 0.19230769230769232
0 0.3293269230769231 0.5564903846153846 0.040865384615384616 0.19110576923076922
0 0.3173076923076923 0.5564903846153846 0.016826923076923076 0.16466346153846154
0 0.31490384615384615 0.5516826923076923 0.026442307692307692 0.14423076923076922
0 0.2980769230769231 0.5600961538461539 0.046875 0.19591346153846154
0 0.2608173076923077 0.5949519230769231 0.08533653846153846 0.2860576923076923
0 0.25 0.6213942307692307 0.0889423076923077 0.2920673076923077
0 0.18028846153846154 0.5661057692307693 0.038461538461538464 0.17427884615384615
0 0.14423076923076922 0.6153846153846154 0.1141826923076923 0.31850961538461536
0 0.09615384615384616 0.5637019230769231 0.03365384615384615 0.16466346153846154
0 0.06009615384615385 0.6177884615384616 0.0673076923076923 0.328125
0 0.030048076923076924 0.6310096153846154 0.06009615384615385 0.328125
0 0.025240384615384616 0.6370192307692307 0.05048076923076923 0.35216346153846156