0 0.037259615384615384 0.5396634615384616 0.039663461538461536 0.19951923076923078
0 0.051682692307692304 0.5204326923076923 0.03365384615384615 0.14543269230769232
0 0.06370192307692307 0.5108173076923077 0.025240384615384616 0.09735576923076923
0 0.0985576923076923 0.5552884615384616 0.052884615384615384 0.2403846153846154
0 0.12980769230769232 0.5348557692307693 0.046875 0.18028846153846154
0 0.14543269230769232 0.5012019230769231 0.028846153846153848 0.09735576923076923
0 0.1622596153846154 0.4963942307692308 0.03125 0.09735576923076923
0 0.17908653846153846 0.5805288461538461 0.05889423076923077 0.18990384615384615
0 0.19471153846153846 0.5576923076923077 0.06370192307692307 0.23557692307692307
0 0.2692307692307692 0.5576923076923077 0.0985576923076923 0.16947115384615385
0 0.2776442307692308 0.46033653846153844 0.018028846153846152 0.04447115384615385
0 0.28966346153846156 0.5132211538461539 0.03365384615384615 0.13221153846153846
0 0.34134615384615385 0.5120192307692307 0.03365384615384615 0.11538461538461539
0 0.33052884615384615 0.4855769230769231 0.016826923076923076 0.07451923076923077
0 0.40625 0.4987980769230769 0.028846153846153848 0.11298076923076923
0 0.43028846153846156 0.5216346153846154 0.04326923076923077 0.09735576923076923
0 0.5012019230769231 0.5072115384615384 0.03365384615384615 0.11538461538461539
0 0.5036057692307693 0.5072115384615384 0.026442307692307692 0.11538461538461539
0 0.5264423076923077 0.5036057692307693 0.030048076923076924 0.11298076923076923
0 0.6009615384615384 0.4675480769230769 0.014423076923076924 0.039663461538461536
0 0.6213942307692307 0.5132211538461539 0.038461538461538464 0.1622596153846154
0 0.6225961538461539 0.4987980769230769 0.028846153846153848 0.10216346153846154
0 0.6502403846153846 0.5384615384615384 0.056490384615384616 0.23798076923076922
0 0.6766826923076923 0.49158653846153844 0.026442307692307692 0.09735576923076923
0 0.7055288461538461 0.5096153846153846 0.03365384615384615 0.125
0 0.7319711538461539 0.5120192307692307 0.03365384615384615 0.13942307692307693
0 0.7872596153846154 0.47836538461538464 0.021634615384615384 0.0625
0 0.8028846153846154 0.5096153846153846 0.03365384615384615 0.15985576923076922
0 0.8305288461538461 0.5300480769230769 0.056490384615384616 0.21033653846153846
0 0.8762019230769231 0.5096153846153846 0.05048076923076923 0.15985576923076922
0 0.9603365384615384 0.5853365384615384 0.07451923076923077 0.3449519230769231
0 0.7704326923076923 0.5865384615384616 0.09495192307692307 0.3173076923076923
0 0.24759615384615385 0.47836538461538464 0.025240384615384616 0.042067307692307696