0 0.006009615384615385 0.4483173076923077 0.01201923076923077 0.06490384615384616
0 0.009615384615384616 0.4338942307692308 0.010817307692307692 0.03125
0 0.018028846153846152 0.42427884615384615 0.01201923076923077 0.02283653846153846
0 0.030048076923076924 0.5072115384615384 0.06009615384615385 0.17427884615384615
0 0.037259615384615384 0.43509615384615385 0.016826923076923076 0.040865384615384616
0 0.0625 0.45552884615384615 0.02403846153846154 0.09014423076923077
0 0.078125 0.45552884615384615 0.016826923076923076 0.09495192307692307
0 0.0889423076923077 0.4254807692307692 0.015625 0.04447115384615385
0 0.10096153846153846 0.4951923076923077 0.04927884615384615 0.18389423076923078
0 0.125 0.4375 0.021634615384615384 0.051682692307692304
0 0.1502403846153846 0.515625 0.06129807692307692 0.21875
0 0.15985576923076922 0.43149038461538464 0.014423076923076924 0.04447115384615385
0 0.17548076923076922 0.45552884615384615 0.02403846153846154 0.08774038461538461
0 0.18509615384615385 0.4483173076923077 0.009615384615384616 0.0673076923076923
0 0.1971153846153846 0.4411057692307692 0.008413461538461538 0.020432692307692308
0 0.20552884615384615 0.4495192307692308 0.015625 0.06610576923076923
0 0.21394230769230768 0.4423076923076923 0.008413461538461538 0.046875
0 0.24278846153846154 0.44591346153846156 0.019230769230769232 0.06971153846153846
0 0.2764423076923077 0.45552884615384615 0.019230769230769232 0.09014423076923077
0 0.328125 0.4375 0.009615384615384616 0.042067307692307696
0 0.2860576923076923 0.6262019230769231 0.1045673076923077 0.45552884615384615
0 0.3473557692307692 0.5985576923076923 0.0733173076923077 0.41586538461538464
0 0.38461538461538464 0.5216346153846154 0.04807692307692308 0.29447115384615385
0 0.4110576923076923 0.44711538461538464 0.030048076923076924 0.09014423076923077
0 0.42908653846153844 0.5300480769230769 0.078125 0.24278846153846154
0 0.4495192307692308 0.49038461538461536 0.015625 0.11899038461538461
0 0.46634615384615385 0.49759615384615385 0.02283653846153846 0.11298076923076923
0 0.49399038461538464 0.49278846153846156 0.025240384615384616 0.12259615384615384
0 0.5120192307692307 0.49158653846153844 0.026442307692307692 0.12259615384615384
0 0.5408653846153846 0.5949519230769231 0.10817307692307693 0.40865384615384615
0 0.5697115384615384 0.6358173076923077 0.15144230769230768 0.5024038461538461
0 0.65625 0.6274038461538461 0.0733173076923077 0.4411057692307692
0 0.7067307692307693 0.5540865384615384 0.06610576923076923 0.28725961538461536
0 0.71875 0.5228365384615384 0.020432692307692308 0.17548076923076922
0 0.7379807692307693 0.5372596153846154 0.036057692307692304 0.171875
0 0.7548076923076923 0.5348557692307693 0.03365384615384615 0.16346153846153846
0 0.7920673076923077 0.5360576923076923 0.027644230769230768 0.18389423076923078
0 0.8076923076923077 0.5408653846153846 0.046875 0.18990384615384615
0 0.8665865384615384 0.546875 0.039663461538461536 0.19110576923076922
0 0.90625 0.5372596153846154 0.038461538461538464 0.21153846153846154
0 0.9230769230769231 0.5576923076923077 0.04447115384615385 0.20432692307692307
0 0.9759615384615384 0.5408653846153846 0.046875 0.20673076923076922