0 0.9711538461538461 0.7920673076923077 0.057692307692307696 0.23317307692307693
0 0.9771634615384616 0.6838942307692307 0.04447115384615385 0.06129807692307692
0 0.9495192307692307 0.6862980769230769 0.025240384615384616 0.06850961538461539
0 0.9290865384615384 0.6850961538461539 0.028846153846153848 0.06610576923076923
0 0.9230769230769231 0.7956730769230769 0.06971153846153846 0.2644230769230769
0 0.8737980769230769 0.8569711538461539 0.15745192307692307 0.2860576923076923
0 0.8545673076923077 0.7379807692307693 0.078125 0.1346153846153846
0 0.7716346153846154 0.8173076923076923 0.08653846153846154 0.296875
0 0.7548076923076923 0.8052884615384616 0.0673076923076923 0.2668269230769231
0 0.7211538461538461 0.8076923076923077 0.037259615384615384 0.15264423076923078
0 0.7139423076923077 0.6802884615384616 0.020432692307692308 0.05889423076923077
0 0.8329326923076923 0.7247596153846154 0.051682692307692304 0.12620192307692307
0 0.7043269230769231 0.703125 0.028846153846153848 0.0733173076923077
0 0.6730769230769231 0.8269230769230769 0.0829326923076923 0.3449519230769231
0 0.6346153846153846 0.8004807692307693 0.038461538461538464 0.2548076923076923
0 0.6129807692307693 0.8257211538461539 0.09975961538461539 0.2800480769230769
0 0.5588942307692307 0.7992788461538461 0.055288461538461536 0.20673076923076922
0 0.5925480769230769 0.6911057692307693 0.018028846153846152 0.08173076923076923
0 0.5757211538461539 0.6814903846153846 0.021634615384615384 0.06971153846153846
0 0.5576923076923077 0.6754807692307693 0.016826923076923076 0.04326923076923077
0 0.5492788461538461 0.6911057692307693 0.021634615384615384 0.07211538461538461
0 0.5336538461538461 0.6790865384615384 0.014423076923076924 0.05889423076923077
0 0.5180288461538461 0.6850961538461539 0.02403846153846154 0.06370192307692307
0 0.5252403846153846 0.6778846153846154 0.019230769230769232 0.055288461538461536
0 0.4182692307692308 0.6826923076923077 0.019230769230769232 0.0673076923076923
0 0.4338942307692308 0.6887019230769231 0.020432692307692308 0.08173076923076923
0 0.46875 0.6766826923076923 0.013221153846153846 0.05048076923076923
0 0.49759615384615385 0.6742788461538461 0.018028846153846152 0.046875
0 0.48197115384615385 0.6947115384615384 0.03485576923076923 0.06971153846153846
0 0.4483173076923077 0.71875 0.03365384615384615 0.109375
0 0.5180288461538461 0.7463942307692307 0.037259615384615384 0.08774038461538461
0 0.5096153846153846 0.7487980769230769 0.042067307692307696 0.11057692307692307
0 0.4963942307692308 0.8605769230769231 0.26322115384615385 0.27884615384615385
0 0.3737980769230769 0.8161057692307693 0.15384615384615385 0.36778846153846156
0 0.3137019230769231 0.7259615384615384 0.05889423076923077 0.15625
0 0.296875 0.6694711538461539 0.015625 0.04447115384615385
0 0.27884615384615385 0.7175480769230769 0.028846153846153848 0.12740384615384615
0 0.2536057692307692 0.7163461538461539 0.04447115384615385 0.125
0 0.2283653846153846 0.8305288461538461 0.1971153846153846 0.3389423076923077
0 0.1141826923076923 0.8269230769230769 0.15865384615384615 0.34615384615384615
0 0.0673076923076923 0.7872596153846154 0.06971153846153846 0.18028846153846154
0 0.020432692307692308 0.8317307692307693 0.040865384615384616 0.3317307692307692
0 0.08413461538461539 0.6730769230769231 0.052884615384615384 0.08413461538461539