0 0.9699519230769231 0.8269230769230769 0.05889423076923077 0.2608173076923077
0 0.9939903846153846 0.8173076923076923 0.01201923076923077 0.24158653846153846
0 0.96875 0.8257211538461539 0.046875 0.24759615384615385
0 0.9290865384615384 0.8341346153846154 0.039663461538461536 0.24879807692307693
0 0.8894230769230769 0.8076923076923077 0.055288461538461536 0.2860576923076923
0 0.8954326923076923 0.8185096153846154 0.07932692307692307 0.2668269230769231
0 0.8701923076923077 0.8028846153846154 0.03125 0.23197115384615385
0 0.8473557692307693 0.8233173076923077 0.056490384615384616 0.27884615384615385
0 0.7764423076923077 0.8245192307692307 0.08173076923076923 0.24879807692307693
0 0.7848557692307693 0.8125 0.07572115384615384 0.24639423076923078
0 0.7776442307692307 0.7091346153846154 0.03365384615384615 0.06129807692307692
0 0.7307692307692307 0.8269230769230769 0.09254807692307693 0.2608173076923077
0 0.6899038461538461 0.8149038461538461 0.055288461538461536 0.2668269230769231
0 0.6526442307692307 0.8137019230769231 0.05048076923076923 0.26802884615384615
0 0.6766826923076923 0.8088942307692307 0.03485576923076923 0.25240384615384615
0 0.609375 0.8233173076923077 0.052884615384615384 0.22596153846153846
0 0.5841346153846154 0.8100961538461539 0.07451923076923077 0.23677884615384615
0 0.53125 0.8028846153846154 0.04447115384615385 0.24278846153846154
0 0.4879807692307692 0.8040865384615384 0.09735576923076923 0.28966346153846156
0 0.453125 0.828125 0.08533653846153846 0.25841346153846156
0 0.421875 0.8173076923076923 0.06971153846153846 0.22716346153846154
0 0.3449519230769231 0.8233173076923077 0.08653846153846154 0.26802884615384615
0 0.3329326923076923 0.7391826923076923 0.039663461538461536 0.10697115384615384
0 0.38341346153846156 0.8245192307692307 0.07692307692307693 0.25721153846153844
0 0.2848557692307692 0.8173076923076923 0.042067307692307696 0.2403846153846154
0 0.2704326923076923 0.8197115384615384 0.0733173076923077 0.27524038461538464
0 0.25 0.7223557692307693 0.019230769230769232 0.0733173076923077
0 0.20192307692307693 0.8149038461538461 0.09254807692307693 0.30288461538461536
0 0.1658653846153846 0.7944711538461539 0.042067307692307696 0.24639423076923078
0 0.13822115384615385 0.8245192307692307 0.052884615384615384 0.2403846153846154
0 0.11298076923076923 0.8233173076923077 0.0829326923076923 0.2644230769230769
0 0.0625 0.8305288461538461 0.09014423076923077 0.2668269230769231
0 0.046875 0.8197115384615384 0.04567307692307692 0.27283653846153844