0 0.078125 0.7091346153846154 0.02403846153846154 0.038461538461538464
0 0.015625 0.7139423076923077 0.021634615384615384 0.028846153846153848
0 0.03245192307692308 0.7944711538461539 0.06490384615384616 0.18629807692307693
0 0.140625 0.7752403846153846 0.10096153846153846 0.16466346153846154
0 0.234375 0.71875 0.030048076923076924 0.046875
0 0.23677884615384615 0.71875 0.02403846153846154 0.04807692307692308
0 0.25961538461538464 0.7644230769230769 0.10216346153846154 0.11778846153846154
0 0.33653846153846156 0.7331730769230769 0.037259615384615384 0.0625
0 0.30649038461538464 0.7259615384615384 0.030048076923076924 0.057692307692307696
0 0.4495192307692308 0.7355769230769231 0.03365384615384615 0.07211538461538461
0 0.4831730769230769 0.7331730769230769 0.04326923076923077 0.07932692307692307
0 0.39903846153846156 0.7007211538461539 0.02403846153846154 0.015625
0 0.4254807692307692 0.7175480769230769 0.037259615384615384 0.038461538461538464
0 0.38341346153846156 0.7728365384615384 0.12980769230769232 0.14182692307692307
0 0.5673076923076923 0.7379807692307693 0.052884615384615384 0.07692307692307693
0 0.5997596153846154 0.7415865384615384 0.04567307692307692 0.07451923076923077
0 0.6478365384615384 0.7391826923076923 0.056490384615384616 0.07692307692307693
0 0.7019230769230769 0.7439903846153846 0.05048076923076923 0.07692307692307693
0 0.7596153846153846 0.7379807692307693 0.025240384615384616 0.055288461538461536
0 0.7487980769230769 0.7175480769230769 0.016826923076923076 0.01201923076923077
0 0.7403846153846154 0.7451923076923077 0.04326923076923077 0.07211538461538461
0 0.7980769230769231 0.7560096153846154 0.06971153846153846 0.11658653846153846
0 0.8545673076923077 0.7367788461538461 0.027644230769230768 0.04927884615384615
0 0.90625 0.7451923076923077 0.038461538461538464 0.055288461538461536
0 0.9483173076923077 0.7415865384615384 0.056490384615384616 0.0625
0 0.9627403846153846 0.7980769230769231 0.07451923076923077 0.046875
0 0.6322115384615384 0.7331730769230769 0.027644230769230768 0.04807692307692308