0 0.0673076923076923 0.6742788461538461 0.0829326923076923 0.3233173076923077
0 0.03245192307692308 0.625 0.040865384615384616 0.16706730769230768
0 0.11057692307692307 0.6069711538461539 0.03485576923076923 0.17307692307692307
0 0.19951923076923078 0.7055288461538461 0.0889423076923077 0.4891826923076923
0 0.15865384615384615 0.6105769230769231 0.027644230769230768 0.1502403846153846
0 0.2536057692307692 0.6021634615384616 0.025240384615384616 0.13341346153846154
0 0.27524038461538464 0.6370192307692307 0.03365384615384615 0.19951923076923078
0 0.3016826923076923 0.65625 0.057692307692307696 0.25841346153846156
0 0.32091346153846156 0.6021634615384616 0.02403846153846154 0.10817307692307693
0 0.3389423076923077 0.5985576923076923 0.015625 0.07692307692307693
0 0.3485576923076923 0.5949519230769231 0.015625 0.07692307692307693
0 0.36899038461538464 0.6009615384615384 0.026442307692307692 0.12740384615384615
0 0.38822115384615385 0.6370192307692307 0.04326923076923077 0.17307692307692307
0 0.41346153846153844 0.609375 0.025240384615384616 0.13942307692307693
0 0.4387019230769231 0.59375 0.014423076923076924 0.08774038461538461
0 0.46274038461538464 0.6490384615384616 0.055288461538461536 0.2776442307692308
0 0.4891826923076923 0.5985576923076923 0.019230769230769232 0.09375
0 0.4963942307692308 0.6021634615384616 0.013221153846153846 0.0829326923076923
0 0.5060096153846154 0.5961538461538461 0.018028846153846152 0.09975961538461539
0 0.5204326923076923 0.625 0.03125 0.14182692307692307
0 0.5384615384615384 0.6141826923076923 0.03125 0.1622596153846154
0 0.5588942307692307 0.6081730769230769 0.03485576923076923 0.12139423076923077
0 0.6105769230769231 0.6033653846153846 0.02283653846153846 0.09735576923076923
0 0.6418269230769231 0.6430288461538461 0.04326923076923077 0.21514423076923078
0 0.6598557692307693 0.6189903846153846 0.020432692307692308 0.11658653846153846
0 0.7007211538461539 0.6213942307692307 0.039663461538461536 0.12740384615384615
0 0.7632211538461539 0.6935096153846154 0.07572115384615384 0.3004807692307692
0 0.8245192307692307 0.6213942307692307 0.03245192307692308 0.1141826923076923
0 0.7980769230769231 0.59375 0.013221153846153846 0.037259615384615384
0 0.9495192307692307 0.6598557692307693 0.05048076923076923 0.20673076923076922