0 0.4411057692307692 0.4423076923076923 0.002403846153846154 0.009615384615384616
0 0.5552884615384616 0.44350961538461536 0.002403846153846154 0.006009615384615385
0 0.5192307692307693 0.45072115384615385 0.002403846153846154 0.01201923076923077
0 0.5036057692307693 0.453125 0.003605769230769231 0.01201923076923077
0 0.47716346153846156 0.4543269230769231 0.003605769230769231 0.01201923076923077
0 0.4795673076923077 0.4543269230769231 0.003605769230769231 0.01201923076923077
0 0.5444711538461539 0.45552884615384615 0.003605769230769231 0.010817307692307692
0 0.453125 0.45552884615384615 0.002403846153846154 0.01201923076923077
0 0.5024038461538461 0.45552884615384615 0.003605769230769231 0.010817307692307692
0 0.4651442307692308 0.4567307692307692 0.003605769230769231 0.01201923076923077
0 0.4579326923076923 0.4567307692307692 0.003605769230769231 0.01201923076923077
0 0.46274038461538464 0.4567307692307692 0.003605769230769231 0.01201923076923077
0 0.4387019230769231 0.4579326923076923 0.003605769230769231 0.01201923076923077
0 0.4855769230769231 0.47596153846153844 0.004807692307692308 0.009615384615384616
0 0.42788461538461536 0.5204326923076923 0.004807692307692308 0.008413461538461538
0 0.5528846153846154 0.5228365384615384 0.003605769230769231 0.013221153846153846
0 0.42427884615384615 0.5264423076923077 0.003605769230769231 0.014423076923076924
0 0.5096153846153846 0.5264423076923077 0.002403846153846154 0.008413461538461538
0 0.5120192307692307 0.5276442307692307 0.002403846153846154 0.010817307692307692
0 0.46634615384615385 0.5276442307692307 0.003605769230769231 0.010817307692307692
0 0.47115384615384615 0.5288461538461539 0.004807692307692308 0.013221153846153846
0 0.4795673076923077 0.5288461538461539 0.006009615384615385 0.014423076923076924
0 0.49158653846153844 0.5300480769230769 0.003605769230769231 0.01201923076923077
0 0.5300480769230769 0.5300480769230769 0.002403846153846154 0.013221153846153846
0 0.4951923076923077 0.5300480769230769 0.004807692307692308 0.013221153846153846
0 0.4879807692307692 0.5300480769230769 0.004807692307692308 0.015625
0 0.5288461538461539 0.5300480769230769 0.002403846153846154 0.01201923076923077
0 0.49278846153846156 0.5324519230769231 0.004807692307692308 0.014423076923076924
0 0.46634615384615385 0.5324519230769231 0.002403846153846154 0.01201923076923077
0 0.4519230769230769 0.5324519230769231 0.004807692307692308 0.015625
0 0.4699519230769231 0.5324519230769231 0.006009615384615385 0.014423076923076924
0 0.41346153846153844 0.5504807692307693 0.003605769230769231 0.014423076923076924
0 0.4326923076923077 0.5805288461538461 0.006009615384615385 0.01201923076923077
0 0.703125 0.5853365384615384 0.003605769230769231 0.014423076923076924
0 0.34615384615384615 0.5949519230769231 0.002403846153846154 0.01201923076923077
0 0.3485576923076923 0.5961538461538461 0.003605769230769231 0.015625
0 0.7019230769230769 0.6033653846153846 0.004807692307692308 0.016826923076923076
0 0.6971153846153846 0.6045673076923077 0.003605769230769231 0.019230769230769232
0 0.28725961538461536 0.6057692307692307 0.004807692307692308 0.016826923076923076
0 0.3389423076923077 0.6129807692307693 0.003605769230769231 0.013221153846153846
0 0.2920673076923077 0.6141826923076923 0.003605769230769231 0.006009615384615385
0 0.296875 0.6165865384615384 0.003605769230769231 0.007211538461538462
0 0.3016826923076923 0.6201923076923077 0.003605769230769231 0.016826923076923076
0 0.34975961538461536 0.6237980769230769 0.004807692307692308 0.018028846153846152
0 0.3088942307692308 0.625 0.004807692307692308 0.01201923076923077
0 0.3125 0.6262019230769231 0.003605769230769231 0.009615384615384616
0 0.7007211538461539 0.6334134615384616 0.004807692307692308 0.021634615384615384
0 0.3293269230769231 0.6346153846153846 0.003605769230769231 0.007211538461538462
0 0.328125 0.6358173076923077 0.002403846153846154 0.006009615384615385
0 0.6947115384615384 0.6370192307692307 0.004807692307692308 0.020432692307692308
0 0.6899038461538461 0.640625 0.004807692307692308 0.014423076923076924
0 0.27403846153846156 0.6586538461538461 0.003605769230769231 0.008413461538461538
0 0.265625 0.6610576923076923 0.003605769230769231 0.008413461538461538
0 0.25721153846153844 0.6610576923076923 0.006009615384615385 0.016826923076923076
0 0.7487980769230769 0.6622596153846154 0.004807692307692308 0.020432692307692308
0 0.7019230769230769 0.6622596153846154 0.004807692307692308 0.014423076923076924
0 0.25 0.6634615384615384 0.004807692307692308 0.014423076923076924
0 0.27163461538461536 0.6658653846153846 0.004807692307692308 0.009615384615384616
0 0.7319711538461539 0.6670673076923077 0.006009615384615385 0.02283653846153846
0 0.24519230769230768 0.6670673076923077 0.004807692307692308 0.019230769230769232
0 0.7283653846153846 0.6682692307692307 0.004807692307692308 0.020432692307692308
0 0.7211538461538461 0.6706730769230769 0.006009615384615385 0.021634615384615384
0 0.7139423076923077 0.6706730769230769 0.004807692307692308 0.018028846153846152
0 0.24879807692307693 0.6730769230769231 0.004807692307692308 0.016826923076923076
0 0.25600961538461536 0.6754807692307693 0.004807692307692308 0.019230769230769232
0 0.26802884615384615 0.6754807692307693 0.006009615384615385 0.021634615384615384
0 0.7103365384615384 0.6826923076923077 0.006009615384615385 0.020432692307692308
0 0.7175480769230769 0.6826923076923077 0.006009615384615385 0.021634615384615384
0 0.23076923076923078 0.6826923076923077 0.003605769230769231 0.008413461538461538
0 0.24278846153846154 0.6838942307692307 0.004807692307692308 0.018028846153846152
0 0.24639423076923078 0.6838942307692307 0.004807692307692308 0.016826923076923076
0 0.25 0.6862980769230769 0.006009615384615385 0.019230769230769232
0 0.41225961538461536 0.6887019230769231 0.006009615384615385 0.013221153846153846
0 0.7055288461538461 0.6899038461538461 0.004807692307692308 0.020432692307692308
0 0.2644230769230769 0.6911057692307693 0.003605769230769231 0.015625
0 0.24158653846153846 0.6911057692307693 0.004807692307692308 0.020432692307692308
0 0.25961538461538464 0.6911057692307693 0.004807692307692308 0.021634615384615384
0 0.2620192307692308 0.6911057692307693 0.004807692307692308 0.019230769230769232
0 0.23918269230769232 0.6923076923076923 0.004807692307692308 0.021634615384615384
0 0.23076923076923078 0.6935096153846154 0.004807692307692308 0.020432692307692308
0 0.7536057692307693 0.6983173076923077 0.004807692307692308 0.020432692307692308
0 0.23197115384615385 0.6983173076923077 0.004807692307692308 0.021634615384615384
0 0.24879807692307693 0.703125 0.004807692307692308 0.009615384615384616
0 0.7235576923076923 0.703125 0.006009615384615385 0.02283653846153846
0 0.25240384615384615 0.7043269230769231 0.004807692307692308 0.01201923076923077
0 0.26802884615384615 0.7055288461538461 0.006009615384615385 0.010817307692307692
0 0.234375 0.7067307692307693 0.004807692307692308 0.010817307692307692
0 0.7055288461538461 0.7067307692307693 0.006009615384615385 0.02403846153846154
0 0.23798076923076922 0.7079326923076923 0.004807692307692308 0.009615384615384616
0 0.21754807692307693 0.7091346153846154 0.003605769230769231 0.009615384615384616
0 0.25721153846153844 0.7091346153846154 0.004807692307692308 0.018028846153846152
0 0.24879807692307693 0.7115384615384616 0.004807692307692308 0.014423076923076924
0 0.26322115384615385 0.7115384615384616 0.006009615384615385 0.020432692307692308
0 0.2283653846153846 0.7127403846153846 0.006009615384615385 0.020432692307692308
0 0.7584134615384616 0.7139423076923077 0.004807692307692308 0.020432692307692308
0 0.2512019230769231 0.7139423076923077 0.004807692307692308 0.014423076923076924
0 0.23798076923076922 0.7151442307692307 0.004807692307692308 0.013221153846153846
0 0.22716346153846154 0.7151442307692307 0.006009615384615385 0.016826923076923076
0 0.2692307692307692 0.7163461538461539 0.004807692307692308 0.020432692307692308
0 0.21514423076923078 0.7175480769230769 0.006009615384615385 0.019230769230769232
0 0.25841346153846156 0.7175480769230769 0.004807692307692308 0.021634615384615384
0 0.23197115384615385 0.7175480769230769 0.006009615384615385 0.021634615384615384
0 0.24278846153846154 0.7175480769230769 0.006009615384615385 0.020432692307692308
0 0.2668269230769231 0.71875 0.007211538461538462 0.021634615384615384
0 0.21995192307692307 0.71875 0.004807692307692308 0.016826923076923076
0 0.7307692307692307 0.7199519230769231 0.006009615384615385 0.020432692307692308
0 0.734375 0.7199519230769231 0.006009615384615385 0.02283653846153846
0 0.7475961538461539 0.7235576923076923 0.007211538461538462 0.02283653846153846
0 0.7439903846153846 0.7235576923076923 0.006009615384615385 0.020432692307692308
0 0.7800480769230769 0.7235576923076923 0.006009615384615385 0.02403846153846154
0 0.22115384615384615 0.7235576923076923 0.004807692307692308 0.02403846153846154
0 0.2512019230769231 0.7283653846153846 0.006009615384615385 0.025240384615384616
0 0.21754807692307693 0.7295673076923077 0.006009615384615385 0.021634615384615384
0 0.22596153846153846 0.7295673076923077 0.006009615384615385 0.021634615384615384
0 0.25600961538461536 0.7295673076923077 0.006009615384615385 0.021634615384615384
0 0.23076923076923078 0.7307692307692307 0.004807692307692308 0.019230769230769232
0 0.7127403846153846 0.734375 0.007211538461538462 0.02403846153846154
0 0.23918269230769232 0.7355769230769231 0.006009615384615385 0.02283653846153846
0 0.234375 0.7355769230769231 0.006009615384615385 0.020432692307692308
0 0.7596153846153846 0.7367788461538461 0.006009615384615385 0.025240384615384616
0 0.7055288461538461 0.7367788461538461 0.006009615384615385 0.02403846153846154
0 0.7560096153846154 0.7379807692307693 0.004807692307692308 0.02403846153846154
0 0.765625 0.7391826923076923 0.006009615384615385 0.02403846153846154
0 0.7680288461538461 0.7427884615384616 0.004807692307692308 0.021634615384615384
0 0.21394230769230768 0.7439903846153846 0.004807692307692308 0.009615384615384616
0 0.2283653846153846 0.7451923076923077 0.006009615384615385 0.020432692307692308
0 0.22355769230769232 0.7451923076923077 0.004807692307692308 0.02283653846153846
0 0.2512019230769231 0.75 0.008413461538461538 0.019230769230769232
0 0.21995192307692307 0.75 0.004807692307692308 0.018028846153846152
0 0.23317307692307693 0.75 0.003605769230769231 0.016826923076923076
0 0.23798076923076922 0.75 0.006009615384615385 0.015625
0 0.24278846153846154 0.7524038461538461 0.006009615384615385 0.016826923076923076
0 0.21394230769230768 0.7536057692307693 0.004807692307692308 0.015625
0 0.2127403846153846 0.7548076923076923 0.003605769230769231 0.013221153846153846
0 0.21033653846153846 0.7560096153846154 0.004807692307692308 0.01201923076923077
0 0.7259615384615384 0.7572115384615384 0.006009615384615385 0.025240384615384616
0 0.23197115384615385 0.7584134615384616 0.006009615384615385 0.021634615384615384
0 0.20673076923076922 0.7596153846153846 0.004807692307692308 0.020432692307692308
0 0.7355769230769231 0.7608173076923077 0.007211538461538462 0.027644230769230768
0 0.21754807692307693 0.7620192307692307 0.006009615384615385 0.02283653846153846
0 0.24519230769230768 0.7632211538461539 0.003605769230769231 0.013221153846153846
0 0.2439903846153846 0.7632211538461539 0.002403846153846154 0.009615384615384616
0 0.7079326923076923 0.7644230769230769 0.004807692307692308 0.014423076923076924
0 0.21153846153846154 0.7644230769230769 0.004807692307692308 0.019230769230769232
0 0.23197115384615385 0.7668269230769231 0.004807692307692308 0.02283653846153846
0 0.23798076923076922 0.7668269230769231 0.008413461538461538 0.025240384615384616
0 0.7524038461538461 0.7668269230769231 0.006009615384615385 0.02283653846153846
0 0.20673076923076922 0.7704326923076923 0.006009615384615385 0.025240384615384616
0 0.2668269230769231 0.7728365384615384 0.007211538461538462 0.019230769230769232
0 0.2403846153846154 0.7728365384615384 0.006009615384615385 0.025240384615384616
0 0.20072115384615385 0.7740384615384616 0.006009615384615385 0.02283653846153846
0 0.23317307692307693 0.7740384615384616 0.004807692307692308 0.02283653846153846
0 0.23317307692307693 0.7740384615384616 0.004807692307692308 0.021634615384615384
0 0.7463942307692307 0.7740384615384616 0.004807692307692308 0.016826923076923076
0 0.24519230769230768 0.7752403846153846 0.006009615384615385 0.021634615384615384
0 0.7331730769230769 0.7884615384615384 0.004807692307692308 0.026442307692307692
0 0.7403846153846154 0.7908653846153846 0.004807692307692308 0.025240384615384616
0 0.5973557692307693 0.7908653846153846 0.004807692307692308 0.014423076923076924
0 0.22956730769230768 0.7920673076923077 0.006009615384615385 0.02403846153846154
0 0.234375 0.7920673076923077 0.004807692307692308 0.020432692307692308
0 0.23317307692307693 0.7980769230769231 0.007211538461538462 0.02403846153846154
0 0.22355769230769232 0.8016826923076923 0.007211538461538462 0.025240384615384616
0 0.14903846153846154 0.8052884615384616 0.007211538461538462 0.020432692307692308
0 0.18028846153846154 0.8064903846153846 0.007211538461538462 0.019230769230769232
0 0.17427884615384615 0.8088942307692307 0.007211538461538462 0.026442307692307692
0 0.1502403846153846 0.8137019230769231 0.003605769230769231 0.018028846153846152
0 0.19951923076923078 0.8137019230769231 0.006009615384615385 0.02403846153846154
0 0.14903846153846154 0.8149038461538461 0.003605769230769231 0.014423076923076924
0 0.3641826923076923 0.8161057692307693 0.004807692307692308 0.020432692307692308
0 0.2548076923076923 0.8209134615384616 0.006009615384615385 0.026442307692307692
0 0.3641826923076923 0.8221153846153846 0.008413461538461538 0.020432692307692308
0 0.3581730769230769 0.8245192307692307 0.004807692307692308 0.025240384615384616
0 0.1814903846153846 0.8245192307692307 0.007211538461538462 0.028846153846153848
0 0.19831730769230768 0.8245192307692307 0.007211538461538462 0.026442307692307692
0 0.17668269230769232 0.8257211538461539 0.006009615384615385 0.021634615384615384
0 0.19471153846153846 0.8269230769230769 0.004807692307692308 0.02283653846153846
0 0.18990384615384615 0.828125 0.004807692307692308 0.020432692307692308
0 0.7391826923076923 0.8329326923076923 0.004807692307692308 0.014423076923076924
0 0.22115384615384615 0.8341346153846154 0.006009615384615385 0.026442307692307692
0 0.21754807692307693 0.8341346153846154 0.007211538461538462 0.026442307692307692
0 0.7487980769230769 0.8341346153846154 0.006009615384615385 0.016826923076923076
0 0.7427884615384616 0.8389423076923077 0.004807692307692308 0.02283653846153846
0 0.20192307692307693 0.84375 0.006009615384615385 0.026442307692307692
0 0.203125 0.84375 0.006009615384615385 0.02403846153846154
0 0.18870192307692307 0.8449519230769231 0.004807692307692308 0.020432692307692308
0 0.19230769230769232 0.8449519230769231 0.006009615384615385 0.026442307692307692
0 0.17668269230769232 0.8473557692307693 0.009615384615384616 0.026442307692307692
0 0.1971153846153846 0.8473557692307693 0.004807692307692308 0.015625
0 0.7391826923076923 0.8509615384615384 0.006009615384615385 0.026442307692307692
0 0.7271634615384616 0.8509615384615384 0.004807692307692308 0.025240384615384616
0 0.140625 0.859375 0.004807692307692308 0.021634615384615384
0 0.2091346153846154 0.8605769230769231 0.008413461538461538 0.03125
0 0.14423076923076922 0.8605769230769231 0.007211538461538462 0.028846153846153848
0 0.18990384615384615 0.8689903846153846 0.007211538461538462 0.02283653846153846
0 0.15985576923076922 0.8725961538461539 0.006009615384615385 0.026442307692307692
0 0.19591346153846154 0.8725961538461539 0.006009615384615385 0.026442307692307692
0 0.18389423076923078 0.8737980769230769 0.007211538461538462 0.020432692307692308
0 0.15985576923076922 0.875 0.006009615384615385 0.027644230769230768
0 0.15384615384615385 0.8762019230769231 0.007211538461538462 0.027644230769230768
0 0.125 0.8774038461538461 0.004807692307692308 0.013221153846153846
0 0.15384615384615385 0.8774038461538461 0.004807692307692308 0.018028846153846152
0 0.7319711538461539 0.8786057692307693 0.006009615384615385 0.025240384615384616
0 0.140625 0.8786057692307693 0.007211538461538462 0.030048076923076924
0 0.13221153846153846 0.8798076923076923 0.006009615384615385 0.03125
0 0.12980769230769232 0.8822115384615384 0.004807692307692308 0.028846153846153848
0 0.19230769230769232 0.890625 0.009615384615384616 0.03245192307692308
0 0.125 0.8930288461538461 0.006009615384615385 0.027644230769230768
0 0.23317307692307693 0.8966346153846154 0.01201923076923077 0.030048076923076924
0 0.16826923076923078 0.8966346153846154 0.006009615384615385 0.028846153846153848
0 0.15384615384615385 0.8990384615384616 0.008413461538461538 0.026442307692307692
0 0.8125 0.8990384615384616 0.007211538461538462 0.025240384615384616
0 0.17067307692307693 0.9002403846153846 0.007211538461538462 0.027644230769230768
0 0.15384615384615385 0.9014423076923077 0.006009615384615385 0.02403846153846154
0 0.1875 0.9014423076923077 0.006009615384615385 0.025240384615384616
0 0.1778846153846154 0.9026442307692307 0.008413461538461538 0.027644230769230768
0 0.8185096153846154 0.9026442307692307 0.004807692307692308 0.02403846153846154
0 0.12259615384615384 0.9038461538461539 0.006009615384615385 0.025240384615384616
0 0.15144230769230768 0.9050480769230769 0.003605769230769231 0.019230769230769232
0 0.15504807692307693 0.9074519230769231 0.004807692307692308 0.02283653846153846
0 0.8028846153846154 0.9086538461538461 0.006009615384615385 0.028846153846153848
0 0.7956730769230769 0.9110576923076923 0.004807692307692308 0.030048076923076924
0 0.11298076923076923 0.9122596153846154 0.004807692307692308 0.020432692307692308
0 0.1310096153846154 0.9146634615384616 0.006009615384615385 0.027644230769230768
0 0.15504807692307693 0.9146634615384616 0.004807692307692308 0.02283653846153846
0 0.1814903846153846 0.9146634615384616 0.006009615384615385 0.027644230769230768
0 0.12139423076923077 0.9170673076923077 0.008413461538461538 0.03125
0 0.15504807692307693 0.9194711538461539 0.004807692307692308 0.021634615384615384
0 0.17908653846153846 0.9230769230769231 0.007211538461538462 0.02403846153846154
0 0.18509615384615385 0.9230769230769231 0.008413461538461538 0.027644230769230768
0 0.8161057692307693 0.9242788461538461 0.008413461538461538 0.03245192307692308
0 0.125 0.9254807692307693 0.006009615384615385 0.028846153846153848
0 0.16826923076923078 0.9254807692307693 0.008413461538461538 0.028846153846153848
0 0.15985576923076922 0.9266826923076923 0.007211538461538462 0.03245192307692308
0 0.2283653846153846 0.9350961538461539 0.008413461538461538 0.03245192307692308
0 0.22115384615384615 0.9362980769230769 0.007211538461538462 0.030048076923076924
0 0.23677884615384615 0.9471153846153846 0.007211538461538462 0.026442307692307692
0 0.1935096153846154 0.9483173076923077 0.008413461538461538 0.03365384615384615
0 0.7668269230769231 0.9483173076923077 0.009615384615384616 0.026442307692307692
0 0.2091346153846154 0.9495192307692307 0.008413461538461538 0.03365384615384615
0 0.17668269230769232 0.9507211538461539 0.006009615384615385 0.016826923076923076
0 0.23076923076923078 0.9507211538461539 0.006009615384615385 0.028846153846153848
0 0.20072115384615385 0.9519230769230769 0.007211538461538462 0.02403846153846154
0 0.18389423076923078 0.953125 0.008413461538461538 0.028846153846153848
0 0.19110576923076922 0.9615384615384616 0.006009615384615385 0.020432692307692308
0 0.234375 0.9651442307692307 0.008413461538461538 0.03485576923076923
0 0.17908653846153846 0.96875 0.007211538461538462 0.03245192307692308
0 0.17427884615384615 0.9699519230769231 0.006009615384615385 0.027644230769230768
0 0.14423076923076922 0.9711538461538461 0.009615384615384616 0.030048076923076924
0 0.15504807692307693 0.9723557692307693 0.006009615384615385 0.03245192307692308
0 0.8521634615384616 0.9783653846153846 0.008413461538461538 0.03485576923076923
0 0.8461538461538461 0.9807692307692307 0.008413461538461538 0.030048076923076924
0 0.8822115384615384 0.9855769230769231 0.010817307692307692 0.028846153846153848
0 0.6442307692307693 0.9867788461538461 0.010817307692307692 0.025240384615384616
0 0.7860576923076923 0.9891826923076923 0.007211538461538462 0.021634615384615384
0 0.7920673076923077 0.9915865384615384 0.007211538461538462 0.016826923076923076
0 0.8088942307692307 0.9915865384615384 0.007211538461538462 0.016826923076923076
0 0.42788461538461536 0.9915865384615384 0.003605769230769231 0.010817307692307692
0 0.08653846153846154 0.9963942307692307 0.004807692307692308 0.007211538461538462
0 0.5 0.36538461538461536 0.002403846153846154 0.008413461538461538
0 0.4951923076923077 0.36778846153846156 0.002403846153846154 0.007211538461538462
0 0.48677884615384615 0.3798076923076923 0.002403846153846154 0.008413461538461538
0 0.5084134615384616 0.38221153846153844 0.002403846153846154 0.007211538461538462
0 0.49038461538461536 0.4098557692307692 0.003605769230769231 0.009615384615384616