0 0.5446875 0.14948453608247422 0.006875 0.019681349578256794
0 0.385625 0.1513589503280225 0.0275 0.06466729147141519
0 0.3428125 0.15979381443298968 0.030625 0.08153701968134958
0 0.2940625 0.16119962511715089 0.045625 0.06560449859418932
0 0.42125 0.16869728209934395 0.02875 0.07872539831302718
0 0.44375 0.16869728209934395 0.01875 0.02436738519212746
0 0.4575 0.17010309278350516 0.025 0.05154639175257732
0 0.5740625 0.17572633552014996 0.026875 0.059044048734770385
0 0.2828125 0.1794751640112465 0.030625 0.06091846298031865
0 0.606875 0.18041237113402062 0.0225 0.05529522024367385
0 0.3653125 0.18088097469540768 0.033125 0.07497656982193064
0 0.299375 0.18134957825679476 0.025 0.04029990627928772
0 0.2546875 0.18181818181818182 0.039375 0.08622305529522024
0 0.2825 0.1850984067478913 0.03375 0.07216494845360824
0 0.4709375 0.18556701030927836 0.023125 0.05998125585754452
0 0.8978125 0.18697282099343954 0.033125 0.07778819119025304
0 0.3228125 0.18697282099343954 0.026875 0.08903467666354264
0 0.8578125 0.19212746016869728 0.036875 0.08809746954076851
0 0.410625 0.19353327085285849 0.03125 0.08903467666354264
0 0.33875 0.1949390815370197 0.04625 0.06747891283973759
0 0.8359375 0.19728209934395502 0.035625 0.06091846298031865
0 0.5565625 0.19821930646672914 0.038125 0.08528584817244611
0 0.6575 0.2000937207122774 0.04625 0.20899718837863168
0 0.7903125 0.20103092783505155 0.035625 0.06091846298031865
0 0.4346875 0.20196813495782567 0.034375 0.06841611996251172
0 0.5925 0.20290534208059982 0.04 0.08153701968134958
0 0.3959375 0.20618556701030927 0.038125 0.08997188378631678
0 0.63875 0.21274601686972822 0.0325 0.09559512652296158
0 0.4759375 0.21274601686972822 0.029375 0.06560449859418932
0 0.98125 0.21462043111527648 0.0275 0.07685098406747891
0 0.9503125 0.21508903467666354 0.041875 0.08153701968134958
0 0.5859375 0.21649484536082475 0.018125 0.031865042174320526
0 0.19375 0.2197750702905342 0.045 0.09278350515463918
0 0.814375 0.225398313027179 0.0425 0.08716026241799438
0 0.84125 0.22586691658856609 0.03 0.07497656982193064
0 0.5809375 0.2296157450796626 0.029375 0.03748828491096532
0 0.7334375 0.23195876288659795 0.045625 0.15651358950328023
0 0.3403125 0.23195876288659795 0.055625 0.08528584817244611
0 0.891875 0.232427366447985 0.03125 0.08622305529522024
0 0.441875 0.23289597000937207 0.07 0.09278350515463918
0 0.695 0.23336457357075913 0.04875 0.14807872539831302
0 0.3821875 0.23336457357075913 0.049375 0.07122774133083412
0 0.9525 0.2338331771321462 0.03625 0.07029053420805999
0 0.3853125 0.23570759137769448 0.026875 0.04967197750702906
0 0.6140625 0.23617619493908154 0.030625 0.09746954076850985
0 0.29125 0.23945641986879102 0.06 0.12652296157450796
0 0.2496875 0.24039362699156513 0.036875 0.10028116213683223
0 0.9121875 0.24461105904404873 0.039375 0.08997188378631678
0 0.7796875 0.2507029053420806 0.045625 0.11152764761012184
0 0.8646875 0.25164011246485474 0.055625 0.1021555763823805
0 0.438125 0.25585754451733833 0.02875 0.05060918462980318
0 0.6415625 0.25960637300843487 0.035625 0.09559512652296158
0 0.21875 0.2619493908153702 0.0325 0.09090909090909091
0 0.1521875 0.26382380506091846 0.049375 0.08528584817244611
0 0.3334375 0.2689784442361762 0.039375 0.10121836925960637
0 0.2934375 0.2717900656044986 0.045625 0.07310215557638237
0 0.7621875 0.27647610121836924 0.041875 0.17619493908153702
0 0.9190625 0.28350515463917525 0.044375 0.1021555763823805
0 0.1234375 0.28350515463917525 0.044375 0.07403936269915651
0 0.965 0.28631677600749766 0.05125 0.09465791940018745
0 0.631875 0.29194001874414244 0.03875 0.09840674789128398
0 0.2425 0.3036551077788191 0.03875 0.10684161199625117
0 0.949375 0.30880974695407687 0.04125 0.06654170571696345
0 0.3546875 0.30880974695407687 0.039375 0.11527647610121837
0 0.8809375 0.31115276476101217 0.036875 0.08434864104967198
0 0.2671875 0.3191190253045923 0.030625 0.038425492033739454
0 0.2975 0.31958762886597936 0.0425 0.09184629803186505
0 0.6546875 0.3252108716026242 0.035625 0.046860356138706656
0 0.1246875 0.34723523898781633 0.049375 0.12652296157450796
0 0.1778125 0.34723523898781633 0.061875 0.12277413308341144
0 0.8196875 0.3477038425492034 0.049375 0.1836925960637301
0 0.9353125 0.35051546391752575 0.035625 0.10121836925960637
0 0.840625 0.3631677600749766 0.0575 0.12839737582005623
0 0.1240625 0.3847235238987816 0.080625 0.18837863167760074
0 0.9053125 0.3856607310215558 0.068125 0.19212746016869728
0 0.3225 0.38753514526710403 0.0575 0.1583880037488285
0 0.149375 0.3959700093720712 0.04875 0.08716026241799438
0 0.20375 0.40487347703842547 0.08125 0.19681349578256796
0 0.1475 0.43908153701968133 0.0375 0.06466729147141519
0 0.87 0.4568884723523899 0.08875 0.2408622305529522
0 0.9490625 0.47891283973758203 0.079375 0.1387066541705717
0 0.8028125 0.542642924086223 0.073125 0.21743205248359887
0 0.9165625 0.5529522024367385 0.053125 0.16307403936269915
0 0.528125 0.5524835988753515 0.22 0.8931583880037488
0 0.7503125 0.5763823805060918 0.071875 0.2867853795688847
0 0.11125 0.6260543580131209 0.2225 0.7460168697282099
0 0.316875 0.6260543580131209 0.29 0.7460168697282099
0 0.6628125 0.6663542642924086 0.135625 0.6541705716963448
0 0.8559375 0.7132146204311153 0.105625 0.408622305529522
0 0.925625 0.7628865979381443 0.1475 0.4723523898781631
0 0.7434375 0.8120899718837863 0.186875 0.3345829428303655