0 0.042067307692307696 0.8365384615384616 0.08413461538461539 0.3269230769230769
0 0.09615384615384616 0.8257211538461539 0.15504807692307693 0.3485576923076923
0 0.21394230769230768 0.7235576923076923 0.06490384615384616 0.13822115384615385
0 0.21394230769230768 0.7211538461538461 0.06490384615384616 0.12980769230769232
0 0.23076923076923078 0.6646634615384616 0.019230769230769232 0.026442307692307692
0 0.27884615384615385 0.7139423076923077 0.04807692307692308 0.14182692307692307
0 0.34975961538461536 0.7043269230769231 0.06610576923076923 0.054086538461538464
0 0.43028846153846156 0.6550480769230769 0.016826923076923076 0.010817307692307692
0 0.8653846153846154 0.7872596153846154 0.10697115384615384 0.20192307692307693
0 0.8701923076923077 0.7932692307692307 0.09375 0.22235576923076922
0 0.5793269230769231 0.6790865384615384 0.027644230769230768 0.055288461538461536
0 0.6189903846153846 0.6778846153846154 0.028846153846153848 0.057692307692307696
0 0.6442307692307693 0.6802884615384616 0.030048076923076924 0.055288461538461536
0 0.6538461538461539 0.6682692307692307 0.015625 0.04927884615384615
0 0.6694711538461539 0.671875 0.021634615384615384 0.04447115384615385
0 0.7355769230769231 0.6790865384615384 0.027644230769230768 0.054086538461538464
0 0.7752403846153846 0.6826923076923077 0.028846153846153848 0.056490384615384616
0 0.78125 0.6730769230769231 0.016826923076923076 0.026442307692307692
0 0.7920673076923077 0.6790865384615384 0.02403846153846154 0.055288461538461536
0 0.8245192307692307 0.6802884615384616 0.026442307692307692 0.0625
0 0.1971153846153846 0.6670673076923077 0.020432692307692308 0.02283653846153846