0 0.85986328125 0.7276720351390923 0.2392578125 0.3923865300146413
0 0.8212890625 0.6910688140556369 0.1640625 0.36603221083455345
0 0.763671875 0.6398243045387995 0.11328125 0.2840409956076135
0 0.83837890625 0.45241581259150804 0.1005859375 0.2635431918008785
0 0.72607421875 0.445095168374817 0.0712890625 0.24011713030746706
0 0.6611328125 0.4582723279648609 0.0859375 0.2430453879941435
0 0.62255859375 0.5666178623718887 0.1005859375 0.21961932650073207
0 0.54296875 0.5702781844802343 0.072265625 0.19472913616398244
0 0.47509765625 0.5761346998535871 0.0849609375 0.21522693997071743
0 0.40673828125 0.6383601756954612 0.0927734375 0.32210834553440704
0 0.275390625 0.6727672035139092 0.130859375 0.4465592972181552
0 0.12158203125 0.5790629575402635 0.1259765625 0.45241581259150804
0 0.162109375 0.527818448023426 0.048828125 0.4084919472913616
0 0.21533203125 0.43704245973645683 0.0673828125 0.17130307467057102
0 0.25244140625 0.40775988286969256 0.0517578125 0.10980966325036604
0 0.3095703125 0.48096632503660325 0.060546875 0.24743777452415813
0 0.349609375 0.438506588579795 0.0546875 0.18887262079062958
0 0.41650390625 0.41874084919472915 0.0419921875 0.13177159590043924
0 0.466796875 0.410688140556369 0.0546875 0.1478770131771596
0 0.51416015625 0.45168374816983897 0.0771484375 0.20351390922401172
0 0.54541015625 0.37994143484626647 0.0361328125 0.10688140556368961
0 0.58154296875 0.431185944363104 0.0771484375 0.19472913616398244
0 0.38671875 0.4670571010248902 0.0703125 0.14641288433382138
0 0.4501953125 0.47144948755490484 0.06640625 0.14348462664714495