0 0.8173076923076923 0.5060096153846154 0.015625 0.06971153846153846
0 0.4807692307692308 0.5060096153846154 0.021634615384615384 0.051682692307692304
0 0.8485576923076923 0.5096153846153846 0.025240384615384616 0.09495192307692307
0 0.8245192307692307 0.5120192307692307 0.025240384615384616 0.06610576923076923
0 0.19951923076923078 0.5120192307692307 0.01201923076923077 0.078125
0 0.78125 0.515625 0.03125 0.07932692307692307
0 0.06370192307692307 0.515625 0.020432692307692308 0.0673076923076923
0 0.055288461538461536 0.5168269230769231 0.027644230769230768 0.0673076923076923
0 0.31850961538461536 0.53125 0.07932692307692307 0.2403846153846154
0 0.9627403846153846 0.5480769230769231 0.07211538461538461 0.24519230769230768
0 0.734375 0.5504807692307693 0.078125 0.29086538461538464
0 0.4567307692307692 0.5528846153846154 0.07451923076923077 0.2091346153846154
0 0.021634615384615384 0.5709134615384616 0.038461538461538464 0.34975961538461536
0 0.6033653846153846 0.5709134615384616 0.08173076923076923 0.328125
0 0.39783653846153844 0.5721153846153846 0.09375 0.30528846153846156
0 0.3137019230769231 0.5757211538461539 0.11899038461538461 0.3389423076923077
0 0.5192307692307693 0.5817307692307693 0.09254807692307693 0.3629807692307692
0 0.13822115384615385 0.59375 0.1045673076923077 0.4362980769230769