0 0.21394230769230768 0.9290865384615384 0.018028846153846152 0.08533653846153846
0 0.2403846153846154 0.9459134615384616 0.039663461538461536 0.10697115384615384
0 0.33533653846153844 0.9122596153846154 0.018028846153846152 0.042067307692307696
0 0.3485576923076923 0.9122596153846154 0.013221153846153846 0.028846153846153848
0 0.3581730769230769 0.9423076923076923 0.037259615384615384 0.11177884615384616
0 0.40625 0.9447115384615384 0.021634615384615384 0.10336538461538461
0 0.4411057692307692 0.9399038461538461 0.030048076923076924 0.11899038461538461
0 0.4567307692307692 0.9266826923076923 0.016826923076923076 0.07932692307692307
0 0.4519230769230769 0.8810096153846154 0.009615384615384616 0.02403846153846154
0 0.5180288461538461 0.9387019230769231 0.027644230769230768 0.109375
0 0.5324519230769231 0.9326923076923077 0.016826923076923076 0.0829326923076923
0 0.5588942307692307 0.9002403846153846 0.015625 0.028846153846153848
0 0.5685096153846154 0.9459134615384616 0.037259615384615384 0.10697115384615384
0 0.6033653846153846 0.9399038461538461 0.038461538461538464 0.11778846153846154
0 0.5889423076923077 0.9362980769230769 0.019230769230769232 0.10096153846153846
0 0.6346153846153846 0.9362980769230769 0.020432692307692308 0.07572115384615384
0 0.6514423076923077 0.9399038461538461 0.027644230769230768 0.11778846153846154
0 0.6658653846153846 0.9483173076923077 0.042067307692307696 0.10096153846153846
0 0.6947115384615384 0.9375 0.046875 0.12259615384615384
0 0.7487980769230769 0.9074519230769231 0.038461538461538464 0.046875
0 0.8149038461538461 0.9086538461538461 0.016826923076923076 0.030048076923076924
0 0.8245192307692307 0.9182692307692307 0.019230769230769232 0.06009615384615385
0 0.8509615384615384 0.9098557692307693 0.019230769230769232 0.042067307692307696
0 0.9543269230769231 0.9423076923076923 0.03125 0.0985576923076923
0 0.9771634615384616 0.9471153846153846 0.030048076923076924 0.1045673076923077
0 0.8762019230769231 0.9206730769230769 0.02403846153846154 0.05048076923076923
0 0.8665865384615384 0.9146634615384616 0.013221153846153846 0.04807692307692308
0 0.49399038461538464 0.9483173076923077 0.03245192307692308 0.10216346153846154
0 0.46875 0.9134615384615384 0.013221153846153846 0.038461538461538464