0 0.9747596153846154 0.039663461538461536 0.05048076923076923 0.07932692307692307
0 0.9375 0.08413461538461539 0.06009615384615385 0.14302884615384615
0 0.8918269230769231 0.06009615384615385 0.06610576923076923 0.09134615384615384
0 0.8413461538461539 0.040865384615384616 0.08173076923076923 0.08173076923076923
0 0.7764423076923077 0.04927884615384615 0.04807692307692308 0.09615384615384616
0 0.7175480769230769 0.037259615384615384 0.039663461538461536 0.07211538461538461
0 0.6610576923076923 0.042067307692307696 0.04447115384615385 0.08052884615384616
0 0.6370192307692307 0.030048076923076924 0.04567307692307692 0.06009615384615385
0 0.5805288461538461 0.05048076923076923 0.057692307692307696 0.09975961538461539
0 0.5120192307692307 0.018028846153846152 0.025240384615384616 0.036057692307692304
0 0.5360576923076923 0.055288461538461536 0.046875 0.09495192307692307
0 0.515625 0.07692307692307693 0.055288461538461536 0.08413461538461539
0 0.5733173076923077 0.07692307692307693 0.06129807692307692 0.0889423076923077
0 0.5793269230769231 0.08413461538461539 0.04807692307692308 0.07451923076923077
0 0.4375 0.04807692307692308 0.052884615384615384 0.09375
0 0.453125 0.06971153846153846 0.0625 0.11057692307692307
0 0.45072115384615385 0.08052884615384616 0.04447115384615385 0.08653846153846154
0 0.9711538461538461 0.12259615384615384 0.05048076923076923 0.12139423076923077
0 0.9819711538461539 0.16346153846153846 0.036057692307692304 0.11899038461538461
0 0.9795673076923077 0.2548076923076923 0.040865384615384616 0.19591346153846154
0 0.9543269230769231 0.19230769230769232 0.04326923076923077 0.10336538461538461
0 0.8689903846153846 0.11538461538461539 0.04447115384615385 0.11899038461538461
0 0.9002403846153846 0.12379807692307693 0.039663461538461536 0.08173076923076923
0 0.9278846153846154 0.14903846153846154 0.04447115384615385 0.09615384615384616
0 0.9050480769230769 0.19951923076923078 0.042067307692307696 0.12620192307692307
0 0.9230769230769231 0.24158653846153846 0.051682692307692304 0.1201923076923077
0 0.9411057692307693 0.31009615384615385 0.0625 0.09014423076923077
0 0.9759615384615384 0.3329326923076923 0.04807692307692308 0.06971153846153846
0 0.8725961538461539 0.16346153846153846 0.05048076923076923 0.0829326923076923
0 0.8689903846153846 0.2439903846153846 0.06370192307692307 0.12379807692307693
0 0.8870192307692307 0.2932692307692308 0.07211538461538461 0.13581730769230768
0 0.8557692307692307 0.3581730769230769 0.039663461538461536 0.0673076923076923
0 0.8822115384615384 0.5240384615384616 0.03365384615384615 0.04927884615384615
0 0.8341346153846154 0.09254807692307693 0.056490384615384616 0.12259615384615384
0 0.8173076923076923 0.14182692307692307 0.056490384615384616 0.08413461538461539
0 0.8377403846153846 0.2091346153846154 0.04447115384615385 0.10576923076923077
0 0.8125 0.17307692307692307 0.042067307692307696 0.06850961538461539
0 0.8125 0.25841346153846156 0.06850961538461539 0.1141826923076923
0 0.8209134615384616 0.29447115384615385 0.06610576923076923 0.10216346153846154
0 0.8305288461538461 0.33653846153846156 0.05048076923076923 0.10576923076923077
0 0.8004807692307693 0.3713942307692308 0.06009615384615385 0.07451923076923077
0 0.7932692307692307 0.2283653846153846 0.06129807692307692 0.10096153846153846
0 0.8040865384615384 0.11899038461538461 0.0733173076923077 0.13822115384615385
0 0.7704326923076923 0.10336538461538461 0.05048076923076923 0.11538461538461539
0 0.7211538461538461 0.12740384615384615 0.057692307692307696 0.13822115384615385
0 0.7451923076923077 0.06971153846153846 0.05048076923076923 0.11298076923076923
0 0.7512019230769231 0.18509615384615385 0.06009615384615385 0.11057692307692307
0 0.7524038461538461 0.1814903846153846 0.06129807692307692 0.11177884615384616
0 0.7512019230769231 0.2824519230769231 0.06370192307692307 0.11899038461538461
0 0.7692307692307693 0.29447115384615385 0.052884615384615384 0.0829326923076923
0 0.7596153846153846 0.34134615384615385 0.06610576923076923 0.12860576923076922
0 0.6875 0.06370192307692307 0.038461538461538464 0.08533653846153846
0 0.6322115384615384 0.0889423076923077 0.046875 0.09254807692307693
0 0.6634615384615384 0.10096153846153846 0.04326923076923077 0.0829326923076923
0 0.6959134615384616 0.13701923076923078 0.055288461538461536 0.11177884615384616
0 0.6899038461538461 0.19471153846153846 0.04447115384615385 0.09375
0 0.7163461538461539 0.23557692307692307 0.055288461538461536 0.09375
0 0.671875 0.2860576923076923 0.039663461538461536 0.11298076923076923
0 0.7007211538461539 0.3173076923076923 0.056490384615384616 0.09495192307692307
0 0.6887019230769231 0.3641826923076923 0.06610576923076923 0.12259615384615384
0 0.7295673076923077 0.3798076923076923 0.06850961538461539 0.08653846153846154
0 0.8918269230769231 0.3401442307692308 0.046875 0.09254807692307693
0 0.9290865384615384 0.33653846153846156 0.05889423076923077 0.08052884615384616
0 0.6237980769230769 0.14182692307692307 0.04927884615384615 0.09735576923076923
0 0.6418269230769231 0.19831730769230768 0.052884615384615384 0.09975961538461539
0 0.6658653846153846 0.16947115384615385 0.046875 0.10096153846153846
0 0.6346153846153846 0.24519230769230768 0.06370192307692307 0.11658653846153846
0 0.6117788461538461 0.2848557692307692 0.07572115384615384 0.13221153846153846
0 0.6466346153846154 0.328125 0.056490384615384616 0.09615384615384616
0 0.6622596153846154 0.39302884615384615 0.05048076923076923 0.07211538461538461
0 0.5913461538461539 0.11899038461538461 0.04447115384615385 0.08533653846153846
0 0.5697115384615384 0.15504807692307693 0.0625 0.10216346153846154
0 0.5901442307692307 0.17548076923076922 0.04807692307692308 0.09254807692307693
0 0.5769230769230769 0.21754807692307693 0.04326923076923077 0.1045673076923077
0 0.5649038461538461 0.24879807692307693 0.052884615384615384 0.09615384615384616
0 0.5829326923076923 0.3485576923076923 0.04447115384615385 0.09254807692307693
0 0.5252403846153846 0.2439903846153846 0.04447115384615385 0.1141826923076923
0 0.5204326923076923 0.10216346153846154 0.04927884615384615 0.09254807692307693
0 0.5396634615384616 0.13942307692307693 0.040865384615384616 0.07932692307692307
0 0.515625 0.17908653846153846 0.06129807692307692 0.11057692307692307
0 0.45552884615384615 0.10697115384615384 0.056490384615384616 0.09495192307692307
0 0.4831730769230769 0.13942307692307693 0.042067307692307696 0.08413461538461539
0 0.4567307692307692 0.17668269230769232 0.03365384615384615 0.07692307692307693
0 0.4831730769230769 0.20432692307692307 0.07211538461538461 0.09975961538461539
0 0.4639423076923077 0.24639423076923078 0.04927884615384615 0.09615384615384616
0 0.3870192307692308 0.0985576923076923 0.02283653846153846 0.0673076923076923
0 0.3629807692307692 0.06490384615384616 0.04807692307692308 0.12980769230769232
0 0.4050480769230769 0.12379807692307693 0.05048076923076923 0.0985576923076923
0 0.421875 0.1502403846153846 0.052884615384615384 0.0985576923076923
0 0.40865384615384615 0.1971153846153846 0.052884615384615384 0.09375
0 0.43990384615384615 0.2439903846153846 0.03125 0.07932692307692307
0 0.4230769230769231 0.2608173076923077 0.036057692307692304 0.04927884615384615
0 0.41346153846153844 0.35096153846153844 0.06490384615384616 0.17067307692307693
0 0.4411057692307692 0.36538461538461536 0.06850961538461539 0.1622596153846154
0 0.4423076923076923 0.41225961538461536 0.054086538461538464 0.13701923076923078
0 0.43990384615384615 0.45072115384615385 0.03125 0.057692307692307696
0 0.3894230769230769 0.4651442307692308 0.038461538461538464 0.052884615384615384
0 0.3894230769230769 0.0673076923076923 0.05048076923076923 0.1346153846153846
0 0.3858173076923077 0.0985576923076923 0.025240384615384616 0.0673076923076923
0 0.36177884615384615 0.12620192307692307 0.052884615384615384 0.09735576923076923
0 0.33533653846153844 0.1201923076923077 0.037259615384615384 0.08774038461538461
0 0.328125 0.042067307692307696 0.04567307692307692 0.07572115384615384
0 0.3641826923076923 0.17067307692307693 0.057692307692307696 0.09615384615384616
0 0.35697115384615385 0.21394230769230768 0.06370192307692307 0.1045673076923077
0 0.33774038461538464 0.24639423076923078 0.057692307692307696 0.07572115384615384
0 0.3605769230769231 0.2980769230769231 0.052884615384615384 0.10336538461538461
0 0.3317307692307692 0.33774038461538464 0.05048076923076923 0.11658653846153846
0 0.37259615384615385 0.38221153846153844 0.05889423076923077 0.11298076923076923
0 0.3605769230769231 0.4387019230769231 0.06490384615384616 0.1201923076923077
0 0.3161057692307692 0.4699519230769231 0.07572115384615384 0.08413461538461539
0 0.3942307692307692 0.2548076923076923 0.03125 0.0889423076923077
0 0.2776442307692308 0.07091346153846154 0.037259615384615384 0.11057692307692307
0 0.2920673076923077 0.057692307692307696 0.038461538461538464 0.08533653846153846
0 0.3112980769230769 0.09375 0.042067307692307696 0.09014423076923077
0 0.28966346153846156 0.13341346153846154 0.037259615384615384 0.08173076923076923
0 0.31490384615384615 0.17908653846153846 0.036057692307692304 0.07451923076923077
0 0.296875 0.22596153846153846 0.06009615384615385 0.13221153846153846
0 0.2848557692307692 0.27524038461538464 0.06129807692307692 0.10576923076923077
0 0.29927884615384615 0.32572115384615385 0.056490384615384616 0.10336538461538461
0 0.3112980769230769 0.40024038461538464 0.05889423076923077 0.11538461538461539
0 0.27884615384615385 0.4567307692307692 0.052884615384615384 0.11899038461538461
0 0.2764423076923077 0.06370192307692307 0.036057692307692304 0.10336538461538461
0 0.2403846153846154 0.052884615384615384 0.04447115384615385 0.08533653846153846
0 0.2403846153846154 0.10817307692307693 0.06129807692307692 0.11778846153846154
0 0.24759615384615385 0.11899038461538461 0.05889423076923077 0.08173076923076923
0 0.24278846153846154 0.15384615384615385 0.05048076923076923 0.0889423076923077
0 0.2608173076923077 0.18990384615384615 0.04927884615384615 0.07572115384615384
0 0.23798076923076922 0.21754807692307693 0.06370192307692307 0.10336538461538461
0 0.24879807692307693 0.2548076923076923 0.052884615384615384 0.10096153846153846
0 0.2644230769230769 0.3870192307692308 0.06370192307692307 0.15745192307692307
0 0.22956730769230768 0.3233173076923077 0.055288461538461536 0.11177884615384616
0 0.24519230769230768 0.4951923076923077 0.04447115384615385 0.057692307692307696
0 0.3425480769230769 0.6213942307692307 0.09014423076923077 0.12379807692307693
0 0.20793269230769232 0.0985576923076923 0.054086538461538464 0.13221153846153846
0 0.18028846153846154 0.14543269230769232 0.06129807692307692 0.07932692307692307
0 0.17067307692307693 0.16706730769230768 0.036057692307692304 0.06009615384615385
0 0.20192307692307693 0.20072115384615385 0.04807692307692308 0.0889423076923077
0 0.17668269230769232 0.22956730769230768 0.040865384615384616 0.08653846153846154
0 0.16105769230769232 0.27403846153846156 0.06370192307692307 0.09615384615384616
0 0.15264423076923078 0.3004807692307692 0.056490384615384616 0.09014423076923077
0 0.15504807692307693 0.3581730769230769 0.05048076923076923 0.12860576923076922
0 0.18509615384615385 0.4110576923076923 0.06009615384615385 0.14903846153846154
0 0.17548076923076922 0.4987980769230769 0.06610576923076923 0.08774038461538461
0 0.13581730769230768 0.47716346153846156 0.055288461538461536 0.1346153846153846
0 0.16826923076923078 0.040865384615384616 0.039663461538461536 0.08173076923076923
0 0.15384615384615385 0.0985576923076923 0.051682692307692304 0.08774038461538461
0 0.15384615384615385 0.13581730769230768 0.04447115384615385 0.0985576923076923
0 0.11298076923076923 0.054086538461538464 0.04447115384615385 0.10697115384615384
0 0.10576923076923077 0.08653846153846154 0.052884615384615384 0.11778846153846154
0 0.09735576923076923 0.12379807692307693 0.036057692307692304 0.0829326923076923
0 0.09014423076923077 0.1622596153846154 0.04447115384615385 0.08173076923076923
0 0.11658653846153846 0.18269230769230768 0.03365384615384615 0.09254807692307693
0 0.13942307692307693 0.22355769230769232 0.042067307692307696 0.10576923076923077
0 0.10576923076923077 0.24158653846153846 0.06490384615384616 0.09134615384615384
0 0.1045673076923077 0.28365384615384615 0.052884615384615384 0.11057692307692307
0 0.09495192307692307 0.31850961538461536 0.07211538461538461 0.09375
0 0.11538461538461539 0.4266826923076923 0.07932692307692307 0.13822115384615385
0 0.22355769230769232 0.43149038461538464 0.07451923076923077 0.18870192307692307
0 0.07091346153846154 0.10817307692307693 0.03485576923076923 0.08533653846153846
0 0.07451923076923077 0.037259615384615384 0.04807692307692308 0.07451923076923077
0 0.039663461538461536 0.052884615384615384 0.030048076923076924 0.08533653846153846
0 0.020432692307692308 0.06850961538461539 0.040865384615384616 0.13701923076923078
0 0.026442307692307692 0.1045673076923077 0.052884615384615384 0.1045673076923077
0 0.03245192307692308 0.16466346153846154 0.04927884615384615 0.11057692307692307
0 0.020432692307692308 0.2283653846153846 0.040865384615384616 0.10336538461538461
0 0.03365384615384615 0.2620192307692308 0.0673076923076923 0.11538461538461539
0 0.030048076923076924 0.359375 0.05889423076923077 0.1658653846153846
0 0.046875 0.43149038461538464 0.057692307692307696 0.13581730769230768
0 0.12620192307692307 0.38822115384615385 0.0625 0.09975961538461539
0 0.078125 0.3545673076923077 0.0625 0.1201923076923077
0 0.08413461538461539 0.4483173076923077 0.0673076923076923 0.1141826923076923
0 0.06610576923076923 0.5132211538461539 0.055288461538461536 0.10697115384615384
0 0.10697115384615384 0.5192307692307693 0.06971153846153846 0.0829326923076923
0 0.5576923076923077 0.5733173076923077 0.33413461538461536 0.6826923076923077
0 0.6995192307692307 0.6646634615384616 0.45913461538461536 0.5745192307692307
0 0.8846153846153846 0.5240384615384616 0.03125 0.04807692307692308