0 0.7764423076923077 0.7692307692307693 0.14783653846153846 0.3173076923076923
0 0.9134615384615384 0.6935096153846154 0.11778846153846154 0.18509615384615385
0 0.6262019230769231 0.7067307692307693 0.07211538461538461 0.14543269230769232
0 0.5673076923076923 0.7331730769230769 0.051682692307692304 0.04927884615384615
0 0.40024038461538464 0.7163461538461539 0.07091346153846154 0.16346153846153846
0 0.3173076923076923 0.7235576923076923 0.08413461538461539 0.18509615384615385
0 0.27283653846153844 0.7379807692307693 0.08774038461538461 0.18269230769230768
0 0.13942307692307693 0.75 0.10576923076923077 0.21514423076923078
0 0.03485576923076923 0.7932692307692307 0.06971153846153846 0.3317307692307692
0 0.6730769230769231 0.6574519230769231 0.04326923076923077 0.08052884615384616
0 0.6574519230769231 0.6550480769230769 0.030048076923076924 0.07451923076923077
0 0.7175480769230769 0.6454326923076923 0.026442307692307692 0.051682692307692304
0 0.7331730769230769 0.6502403846153846 0.028846153846153848 0.051682692307692304
0 0.9242788461538461 0.6225961538461539 0.03485576923076923 0.030048076923076924
0 0.8641826923076923 0.6574519230769231 0.026442307692307692 0.0673076923076923
0 0.84375 0.6514423076923077 0.030048076923076924 0.0673076923076923
0 0.875 0.6262019230769231 0.020432692307692308 0.016826923076923076
0 0.7560096153846154 0.6334134615384616 0.016826923076923076 0.03365384615384615
0 0.4362980769230769 0.640625 0.013221153846153846 0.021634615384615384
0 0.6358173076923077 0.6466346153846154 0.013221153846153846 0.030048076923076924