0 0.038461538461538464 0.5649038461538461 0.07692307692307693 0.8701923076923077
0 0.16826923076923078 0.6081730769230769 0.125 0.7836538461538461
0 0.390625 0.5973557692307693 0.12139423076923077 0.8052884615384616
0 0.47836538461538464 0.6141826923076923 0.1502403846153846 0.7716346153846154
0 0.5757211538461539 0.5661057692307693 0.1141826923076923 0.8209134615384616
0 0.6466346153846154 0.5396634615384616 0.10576923076923077 0.7319711538461539
0 0.7103365384615384 0.5576923076923077 0.08413461538461539 0.640625
0 0.7475961538461539 0.515625 0.06971153846153846 0.5949519230769231
0 0.796875 0.5132211538461539 0.08533653846153846 0.6021634615384616
0 0.8521634615384616 0.4855769230769231 0.08173076923076923 0.5733173076923077
0 0.9158653846153846 0.4735576923076923 0.09975961538461539 0.5444711538461539
0 0.9771634615384616 0.4675480769230769 0.04567307692307692 0.5024038461538461
0 0.19110576923076922 0.5733173076923077 0.20673076923076922 0.8533653846153846
0 0.7487980769230769 0.8353365384615384 0.18269230769230768 0.328125
0 0.9459134615384616 0.8617788461538461 0.10697115384615384 0.2764423076923077