0 0.2967032967032967 0.9652941176470589 0.07967032967032966 0.06705882352941177
0 0.29876373626373626 0.9235294117647059 0.061813186813186816 0.09647058823529411
0 0.4368131868131868 0.9594117647058824 0.08791208791208792 0.07882352941176471
0 0.2932692307692308 0.8488235294117648 0.08928571428571429 0.14941176470588236
0 0.3708791208791209 0.8682352941176471 0.07967032967032966 0.2023529411764706
0 0.46291208791208793 0.8470588235294118 0.07692307692307693 0.18823529411764706
0 0.5570054945054945 0.8329411764705882 0.07005494505494506 0.17411764705882352
0 0.625 0.8205882352941176 0.07417582417582418 0.16823529411764707
0 0.28434065934065933 0.7664705882352941 0.08241758241758242 0.08588235294117647
0 0.2026098901098901 0.7635294117647059 0.09203296703296704 0.15529411764705883
0 0.28365384615384615 0.7158823529411765 0.03983516483516483 0.08823529411764706
0 0.35370879120879123 0.7647058823529411 0.07280219780219781 0.16705882352941176
0 0.4223901098901099 0.7329411764705882 0.07554945054945054 0.14588235294117646
0 0.3646978021978022 0.6841176470588235 0.042582417582417584 0.07647058823529412
0 0.39766483516483514 0.7176470588235294 0.03983516483516483 0.15764705882352942
0 0.45879120879120877 0.7182352941176471 0.057692307692307696 0.14941176470588236
0 0.5315934065934066 0.7164705882352941 0.06043956043956044 0.1411764705882353
0 0.4581043956043956 0.6376470588235295 0.05631868131868132 0.07529411764705882
0 0.49313186813186816 0.6458823529411765 0.03021978021978022 0.08705882352941176
0 0.521978021978022 0.6317647058823529 0.0521978021978022 0.08941176470588236
0 0.570054945054945 0.658235294117647 0.038461538461538464 0.08588235294117647
0 0.4835164835164835 0.611764705882353 0.03021978021978022 0.09411764705882353
0 0.5535714285714286 0.5529411764705883 0.03571428571428571 0.058823529411764705
0 0.5810439560439561 0.5470588235294118 0.03296703296703297 0.058823529411764705
0 0.5982142857142857 0.5647058823529412 0.034340659340659344 0.07764705882352942
0 0.5370879120879121 0.4835294117647059 0.02197802197802198 0.04470588235294118
0 0.6160714285714286 0.5776470588235294 0.0260989010989011 0.04
0 0.6284340659340659 0.6664705882352941 0.0260989010989011 0.07882352941176471