0 0.38461538461538464 0.47596153846153844 0.002403846153846154 0.007211538461538462
0 0.38221153846153844 0.47596153846153844 0.002403846153846154 0.004807692307692308
0 0.3798076923076923 0.47716346153846156 0.002403846153846154 0.007211538461538462
0 0.390625 0.47836538461538464 0.002403846153846154 0.013221153846153846
0 0.39783653846153844 0.47836538461538464 0.004807692307692308 0.01201923076923077
0 0.5204326923076923 0.47836538461538464 0.002403846153846154 0.009615384615384616
0 0.39302884615384615 0.47836538461538464 0.004807692307692308 0.015625
0 0.8870192307692307 0.47836538461538464 0.01201923076923077 0.026442307692307692
0 0.45552884615384615 0.4795673076923077 0.004807692307692308 0.018028846153846152
0 0.46274038461538464 0.4795673076923077 0.004807692307692308 0.016826923076923076
0 0.44471153846153844 0.4795673076923077 0.003605769230769231 0.014423076923076924
0 0.46033653846153844 0.4795673076923077 0.004807692307692308 0.016826923076923076
0 0.4375 0.4807692307692308 0.003605769230769231 0.013221153846153846
0 0.4699519230769231 0.4807692307692308 0.004807692307692308 0.018028846153846152
0 0.6069711538461539 0.4807692307692308 0.003605769230769231 0.006009615384615385
0 0.5240384615384616 0.4807692307692308 0.004807692307692308 0.021634615384615384
0 0.5132211538461539 0.48197115384615385 0.004807692307692308 0.020432692307692308
0 0.44591346153846156 0.48197115384615385 0.003605769230769231 0.018028846153846152
0 0.5168269230769231 0.484375 0.004807692307692308 0.02403846153846154
0 0.6189903846153846 0.484375 0.01201923076923077 0.03125
0 0.5048076923076923 0.484375 0.007211538461538462 0.014423076923076924
0 0.6141826923076923 0.4855769230769231 0.008413461538461538 0.028846153846153848
0 0.9254807692307693 0.4855769230769231 0.003605769230769231 0.01201923076923077
0 0.8028846153846154 0.4855769230769231 0.004807692307692308 0.019230769230769232
0 0.53125 0.4879807692307692 0.004807692307692308 0.019230769230769232
0 0.6502403846153846 0.4879807692307692 0.007211538461538462 0.03365384615384615
0 0.6586538461538461 0.4891826923076923 0.007211538461538462 0.03365384615384615
0 0.3605769230769231 0.49038461538461536 0.002403846153846154 0.013221153846153846
0 0.9459134615384616 0.49158653846153844 0.01201923076923077 0.05048076923076923
0 0.3401442307692308 0.49158653846153844 0.002403846153846154 0.008413461538461538
0 0.35216346153846156 0.49158653846153844 0.003605769230769231 0.008413461538461538
0 0.6670673076923077 0.49158653846153844 0.009615384615384616 0.03245192307692308
0 0.3449519230769231 0.49278846153846156 0.002403846153846154 0.009615384615384616
0 0.6286057692307693 0.49278846153846156 0.006009615384615385 0.040865384615384616
0 0.3762019230769231 0.49278846153846156 0.002403846153846154 0.006009615384615385
0 0.7175480769230769 0.49399038461538464 0.014423076923076924 0.06009615384615385
0 0.7536057692307693 0.49399038461538464 0.01201923076923077 0.06009615384615385
0 0.37259615384615385 0.49399038461538464 0.002403846153846154 0.006009615384615385
0 0.3701923076923077 0.49399038461538464 0.002403846153846154 0.004807692307692308
0 0.8233173076923077 0.4963942307692308 0.014423076923076924 0.05889423076923077
0 0.8305288461538461 0.49759615384615385 0.007211538461538462 0.05889423076923077
0 0.7235576923076923 0.4987980769230769 0.006009615384615385 0.056490384615384616
0 0.7367788461538461 0.5 0.009615384615384616 0.054086538461538464
0 0.7451923076923077 0.5 0.01201923076923077 0.055288461538461536
0 0.4495192307692308 0.5060096153846154 0.002403846153846154 0.006009615384615385
0 0.3954326923076923 0.5072115384615384 0.004807692307692308 0.009615384615384616
0 0.39783653846153844 0.5084134615384616 0.003605769230769231 0.010817307692307692
0 0.7608173076923077 0.5096153846153846 0.016826923076923076 0.0985576923076923
0 0.45072115384615385 0.5108173076923077 0.003605769230769231 0.008413461538461538
0 0.4338942307692308 0.5108173076923077 0.007211538461538462 0.021634615384615384
0 0.45552884615384615 0.5108173076923077 0.003605769230769231 0.009615384615384616
0 0.4387019230769231 0.5108173076923077 0.004807692307692308 0.021634615384615384
0 0.41466346153846156 0.5132211538461539 0.006009615384615385 0.018028846153846152
0 0.4050480769230769 0.5144230769230769 0.006009615384615385 0.014423076923076924
0 0.4098557692307692 0.515625 0.007211538461538462 0.014423076923076924
0 0.9050480769230769 0.5204326923076923 0.028846153846153848 0.14182692307692307
0 0.9615384615384616 0.5240384615384616 0.028846153846153848 0.17067307692307693
0 0.84375 0.5252403846153846 0.026442307692307692 0.13942307692307693
0 0.40625 0.5276442307692307 0.009615384615384616 0.010817307692307692
0 0.8762019230769231 0.5288461538461539 0.027644230769230768 0.140625
0 0.40384615384615385 0.5324519230769231 0.009615384615384616 0.018028846153846152
0 0.9819711538461539 0.5324519230769231 0.02283653846153846 0.13581730769230768
0 0.4375 0.5360576923076923 0.006009615384615385 0.014423076923076924
0 0.44591346153846156 0.5372596153846154 0.004807692307692308 0.014423076923076924
0 0.4230769230769231 0.5408653846153846 0.010817307692307692 0.042067307692307696
0 0.4411057692307692 0.5408653846153846 0.006009615384615385 0.016826923076923076
0 0.4495192307692308 0.5420673076923077 0.008413461538461538 0.015625
0 0.4375 0.5420673076923077 0.008413461538461538 0.014423076923076924
0 0.41346153846153844 0.5432692307692307 0.009615384615384616 0.038461538461538464
0 0.6033653846153846 0.546875 0.003605769230769231 0.01201923076923077
0 0.6045673076923077 0.5492788461538461 0.007211538461538462 0.014423076923076924
0 0.453125 0.5492788461538461 0.007211538461538462 0.03365384615384615
0 0.4831730769230769 0.5540865384615384 0.008413461538461538 0.014423076923076924
0 0.4326923076923077 0.5552884615384616 0.004807692307692308 0.01201923076923077
0 0.43028846153846156 0.5576923076923077 0.006009615384615385 0.014423076923076924
0 0.5180288461538461 0.5588942307692307 0.008413461538461538 0.037259615384615384
0 0.5324519230769231 0.5588942307692307 0.010817307692307692 0.036057692307692304
0 0.5480769230769231 0.5612980769230769 0.009615384615384616 0.036057692307692304
0 0.42427884615384615 0.5625 0.008413461538461538 0.019230769230769232
0 0.5408653846153846 0.5637019230769231 0.008413461538461538 0.03485576923076923
0 0.41947115384615385 0.5685096153846154 0.007211538461538462 0.021634615384615384
0 0.5901442307692307 0.5721153846153846 0.008413461538461538 0.027644230769230768
0 0.41225961538461536 0.5721153846153846 0.009615384615384616 0.021634615384615384
0 0.40865384615384615 0.5757211538461539 0.007211538461538462 0.018028846153846152
0 0.5913461538461539 0.578125 0.008413461538461538 0.020432692307692308
0 0.5973557692307693 0.578125 0.009615384615384616 0.014423076923076924
0 0.4026442307692308 0.5865384615384616 0.01201923076923077 0.026442307692307692
0 0.390625 0.5925480769230769 0.009615384615384616 0.025240384615384616
0 0.37740384615384615 0.6009615384615384 0.014423076923076924 0.036057692307692304
0 0.37740384615384615 0.6009615384615384 0.014423076923076924 0.036057692307692304
0 0.359375 0.6105769230769231 0.026442307692307692 0.040865384615384616
0 0.3557692307692308 0.6153846153846154 0.020432692307692308 0.040865384615384616
0 0.3401442307692308 0.6237980769230769 0.014423076923076924 0.039663461538461536
0 0.2668269230769231 0.6274038461538461 0.040865384615384616 0.1141826923076923
0 0.46875 0.6382211538461539 0.015625 0.04567307692307692
0 0.3125 0.6430288461538461 0.019230769230769232 0.04326923076923077
0 0.29447115384615385 0.6490384615384616 0.02403846153846154 0.052884615384615384
0 0.234375 0.6694711538461539 0.03125 0.08173076923076923
0 0.47475961538461536 0.6730769230769231 0.016826923076923076 0.037259615384615384
0 0.23557692307692307 0.6766826923076923 0.038461538461538464 0.14903846153846154
0 0.7379807692307693 0.6802884615384616 0.010817307692307692 0.039663461538461536
0 0.4639423076923077 0.6850961538461539 0.019230769230769232 0.037259615384615384
0 0.20072115384615385 0.7079326923076923 0.021634615384615384 0.056490384615384616
0 0.171875 0.7379807692307693 0.04326923076923077 0.08774038461538461
0 0.1045673076923077 0.7536057692307693 0.04447115384615385 0.07091346153846154
0 0.140625 0.7980769230769231 0.04326923076923077 0.16826923076923078
0 0.5264423076923077 0.8040865384615384 0.026442307692307692 0.06850961538461539
0 0.5396634615384616 0.8052884615384616 0.06490384615384616 0.078125
0 0.07572115384615384 0.8197115384615384 0.04927884615384615 0.16105769230769232
0 0.5324519230769231 0.9254807692307693 0.06971153846153846 0.14783653846153846
0 0.5973557692307693 0.9314903846153846 0.054086538461538464 0.13701923076923078
0 0.46274038461538464 0.4206730769230769 0.002403846153846154 0.010817307692307692
0 0.5877403846153846 0.43028846153846156 0.004807692307692308 0.01201923076923077
0 0.5925480769230769 0.43028846153846156 0.003605769230769231 0.014423076923076924
0 0.5540865384615384 0.43149038461538464 0.002403846153846154 0.010817307692307692
0 0.6237980769230769 0.4326923076923077 0.003605769230769231 0.013221153846153846
0 0.5625 0.4326923076923077 0.004807692307692308 0.009615384615384616
0 0.5721153846153846 0.4326923076923077 0.003605769230769231 0.008413461538461538
0 0.5757211538461539 0.4338942307692308 0.004807692307692308 0.010817307692307692
0 0.609375 0.4338942307692308 0.002403846153846154 0.008413461538461538
0 0.6117788461538461 0.43509615384615385 0.003605769230769231 0.008413461538461538
0 0.6069711538461539 0.43509615384615385 0.003605769230769231 0.009615384615384616
0 0.7211538461538461 0.4375 0.002403846153846154 0.004807692307692308
0 0.5480769230769231 0.4375 0.003605769230769231 0.018028846153846152
0 0.5492788461538461 0.4375 0.004807692307692308 0.016826923076923076
0 0.6490384615384616 0.43990384615384615 0.002403846153846154 0.013221153846153846
0 0.6502403846153846 0.4423076923076923 0.002403846153846154 0.014423076923076924
0 0.6538461538461539 0.4423076923076923 0.002403846153846154 0.014423076923076924
0 0.6802884615384616 0.44350961538461536 0.002403846153846154 0.010817307692307692
0 0.6862980769230769 0.44350961538461536 0.002403846153846154 0.01201923076923077
0 0.6706730769230769 0.44350961538461536 0.003605769230769231 0.008413461538461538
0 0.6742788461538461 0.44350961538461536 0.003605769230769231 0.008413461538461538
0 0.6826923076923077 0.44350961538461536 0.002403846153846154 0.009615384615384616
0 0.7680288461538461 0.44471153846153844 0.003605769230769231 0.013221153846153846
0 0.765625 0.44591346153846156 0.002403846153846154 0.010817307692307692
0 0.7007211538461539 0.44711538461538464 0.002403846153846154 0.008413461538461538
0 0.7223557692307693 0.44711538461538464 0.002403846153846154 0.007211538461538462
0 0.7704326923076923 0.44711538461538464 0.002403846153846154 0.009615384615384616
0 0.7896634615384616 0.44711538461538464 0.003605769230769231 0.01201923076923077
0 0.7836538461538461 0.4483173076923077 0.003605769230769231 0.01201923076923077
0 0.8173076923076923 0.4483173076923077 0.002403846153846154 0.009615384615384616
0 0.7548076923076923 0.4483173076923077 0.002403846153846154 0.007211538461538462
0 0.7608173076923077 0.4495192307692308 0.002403846153846154 0.006009615384615385
0 0.8028846153846154 0.4495192307692308 0.003605769230769231 0.01201923076923077
0 0.78125 0.4495192307692308 0.002403846153846154 0.006009615384615385
0 0.7572115384615384 0.45072115384615385 0.002403846153846154 0.010817307692307692
0 0.8221153846153846 0.45072115384615385 0.003605769230769231 0.013221153846153846
0 0.7536057692307693 0.45072115384615385 0.002403846153846154 0.01201923076923077
0 0.6754807692307693 0.45552884615384615 0.003605769230769231 0.016826923076923076
0 0.6778846153846154 0.45552884615384615 0.003605769230769231 0.015625
0 0.6826923076923077 0.4567307692307692 0.003605769230769231 0.014423076923076924
0 0.6802884615384616 0.4567307692307692 0.002403846153846154 0.015625
0 0.6454326923076923 0.4567307692307692 0.003605769230769231 0.01201923076923077
0 0.6646634615384616 0.4579326923076923 0.002403846153846154 0.013221153846153846
0 0.7415865384615384 0.46033653846153844 0.003605769230769231 0.015625
0 0.8064903846153846 0.46274038461538464 0.003605769230769231 0.014423076923076924
0 0.8100961538461539 0.46274038461538464 0.003605769230769231 0.01201923076923077