0 0.036893203883495145 0.8297720797720798 0.06019417475728155 0.1267806267806268
0 0.13737864077669903 0.8497150997150997 0.08058252427184466 0.13532763532763534
0 0.15776699029126215 0.8226495726495726 0.039805825242718446 0.14102564102564102
0 0.20339805825242718 0.8376068376068376 0.04563106796116505 0.10256410256410256
0 0.27815533980582524 0.8682336182336182 0.04563106796116505 0.10683760683760683
0 0.06796116504854369 0.5911680911680912 0.038834951456310676 0.14245014245014245
0 0.08883495145631068 0.6381766381766382 0.043689320388349516 0.150997150997151
0 0.11747572815533981 0.584045584045584 0.02330097087378641 0.12535612535612536
0 0.17475728155339806 0.5868945868945868 0.031067961165048542 0.11965811965811966
0 0.17475728155339806 0.5242165242165242 0.019417475728155338 0.022792022792022793
0 0.1533980582524272 0.5306267806267806 0.02524271844660194 0.10683760683760683
0 0.16407766990291262 0.5292022792022792 0.02524271844660194 0.10968660968660969
0 0.14951456310679612 0.47863247863247865 0.019417475728155338 0.07692307692307693
0 0.16601941747572815 0.49002849002849 0.027184466019417475 0.05698005698005698
0 0.17718446601941748 0.4793447293447293 0.02233009708737864 0.06125356125356125
0 0.18883495145631068 0.5192307692307693 0.02233009708737864 0.10113960113960115
0 0.20339805825242718 0.4928774928774929 0.018446601941747572 0.10256410256410256
0 0.21359223300970873 0.49572649572649574 0.011650485436893204 0.08547008547008547
0 0.22572815533980584 0.5042735042735043 0.02815533980582524 0.07692307692307693
0 0.22233009708737864 0.46225071225071224 0.013592233009708738 0.021367521367521368
0 0.2266990291262136 0.5014245014245015 0.024271844660194174 0.08262108262108261
0 0.2174757281553398 0.44515669515669515 0.015533980582524271 0.027065527065527065
0 0.2611650485436893 0.5135327635327636 0.031067961165048542 0.11253561253561253
0 0.26359223300970874 0.45584045584045585 0.02233009708737864 0.05982905982905983
0 0.31844660194174756 0.5512820512820513 0.027184466019417475 0.09116809116809117
0 0.341747572815534 0.6068376068376068 0.031067961165048542 0.07977207977207977
0 0.4160194174757282 0.5441595441595442 0.03398058252427184 0.08262108262108261
0 0.45145631067961167 0.532051282051282 0.019417475728155338 0.05270655270655271
0 0.4815533980582524 0.45014245014245013 0.019417475728155338 0.03133903133903134
0 0.2966019417475728 0.452991452991453 0.02233009708737864 0.09116809116809117
0 0.312621359223301 0.4472934472934473 0.027184466019417475 0.10256410256410256
0 0.2854368932038835 0.4066951566951567 0.021359223300970873 0.0868945868945869
0 0.3179611650485437 0.3924501424501424 0.02233009708737864 0.04700854700854701
0 0.3354368932038835 0.4230769230769231 0.02233009708737864 0.08547008547008547
0 0.3466019417475728 0.41737891737891736 0.017475728155339806 0.07407407407407407
0 0.34320388349514563 0.40883190883190884 0.01650485436893204 0.07692307692307693
0 0.3635922330097087 0.3938746438746439 0.024271844660194174 0.07834757834757834
0 0.27233009708737865 0.36396011396011396 0.024271844660194174 0.04131054131054131
0 0.2961165048543689 0.37037037037037035 0.021359223300970873 0.06837606837606838
0 0.27815533980582524 0.3475783475783476 0.018446601941747572 0.037037037037037035
0 0.27815533980582524 0.3504273504273504 0.014563106796116505 0.06837606837606838
0 0.312621359223301 0.36324786324786323 0.021359223300970873 0.04843304843304843
0 0.3262135922330097 0.37250712250712253 0.013592233009708738 0.0641025641025641
0 0.34805825242718447 0.353988603988604 0.020388349514563107 0.0641025641025641
0 0.41941747572815535 0.3710826210826211 0.019417475728155338 0.04415954415954416
0 0.45679611650485435 0.39316239316239315 0.024271844660194174 0.05128205128205128
0 0.46893203883495144 0.3575498575498576 0.017475728155339806 0.07407407407407407
0 0.4786407766990291 0.344017094017094 0.017475728155339806 0.0641025641025641
0 0.5266990291262136 0.31695156695156695 0.014563106796116505 0.04415954415954416
0 0.5354368932038835 0.31695156695156695 0.010679611650485437 0.05555555555555555
0 0.5286407766990291 0.2962962962962963 0.01262135922330097 0.02849002849002849
0 0.5145631067961165 0.2934472934472934 0.017475728155339806 0.045584045584045586
0 0.5635922330097087 0.34116809116809116 0.01262135922330097 0.03276353276353276
0 0.5689320388349515 0.3247863247863248 0.013592233009708738 0.045584045584045586
0 0.579126213592233 0.33262108262108264 0.01650485436893204 0.0584045584045584
0 0.5694174757281554 0.31054131054131057 0.014563106796116505 0.05413105413105413
0 0.596116504854369 0.31196581196581197 0.013592233009708738 0.05128205128205128
0 0.6116504854368932 0.3596866096866097 0.017475728155339806 0.06695156695156695
0 0.6233009708737864 0.35826210826210825 0.015533980582524271 0.06695156695156695
0 0.6689320388349514 0.35113960113960113 0.02330097087378641 0.0584045584045584
0 0.7635922330097087 0.6538461538461539 0.03203883495145631 0.17663817663817663
0 0.7116504854368932 0.5263532763532763 0.027184466019417475 0.10398860398860399
0 0.7014563106796117 0.4423076923076923 0.020388349514563107 0.08404558404558404
0 0.804368932038835 0.3710826210826211 0.02815533980582524 0.0698005698005698
0 0.26553398058252425 0.27849002849002846 0.01262135922330097 0.04415954415954416
0 0.25145631067961166 0.25 0.015533980582524271 0.04131054131054131
0 0.25679611650485434 0.2514245014245014 0.010679611650485437 0.03561253561253561
0 0.32427184466019415 0.26994301994301995 0.013592233009708738 0.04700854700854701
0 0.36941747572815536 0.26495726495726496 0.01650485436893204 0.02564102564102564
0 0.42135922330097086 0.24715099715099714 0.015533980582524271 0.04131054131054131
0 0.44611650485436893 0.24643874643874644 0.01650485436893204 0.039886039886039885
0 0.5111650485436893 0.28062678062678065 0.01262135922330097 0.05413105413105413
0 0.5422330097087379 0.27136752136752135 0.01262135922330097 0.04700854700854701
0 0.5563106796116505 0.2727920227920228 0.017475728155339806 0.05270655270655271
0 0.5674757281553398 0.2955840455840456 0.010679611650485437 0.04131054131054131
0 0.579611650485437 0.26353276353276356 0.013592233009708738 0.05128205128205128
0 0.5160194174757281 0.24002849002849003 0.010679611650485437 0.03561253561253561
0 0.5606796116504854 0.24002849002849003 0.008737864077669903 0.027065527065527065
0 0.5883495145631068 0.2443019943019943 0.011650485436893204 0.03561253561253561
0 0.5902912621359223 0.23076923076923078 0.007766990291262136 0.03133903133903134
0 0.6160194174757282 0.28347578347578345 0.01262135922330097 0.04843304843304843
0 0.6266990291262136 0.28062678062678065 0.014563106796116505 0.04843304843304843
0 0.6281553398058253 0.23005698005698005 0.009708737864077669 0.03561253561253561
0 0.670388349514563 0.24002849002849003 0.010679611650485437 0.038461538461538464
0 0.6810679611650485 0.2564102564102564 0.014563106796116505 0.042735042735042736
0 0.695631067961165 0.245014245014245 0.01262135922330097 0.022792022792022793
0 0.6868932038834952 0.3141025641025641 0.014563106796116505 0.06125356125356125
0 0.695631067961165 0.31196581196581197 0.014563106796116505 0.05982905982905983
0 0.6888349514563107 0.30484330484330485 0.014563106796116505 0.05982905982905983
0 0.695631067961165 0.2727920227920228 0.01650485436893204 0.05270655270655271
0 0.7092233009708738 0.25 0.010679611650485437 0.027065527065527065
0 0.7097087378640776 0.2792022792022792 0.013592233009708738 0.05982905982905983
0 0.7203883495145631 0.2827635327635328 0.013592233009708738 0.0584045584045584
0 0.7330097087378641 0.2272079772079772 0.009708737864077669 0.038461538461538464
0 0.7495145631067961 0.2329059829059829 0.009708737864077669 0.038461538461538464
0 0.7509708737864078 0.2264957264957265 0.010679611650485437 0.037037037037037035
0 0.7368932038834951 0.25284900284900286 0.011650485436893204 0.04131054131054131
0 0.7398058252427184 0.27849002849002846 0.011650485436893204 0.05270655270655271
0 0.746116504854369 0.28062678062678065 0.008737864077669903 0.04843304843304843
0 0.7524271844660194 0.27849002849002846 0.009708737864077669 0.05555555555555555
0 0.7592233009708738 0.27635327635327633 0.013592233009708738 0.05413105413105413
0 0.7601941747572816 0.2571225071225071 0.009708737864077669 0.038461538461538464
0 0.7859223300970873 0.3148148148148148 0.01650485436893204 0.06267806267806268
0 0.8 0.3084045584045584 0.017475728155339806 0.06125356125356125
0 0.8063106796116505 0.2948717948717949 0.01262135922330097 0.05413105413105413
0 0.8325242718446602 0.31125356125356124 0.014563106796116505 0.04985754985754986
0 0.9179611650485436 0.349002849002849 0.01650485436893204 0.06837606837606838
0 0.9412621359223301 0.35683760683760685 0.020388349514563107 0.024216524216524215
0 0.9699029126213592 0.3831908831908832 0.021359223300970873 0.07122507122507123
0 0.9514563106796117 0.3262108262108262 0.017475728155339806 0.039886039886039885
0 0.9776699029126213 0.344017094017094 0.017475728155339806 0.0584045584045584
0 0.9393203883495146 0.33547008547008544 0.01650485436893204 0.0584045584045584