0 0.11538461538461539 0.4338942307692308 0.11778846153846154 0.23557692307692307
0 0.20673076923076922 0.42788461538461536 0.08653846153846154 0.21033653846153846
0 0.27403846153846156 0.45552884615384615 0.08653846153846154 0.21634615384615385
0 0.35697115384615385 0.5336538461538461 0.09735576923076923 0.4050480769230769
0 0.39663461538461536 0.5096153846153846 0.07692307692307693 0.3954326923076923
0 0.47836538461538464 0.44350961538461536 0.08052884615384616 0.26802884615384615
0 0.5649038461538461 0.4266826923076923 0.07692307692307693 0.1658653846153846
0 0.6454326923076923 0.5048076923076923 0.08052884615384616 0.35096153846153844
0 0.7223557692307693 0.5276442307692307 0.0889423076923077 0.4110576923076923
0 0.7980769230769231 0.5300480769230769 0.06850961538461539 0.38822115384615385
0 0.8365384615384616 0.5360576923076923 0.0985576923076923 0.3737980769230769
0 0.921875 0.5805288461538461 0.10697115384615384 0.4362980769230769
0 0.7451923076923077 0.5012019230769231 0.08413461538461539 0.265625
0 0.8353365384615384 0.6935096153846154 0.12860576923076922 0.3401442307692308
0 0.75 0.6730769230769231 0.1141826923076923 0.34134615384615385
0 0.30649038461538464 0.6490384615384616 0.12379807692307693 0.31490384615384615
0 0.25240384615384615 0.5408653846153846 0.0829326923076923 0.1814903846153846
0 0.1971153846153846 0.6634615384615384 0.125 0.2980769230769231
0 0.10817307692307693 0.6382211538461539 0.14182692307692307 0.3389423076923077