0 0.7203846153846154 0.46355841371918544 0.2653846153846154 0.3740621650589496
0 0.9565384615384616 0.37566988210075025 0.0823076923076923 0.35262593783494106
0 0.8861538461538462 0.41961414790996787 0.07076923076923076 0.1939978563772776
0 0.8969230769230769 0.2834941050375134 0.07692307692307693 0.17684887459807075
0 0.8084615384615385 0.35262593783494106 0.11692307692307692 0.36441586280814575
0 0.725 0.2390139335476956 0.06384615384615384 0.10932475884244373
0 0.665 0.3408360128617363 0.06692307692307692 0.2422293676312969
0 0.6530769230769231 0.2245444801714898 0.027692307692307693 0.0782422293676313
0 0.6219230769230769 0.3365487674169346 0.05307692307692308 0.25937834941050375
0 0.5761538461538461 0.3252947481243301 0.07692307692307693 0.2797427652733119
0 0.5715384615384616 0.34512325830653806 0.0876923076923077 0.2979635584137192
0 0.5119230769230769 0.33440514469453375 0.07 0.2915326902465166
0 0.45692307692307693 0.32690246516613075 0.05692307692307692 0.27009646302250806
0 0.39615384615384613 0.3054662379421222 0.06615384615384616 0.27438370846730975
0 0.3619230769230769 0.3086816720257235 0.045384615384615384 0.2379421221864952
0 0.3223076923076923 0.26688102893890675 0.04923076923076923 0.12861736334405144
0 0.2684615384615385 0.2395498392282958 0.06769230769230769 0.1489817792068596
0 0.27807692307692305 0.3327974276527331 0.06538461538461539 0.3033226152197213
0 0.22346153846153846 0.35262593783494106 0.11307692307692307 0.4030010718113612
0 0.18923076923076923 0.3210075026795284 0.07538461538461538 0.2904608788853162
0 0.14384615384615385 0.34994640943194 0.08 0.2883172561629153
0 0.10730769230769231 0.2207931404072883 0.05307692307692308 0.09860664523043944
0 0.09230769230769231 0.36816720257234725 0.11076923076923077 0.44694533762057875
0 0.14038461538461539 0.41479099678456594 0.057692307692307696 0.2915326902465166
0 0.061153846153846156 0.4587352625937835 0.12230769230769231 0.662379421221865
0 0.935 0.3140407288317256 0.057692307692307696 0.16934619506966775
0 0.8592307692307692 0.2357984994640943 0.024615384615384615 0.04930332261521972
0 0.7707692307692308 0.26688102893890675 0.046153846153846156 0.12861736334405144
0 0.5007692307692307 0.2792068595927117 0.026153846153846153 0.12111468381564845
0 0.43153846153846154 0.312433011789925 0.024615384615384615 0.17470525187566988
0 0.045 0.21864951768488747 0.03307692307692308 0.06859592711682744