0 0.05048076923076923 0.9134615384615384 0.09375 0.17307692307692307
0 0.06009615384615385 0.8653846153846154 0.0829326923076923 0.22355769230769232
0 0.36177884615384615 0.9098557692307693 0.11298076923076923 0.18028846153846154
0 0.3605769230769231 0.8617788461538461 0.10096153846153846 0.22716346153846154
0 0.0673076923076923 0.6526442307692307 0.07932692307692307 0.22235576923076922
0 0.12860576923076922 0.6490384615384616 0.07572115384615384 0.22115384615384615
0 0.19471153846153846 0.6490384615384616 0.08653846153846154 0.22956730769230768
0 0.25721153846153844 0.6514423076923077 0.07572115384615384 0.22956730769230768
0 0.32091346153846156 0.6466346153846154 0.09495192307692307 0.23197115384615385
0 0.39302884615384615 0.6466346153846154 0.08653846153846154 0.23798076923076922
0 0.47115384615384615 0.6322115384615384 0.10697115384615384 0.25600961538461536
0 0.5420673076923077 0.6346153846153846 0.06971153846153846 0.2439903846153846
0 0.609375 0.6430288461538461 0.0985576923076923 0.22355769230769232
0 0.6790865384615384 0.6382211538461539 0.08533653846153846 0.23918269230769232
0 0.7475961538461539 0.6454326923076923 0.09254807692307693 0.23197115384615385
0 0.8197115384615384 0.6454326923076923 0.08653846153846154 0.2283653846153846
0 0.8846153846153846 0.6466346153846154 0.08774038461538461 0.23317307692307693
0 0.953125 0.6586538461538461 0.08653846153846154 0.21754807692307693