0 0.22235576923076922 0.5336538461538461 0.07211538461538461 0.24158653846153846
0 0.28966346153846156 0.5432692307692307 0.08413461538461539 0.2548076923076923
0 0.31490384615384615 0.546875 0.12860576923076922 0.265625
0 0.44591346153846156 0.5829326923076923 0.20673076923076922 0.43028846153846156
0 0.5108173076923077 0.546875 0.06971153846153846 0.27283653846153844
0 0.4519230769230769 0.5168269230769231 0.030048076923076924 0.08533653846153846
0 0.5516826923076923 0.5889423076923077 0.1502403846153846 0.3245192307692308
0 0.6141826923076923 0.515625 0.03245192307692308 0.09134615384615384
0 0.6646634615384616 0.6550480769230769 0.15985576923076922 0.41225961538461536
0 0.7608173076923077 0.5865384615384616 0.10096153846153846 0.35336538461538464
0 0.78125 0.6057692307692307 0.13701923076923078 0.29927884615384615