0 0.0985576923076923 0.5528846153846154 0.1971153846153846 0.8942307692307693
0 0.1141826923076923 0.5072115384615384 0.2283653846153846 0.8737980769230769
0 0.2668269230769231 0.5612980769230769 0.19471153846153846 0.8521634615384616
0 0.3329326923076923 0.49399038461538464 0.13341346153846154 0.7439903846153846
0 0.4014423076923077 0.4483173076923077 0.13341346153846154 0.6538461538461539
0 0.46634615384615385 0.7259615384615384 0.20552884615384615 0.5120192307692307
0 0.5048076923076923 0.41466346153846156 0.14302884615384615 0.5012019230769231
0 0.5793269230769231 0.6550480769230769 0.15144230769230768 0.4807692307692308
0 0.6057692307692307 0.3449519230769231 0.14423076923076922 0.3737980769230769
0 0.7259615384615384 0.32091346153846156 0.13822115384615385 0.4014423076923077
0 0.7079326923076923 0.609375 0.13822115384615385 0.4411057692307692
0 0.8052884615384616 0.6322115384615384 0.11538461538461539 0.44471153846153844
0 0.8329326923076923 0.3425480769230769 0.10697115384615384 0.38461538461538464
0 0.9302884615384616 0.3581730769230769 0.12980769230769232 0.36658653846153844
0 0.9122596153846154 0.6634615384615384 0.17427884615384615 0.5024038461538461