0 0.8485576923076923 0.40384615384615385 0.046875 0.07692307692307693
0 0.8617788461538461 0.41225961538461536 0.0829326923076923 0.10336538461538461
0 0.9050480769230769 0.390625 0.051682692307692304 0.07932692307692307
0 0.7355769230769231 0.7451923076923077 0.11298076923076923 0.4735576923076923
0 0.7932692307692307 0.7019230769230769 0.1141826923076923 0.46153846153846156
0 0.7163461538461539 0.5288461538461539 0.09254807692307693 0.1971153846153846
0 0.7596153846153846 0.46274038461538464 0.06370192307692307 0.17067307692307693
0 0.6322115384615384 0.7536057692307693 0.11538461538461539 0.4735576923076923
0 0.6189903846153846 0.546875 0.09975961538461539 0.16105769230769232
0 0.5492788461538461 0.7055288461538461 0.08653846153846154 0.42908653846153844
0 0.4855769230769231 0.7512019230769231 0.10817307692307693 0.48677884615384615
0 0.3870192307692308 0.734375 0.11538461538461539 0.4987980769230769
0 0.3173076923076923 0.7091346153846154 0.07211538461538461 0.43990384615384615
0 0.2439903846153846 0.7367788461538461 0.11298076923076923 0.4891826923076923
0 0.19831730769230768 0.6983173076923077 0.07211538461538461 0.45913461538461536
0 0.2824519230769231 0.6514423076923077 0.05048076923076923 0.4074519230769231
0 0.2439903846153846 0.44350961538461536 0.0673076923076923 0.12860576923076922
0 0.2403846153846154 0.39903846153846156 0.08653846153846154 0.16105769230769232
0 0.30288461538461536 0.4098557692307692 0.06850961538461539 0.16826923076923078
0 0.3425480769230769 0.5012019230769231 0.09254807692307693 0.21033653846153846
0 0.4723557692307692 0.5096153846153846 0.09254807692307693 0.19471153846153846
0 0.5516826923076923 0.49759615384615385 0.09375 0.18509615384615385
0 0.6213942307692307 0.453125 0.0889423076923077 0.15264423076923078
0 0.6574519230769231 0.42427884615384615 0.06850961538461539 0.1971153846153846
0 0.6009615384615384 0.3713942307692308 0.06610576923076923 0.12860576923076922
0 0.5709134615384616 0.40625 0.04807692307692308 0.11899038461538461
0 0.5072115384615384 0.4098557692307692 0.055288461538461536 0.1502403846153846
0 0.4567307692307692 0.35336538461538464 0.0625 0.10817307692307693
0 0.4266826923076923 0.484375 0.09014423076923077 0.234375
0 0.3870192307692308 0.4182692307692308 0.06370192307692307 0.14302884615384615
0 0.37259615384615385 0.34615384615384615 0.06971153846153846 0.16346153846153846
0 0.3016826923076923 0.4110576923076923 0.0625 0.1658653846153846
0 0.2776442307692308 0.33052884615384615 0.042067307692307696 0.09375
0 0.2439903846153846 0.3245192307692308 0.038461538461538464 0.09615384615384616