0 0.04807692307692308 0.15745192307692307 0.06370192307692307 0.16826923076923078
0 0.013221153846153846 0.1045673076923077 0.025240384615384616 0.1466346153846154
0 0.12620192307692307 0.47716346153846156 0.171875 0.9146634615384616
0 0.2091346153846154 0.1466346153846154 0.05889423076923077 0.10336538461538461
0 0.1935096153846154 0.06129807692307692 0.055288461538461536 0.12259615384615384
0 0.24639423076923078 0.06490384615384616 0.04447115384615385 0.12860576923076922
0 0.28966346153846156 0.046875 0.040865384615384616 0.09375
0 0.32211538461538464 0.07211538461538461 0.06129807692307692 0.125
0 0.3245192307692308 0.10336538461538461 0.051682692307692304 0.07572115384615384
0 0.24759615384615385 0.4951923076923077 0.19230769230769232 0.8641826923076923
0 0.35336538461538464 0.27163461538461536 0.21875 0.41225961538461536
0 0.4362980769230769 0.41466346153846156 0.22115384615384615 0.6478365384615384
0 0.5444711538461539 0.28365384615384615 0.08413461538461539 0.4579326923076923
0 0.5949519230769231 0.4182692307692308 0.14783653846153846 0.5612980769230769
0 0.7175480769230769 0.5276442307692307 0.38822115384615385 0.890625
0 0.7944711538461539 0.49278846153846156 0.2860576923076923 0.9639423076923077
0 0.38461538461538464 0.6382211538461539 0.25240384615384615 0.6875
0 0.38461538461538464 0.6790865384615384 0.25 0.59375
0 0.5420673076923077 0.6995192307692307 0.1935096153846154 0.6009615384615384
0 0.3329326923076923 0.07572115384615384 0.04447115384615385 0.12740384615384615
0 0.43509615384615385 0.07932692307692307 0.03365384615384615 0.15865384615384615
0 0.5 0.07211538461538461 0.07451923076923077 0.14182692307692307
0 0.5444711538461539 0.046875 0.055288461538461536 0.08533653846153846
0 0.6201923076923077 0.09014423076923077 0.10096153846153846 0.18028846153846154
0 0.7992788461538461 0.16346153846153846 0.06850961538461539 0.3016826923076923
0 0.8653846153846154 0.04927884615384615 0.04447115384615385 0.0985576923076923
0 0.9579326923076923 0.2608173076923077 0.08413461538461539 0.125
0 0.9350961538461539 0.06129807692307692 0.04447115384615385 0.12139423076923077
0 0.9074519230769231 0.13942307692307693 0.0673076923076923 0.2091346153846154
0 0.6694711538461539 0.09014423076923077 0.0625 0.17908653846153846