0 0.1971153846153846 0.6947115384615384 0.019230769230769232 0.04447115384615385
0 0.8064903846153846 0.6995192307692307 0.03125 0.056490384615384616
0 0.8810096153846154 0.7055288461538461 0.03125 0.0829326923076923
0 0.859375 0.7067307692307693 0.036057692307692304 0.06971153846153846
0 0.7319711538461539 0.7079326923076923 0.025240384615384616 0.05048076923076923
0 0.29447115384615385 0.7127403846153846 0.030048076923076924 0.06129807692307692
0 0.7824519230769231 0.7127403846153846 0.027644230769230768 0.09014423076923077
0 0.17307692307692307 0.71875 0.030048076923076924 0.06490384615384616
0 0.07211538461538461 0.7295673076923077 0.03365384615384615 0.09495192307692307
0 0.15264423076923078 0.7319711538461539 0.030048076923076924 0.10697115384615384
0 0.09615384615384616 0.7319711538461539 0.028846153846153848 0.10216346153846154
0 0.26802884615384615 0.7355769230769231 0.027644230769230768 0.13701923076923078
0 0.7620192307692307 0.7403846153846154 0.02283653846153846 0.09975961538461539
0 0.12259615384615384 0.7620192307692307 0.06370192307692307 0.15144230769230768
0 0.28846153846153844 0.7752403846153846 0.039663461538461536 0.15504807692307693
0 0.5456730769230769 0.7776442307692307 0.056490384615384616 0.18870192307692307
0 0.4639423076923077 0.7836538461538461 0.040865384615384616 0.17668269230769232
0 0.23317307692307693 0.7836538461538461 0.036057692307692304 0.16826923076923078
0 0.6370192307692307 0.7908653846153846 0.0625 0.21514423076923078
0 0.9026442307692307 0.7956730769230769 0.0673076923076923 0.1814903846153846
0 0.5024038461538461 0.8052884615384616 0.04807692307692308 0.23677884615384615
0 0.26802884615384615 0.8088942307692307 0.06129807692307692 0.22716346153846154
0 0.4098557692307692 0.8125 0.04326923076923077 0.22115384615384615
0 0.3894230769230769 0.8197115384615384 0.07932692307692307 0.21634615384615385
0 0.8701923076923077 0.8305288461538461 0.09615384615384616 0.19110576923076922
0 0.7271634615384616 0.8377403846153846 0.0625 0.2548076923076923
0 0.4519230769230769 0.8449519230769231 0.09014423076923077 0.25
0 0.0625 0.8485576923076923 0.125 0.3004807692307692
0 0.9627403846153846 0.8497596153846154 0.06370192307692307 0.2620192307692308
0 0.18629807692307693 0.8497596153846154 0.12259615384615384 0.2704326923076923
0 0.9507211538461539 0.859375 0.08774038461538461 0.25841346153846156
0 0.8245192307692307 0.8605769230769231 0.1466346153846154 0.27524038461538464
0 0.5997596153846154 0.8629807692307693 0.11658653846153846 0.27163461538461536
0 0.6947115384615384 0.8641826923076923 0.09735576923076923 0.26802884615384615
0 0.3329326923076923 0.8701923076923077 0.06850961538461539 0.25721153846153844
0 0.37740384615384615 0.9266826923076923 0.1346153846153846 0.14302884615384615