0 0.02125 0.6 0.0425 0.075
0 0.0453125 0.6241666666666666 0.018125 0.08833333333333333
0 0.058125 0.6333333333333333 0.0275 0.105
0 0.0775 0.6545833333333333 0.0475 0.1775
0 0.098125 0.5979166666666667 0.01375 0.0325
0 0.1065625 0.6079166666666667 0.018125 0.060833333333333336
0 0.14375 0.77 0.11125 0.43166666666666664
0 0.1828125 0.6254166666666666 0.050625 0.13416666666666666
0 0.2065625 0.5783333333333334 0.025625 0.04666666666666667
0 0.2403125 0.7591666666666667 0.103125 0.44666666666666666
0 0.25125 0.65875 0.10625 0.25916666666666666
0 0.3009375 0.6883333333333334 0.055625 0.2633333333333333
0 0.3340625 0.6616666666666666 0.036875 0.22333333333333333
0 0.353125 0.6616666666666666 0.03125 0.225
0 0.379375 0.76375 0.1425 0.44083333333333335
0 0.4440625 0.74 0.109375 0.4266666666666667
0 0.5465625 0.6820833333333334 0.063125 0.2275
0 0.4978125 0.6120833333333333 0.024375 0.08916666666666667
0 0.585625 0.6620833333333334 0.04125 0.19083333333333333
0 0.6028125 0.6216666666666667 0.026875 0.1
0 0.625 0.6191666666666666 0.02375 0.08666666666666667
0 0.64625 0.6704166666666667 0.04625 0.17916666666666667
0 0.66875 0.6266666666666667 0.03 0.12
0 0.65625 0.57875 0.01 0.019166666666666665
0 0.7115625 0.6716666666666666 0.046875 0.25666666666666665
0 0.7375 0.70875 0.09 0.36583333333333334
0 0.789375 0.6945833333333333 0.05375 0.25083333333333335
0 0.835625 0.6908333333333333 0.0825 0.265
0 0.884375 0.64375 0.015 0.0775
0 0.8971875 0.6395833333333333 0.038125 0.13416666666666666
0 0.9265625 0.63875 0.019375 0.09583333333333334
0 0.9446875 0.6295833333333334 0.040625 0.11583333333333333
0 0.941875 0.7345833333333334 0.065 0.13083333333333333
0 0.95875 0.6329166666666667 0.0225 0.1275
0 0.9815625 0.6241666666666666 0.033125 0.09166666666666666