0 0.055288461538461536 0.7415865384615384 0.109375 0.2980769230769231
0 0.15865384615384615 0.7487980769230769 0.07932692307692307 0.3629807692307692
0 0.22235576923076922 0.6105769230769231 0.016826923076923076 0.06610576923076923
0 0.2127403846153846 0.6021634615384616 0.01201923076923077 0.04447115384615385
0 0.234375 0.6081730769230769 0.01201923076923077 0.06370192307692307
0 0.2403846153846154 0.6141826923076923 0.01201923076923077 0.06009615384615385
0 0.30528846153846156 0.7211538461538461 0.1141826923076923 0.2644230769230769
0 0.32572115384615385 0.6322115384615384 0.038461538461538464 0.14302884615384615
0 0.3401442307692308 0.6165865384615384 0.016826923076923076 0.07692307692307693
0 0.3858173076923077 0.7307692307692307 0.08774038461538461 0.296875
0 0.45913461538461536 0.6550480769230769 0.027644230769230768 0.09014423076923077
0 0.4723557692307692 0.65625 0.05889423076923077 0.10697115384615384
0 0.5240384615384616 0.7007211538461539 0.05889423076923077 0.2283653846153846
0 0.5745192307692307 0.7632211538461539 0.08413461538461539 0.30288461538461536
0 0.6117788461538461 0.7391826923076923 0.06370192307692307 0.24519230769230768
0 0.6394230769230769 0.6911057692307693 0.036057692307692304 0.1658653846153846
0 0.6923076923076923 0.7451923076923077 0.09014423076923077 0.33533653846153844
0 0.7247596153846154 0.7415865384615384 0.051682692307692304 0.24278846153846154
0 0.7776442307692307 0.6694711538461539 0.05048076923076923 0.11057692307692307
0 0.7872596153846154 0.6658653846153846 0.036057692307692304 0.10817307692307693
0 0.8125 0.6262019230769231 0.03125 0.09975961538461539
0 0.8401442307692307 0.78125 0.09975961538461539 0.3557692307692308
0 0.921875 0.7668269230769231 0.11298076923076923 0.390625
0 0.9771634615384616 0.7295673076923077 0.04567307692307692 0.21754807692307693