0 0.027644230769230768 0.4855769230769231 0.054086538461538464 0.11177884615384616
0 0.009615384615384616 0.47596153846153844 0.019230769230769232 0.0733173076923077
0 0.056490384615384616 0.46153846153846156 0.009615384615384616 0.010817307692307692
0 0.11778846153846154 0.4795673076923077 0.038461538461538464 0.07211538461538461
0 0.18389423076923078 0.4807692307692308 0.039663461538461536 0.1045673076923077
0 0.20673076923076922 0.47475961538461536 0.046875 0.07211538461538461
0 0.25 0.46153846153846156 0.08653846153846154 0.06850961538461539
0 0.33413461538461536 0.6550480769230769 0.3942307692307692 0.6899038461538461
0 0.6730769230769231 0.6466346153846154 0.3473557692307692 0.7067307692307693
0 0.4675480769230769 0.5372596153846154 0.11899038461538461 0.20673076923076922
0 0.5108173076923077 0.5528846153846154 0.05889423076923077 0.21394230769230768
0 0.7391826923076923 0.46274038461538464 0.03365384615384615 0.04326923076923077
0 0.7824519230769231 0.5216346153846154 0.06610576923076923 0.15745192307692307
0 0.8377403846153846 0.5564903846153846 0.08533653846153846 0.19951923076923078
0 0.7992788461538461 0.4639423076923077 0.03245192307692308 0.04927884615384615
0 0.8221153846153846 0.46274038461538464 0.030048076923076924 0.03125
0 0.8413461538461539 0.4567307692307692 0.014423076923076924 0.019230769230769232
0 0.9170673076923077 0.47716346153846156 0.054086538461538464 0.07692307692307693
0 0.9411057692307693 0.5637019230769231 0.11778846153846154 0.31971153846153844