0 0.5120192307692307 0.4170673076923077 0.020432692307692308 0.01201923076923077
0 0.37740384615384615 0.4182692307692308 0.020432692307692308 0.015625
0 0.47596153846153844 0.4182692307692308 0.020432692307692308 0.015625
0 0.36658653846153844 0.43149038461538464 0.026442307692307692 0.020432692307692308
0 0.33413461538461536 0.43149038461538464 0.02403846153846154 0.025240384615384616
0 0.49399038461538464 0.43509615384615385 0.026442307692307692 0.026442307692307692
0 0.5348557692307693 0.4362980769230769 0.038461538461538464 0.027644230769230768
0 0.30528846153846156 0.44471153846153844 0.04326923076923077 0.038461538461538464
0 0.24278846153846154 0.45072115384615385 0.04326923076923077 0.03245192307692308
0 0.2692307692307692 0.45072115384615385 0.010817307692307692 0.020432692307692308
0 0.5564903846153846 0.4543269230769231 0.020432692307692308 0.037259615384615384
0 0.5985576923076923 0.4651442307692308 0.07451923076923077 0.06129807692307692
0 0.3557692307692308 0.4735576923076923 0.057692307692307696 0.05048076923076923
0 0.6490384615384616 0.4807692307692308 0.0985576923076923 0.08653846153846154
0 0.30528846153846156 0.49399038461538464 0.10817307692307693 0.05889423076923077
0 0.7103365384615384 0.5336538461538461 0.12860576923076922 0.16346153846153846
0 0.25961538461538464 0.5480769230769231 0.03485576923076923 0.051682692307692304
0 0.8076923076923077 0.59375 0.18389423076923078 0.22235576923076922
0 0.15745192307692307 0.6442307692307693 0.14903846153846154 0.3016826923076923
0 0.9314903846153846 0.6682692307692307 0.13581730769230768 0.2980769230769231