0 0.15865384615384615 0.8930288461538461 0.027644230769230768 0.13341346153846154
0 0.21153846153846154 0.8990384615384616 0.03125 0.12980769230769232
0 0.13942307692307693 0.9074519230769231 0.018028846153846152 0.057692307692307696
0 0.2776442307692308 0.8725961538461539 0.014423076923076924 0.07211538461538461
0 0.3233173076923077 0.9014423076923077 0.021634615384615384 0.10817307692307693
0 0.33052884615384615 0.8834134615384616 0.01201923076923077 0.09975961538461539
0 0.34615384615384615 0.8774038461538461 0.018028846153846152 0.09014423076923077
0 0.33774038461538464 0.8822115384615384 0.018028846153846152 0.08774038461538461
0 0.37259615384615385 0.8786057692307693 0.014423076923076924 0.08173076923076923
0 0.38341346153846156 0.8894230769230769 0.009615384615384616 0.06370192307692307
0 0.4014423076923077 0.8798076923076923 0.015625 0.08413461538461539
0 0.41346153846153844 0.8810096153846154 0.014423076923076924 0.08173076923076923
0 0.4206730769230769 0.9098557692307693 0.013221153846153846 0.08774038461538461
0 0.4338942307692308 0.9002403846153846 0.016826923076923076 0.11658653846153846
0 0.44350961538461536 0.8798076923076923 0.009615384615384616 0.06009615384615385
0 0.4519230769230769 0.8834134615384616 0.009615384615384616 0.057692307692307696
0 0.46634615384615385 0.8798076923076923 0.013221153846153846 0.06850961538461539
0 0.49759615384615385 0.8725961538461539 0.01201923076923077 0.06370192307692307
0 0.5637019230769231 0.8725961538461539 0.009615384615384616 0.06009615384615385
0 0.5528846153846154 0.8605769230769231 0.009615384615384616 0.03245192307692308
0 0.5480769230769231 0.8737980769230769 0.010817307692307692 0.06009615384615385
0 0.5420673076923077 0.8786057692307693 0.008413461538461538 0.054086538461538464
0 0.5360576923076923 0.8774038461538461 0.008413461538461538 0.054086538461538464
0 0.5757211538461539 0.8737980769230769 0.009615384615384616 0.06009615384615385
0 0.5997596153846154 0.9122596153846154 0.04567307692307692 0.17548076923076922
0 0.6850961538461539 0.9026442307692307 0.015625 0.0985576923076923
0 0.7019230769230769 0.8942307692307693 0.016826923076923076 0.08774038461538461
0 0.71875 0.8954326923076923 0.014423076923076924 0.09254807692307693
0 0.7319711538461539 0.890625 0.016826923076923076 0.10216346153846154
0 0.7596153846153846 0.8954326923076923 0.021634615384615384 0.10817307692307693
0 0.8689903846153846 0.9326923076923077 0.046875 0.06971153846153846
0 0.03485576923076923 0.9134615384615384 0.037259615384615384 0.171875
0 0.6754807692307693 0.9194711538461539 0.016826923076923076 0.04567307692307692
0 0.4807692307692308 0.859375 0.010817307692307692 0.030048076923076924
0 0.7355769230769231 0.9002403846153846 0.010817307692307692 0.09254807692307693
0 0.1935096153846154 0.8581730769230769 0.01201923076923077 0.056490384615384616
0 0.3004807692307692 0.8677884615384616 0.009615384615384616 0.06850961538461539
0 0.28846153846153844 0.8701923076923077 0.010817307692307692 0.06370192307692307
0 0.27283653846153844 0.8629807692307693 0.009615384615384616 0.057692307692307696
0 0.3137019230769231 0.8689903846153846 0.009615384615384616 0.0625
0 0.36177884615384615 0.8677884615384616 0.008413461538461538 0.04447115384615385
0 0.3545673076923077 0.8689903846153846 0.01201923076923077 0.05048076923076923
0 0.4879807692307692 0.8786057692307693 0.008413461538461538 0.05048076923076923