0 0.04927884615384615 0.5432692307692307 0.025240384615384616 0.11298076923076923
0 0.12259615384615384 0.5552884615384616 0.02403846153846154 0.12139423076923077
0 0.1346153846153846 0.5276442307692307 0.014423076923076924 0.057692307692307696
0 0.18389423076923078 0.5432692307692307 0.020432692307692308 0.13341346153846154
0 0.23677884615384615 0.5384615384615384 0.02283653846153846 0.12379807692307693
0 0.22115384615384615 0.546875 0.026442307692307692 0.10096153846153846
0 0.4050480769230769 0.6766826923076923 0.12860576923076922 0.6454326923076923
0 0.43028846153846156 0.6670673076923077 0.07451923076923077 0.5637019230769231
0 0.43028846153846156 0.6947115384615384 0.0673076923076923 0.47475961538461536
0 0.4519230769230769 0.65625 0.02403846153846154 0.28966346153846156
0 0.5372596153846154 0.6165865384615384 0.0829326923076923 0.5360576923076923
0 0.6129807692307693 0.5877403846153846 0.078125 0.28725961538461536
0 0.7319711538461539 0.671875 0.16105769230769232 0.65625
0 0.5949519230769231 0.59375 0.1310096153846154 0.5805288461538461