0 0.8978365384615384 0.6177884615384616 0.018028846153846152 0.04807692307692308
0 0.7644230769230769 0.6045673076923077 0.014423076923076924 0.04567307692307692
0 0.7536057692307693 0.6045673076923077 0.01201923076923077 0.05048076923076923
0 0.7367788461538461 0.6021634615384616 0.015625 0.04567307692307692
0 0.7247596153846154 0.6105769230769231 0.015625 0.04326923076923077
0 0.7091346153846154 0.609375 0.015625 0.040865384615384616
0 0.5288461538461539 0.6418269230769231 0.02283653846153846 0.06850961538461539
0 0.42427884615384615 0.6274038461538461 0.014423076923076924 0.040865384615384616
0 0.3894230769230769 0.6478365384615384 0.025240384615384616 0.06370192307692307
0 0.3786057692307692 0.6418269230769231 0.021634615384615384 0.0733173076923077
0 0.34615384615384615 0.6298076923076923 0.019230769230769232 0.05889423076923077
0 0.30408653846153844 0.6478365384615384 0.028846153846153848 0.07932692307692307
0 0.28365384615384615 0.6225961538461539 0.026442307692307692 0.04326923076923077
0 0.28725961538461536 0.6706730769230769 0.026442307692307692 0.10697115384615384
0 0.25721153846153844 0.6490384615384616 0.025240384615384616 0.0889423076923077
0 0.2439903846153846 0.6310096153846154 0.018028846153846152 0.06129807692307692
0 0.22596153846153846 0.6586538461538461 0.021634615384615384 0.08413461538461539
0 0.2091346153846154 0.6502403846153846 0.025240384615384616 0.078125
0 0.20072115384615385 0.6129807692307693 0.02283653846153846 0.056490384615384616
0 0.17668269230769232 0.6129807692307693 0.01201923076923077 0.04326923076923077
0 0.15985576923076922 0.6081730769230769 0.018028846153846152 0.04807692307692308
0 0.11538461538461539 0.6550480769230769 0.042067307692307696 0.08173076923076923