0 0.8415178571428571 0.66005291005291 0.09027777777777778 0.1574074074074074
0 0.9506448412698413 0.7688492063492064 0.07936507936507936 0.1488095238095238
0 0.9858630952380952 0.7566137566137566 0.027777777777777776 0.08796296296296297
0 0.9181547619047619 0.7404100529100529 0.02628968253968254 0.07407407407407407
0 0.7445436507936508 0.7873677248677249 0.054563492063492064 0.15343915343915343
0 0.693328373015873 0.7238756613756614 0.03447420634920635 0.056216931216931214
0 0.6560019841269841 0.8118386243386243 0.11507936507936507 0.37566137566137564
0 0.6304563492063492 0.7109788359788359 0.0744047619047619 0.2156084656084656
0 0.5766369047619048 0.7926587301587301 0.05803571428571429 0.36177248677248675
0 0.48152281746031744 0.701058201058201 0.047867063492063495 0.1474867724867725
0 0.5035962301587301 0.7063492063492064 0.044890873015873016 0.14616402116402116
0 0.5556795634920635 0.7139550264550265 0.043402777777777776 0.1388888888888889
0 0.5148809523809523 0.6785714285714286 0.027281746031746032 0.07539682539682539
0 0.34077380952380953 0.6922949735449735 0.03819444444444445 0.1498015873015873
0 0.2770337301587302 0.6868386243386243 0.06498015873015874 0.13425925925925927
0 0.2173859126984127 0.7412367724867724 0.06225198412698413 0.21593915343915343
0 0.28112599206349204 0.7961309523809523 0.13169642857142858 0.17162698412698413
0 0.2543402777777778 0.7941468253968254 0.05282738095238095 0.1636904761904762
0 0.14347718253968253 0.7566137566137566 0.060267857142857144 0.24074074074074073
0 0.1765873015873016 0.7081679894179894 0.03125 0.144510582010582
0 0.05493551587301587 0.8015873015873016 0.1029265873015873 0.36706349206349204
0 0.39112103174603174 0.8047288359788359 0.11557539682539683 0.26355820105820105
0 0.8296130952380952 0.8052248677248677 0.13194444444444445 0.3888888888888889