0 0.8112980769230769 0.6778846153846154 0.3137019230769231 0.6442307692307693
0 0.578125 0.6334134615384616 0.4807692307692308 0.7331730769230769
0 0.6790865384615384 0.6382211538461539 0.5528846153846154 0.7235576923076923
0 0.43990384615384615 0.671875 0.17307692307692307 0.65625
0 0.5961538461538461 0.4543269230769231 0.0889423076923077 0.15264423076923078
0 0.015625 0.5216346153846154 0.03125 0.14903846153846154
0 0.08653846153846154 0.5132211538461539 0.04927884615384615 0.13581730769230768
0 0.026442307692307692 0.45913461538461536 0.036057692307692304 0.08413461538461539
0 0.06971153846153846 0.53125 0.025240384615384616 0.08173076923076923
0 0.11298076923076923 0.5012019230769231 0.019230769230769232 0.06009615384615385
0 0.29927884615384615 0.5060096153846154 0.018028846153846152 0.08052884615384616
0 0.28966346153846156 0.4987980769230769 0.014423076923076924 0.07451923076923077
0 0.3713942307692308 0.5372596153846154 0.036057692307692304 0.18269230769230768
0 0.32572115384615385 0.5060096153846154 0.016826923076923076 0.08774038461538461
0 0.3449519230769231 0.4879807692307692 0.015625 0.04927884615384615
0 0.3581730769230769 0.5036057692307693 0.021634615384615384 0.09375
0 0.34615384615384615 0.44350961538461536 0.020432692307692308 0.06490384615384616
0 0.359375 0.4206730769230769 0.019230769230769232 0.06610576923076923
0 0.36899038461538464 0.40625 0.01201923076923077 0.054086538461538464
0 0.3894230769230769 0.4110576923076923 0.018028846153846152 0.06490384615384616
0 0.41225961538461536 0.41346153846153844 0.018028846153846152 0.06971153846153846
0 0.36899038461538464 0.45072115384615385 0.016826923076923076 0.042067307692307696
0 0.3858173076923077 0.4362980769230769 0.018028846153846152 0.03485576923076923
0 0.453125 0.41225961538461536 0.018028846153846152 0.06850961538461539
0 0.9495192307692307 0.5480769230769231 0.027644230769230768 0.13581730769230768
0 0.9194711538461539 0.5516826923076923 0.04927884615384615 0.09254807692307693
0 0.3954326923076923 0.4795673076923077 0.021634615384615384 0.054086538461538464
0 0.1814903846153846 0.31850961538461536 0.019230769230769232 0.0673076923076923