0 0.96875 0.4411057692307692 0.0625 0.43509615384615385
0 0.9819711538461539 0.23798076923076922 0.03485576923076923 0.04927884615384615
0 0.9314903846153846 0.46033653846153844 0.1310096153846154 0.39903846153846156
0 0.8461538461538461 0.43149038461538464 0.0889423076923077 0.4519230769230769
0 0.7716346153846154 0.5036057692307693 0.06370192307692307 0.30649038461538464
0 0.7632211538461539 0.4483173076923077 0.10096153846153846 0.49399038461538464
0 0.7512019230769231 0.26322115384615385 0.046875 0.14783653846153846
0 0.7271634615384616 0.2692307692307692 0.04927884615384615 0.13581730769230768
0 0.7091346153846154 0.5 0.07932692307692307 0.49399038461538464
0 0.6694711538461539 0.30288461538461536 0.078125 0.24879807692307693
0 0.625 0.5240384615384616 0.09975961538461539 0.4963942307692308
0 0.5685096153846154 0.4831730769230769 0.31971153846153844 0.8028846153846154
0 0.4519230769230769 0.5252403846153846 0.10817307692307693 0.47836538461538464
0 0.38461538461538464 0.29447115384615385 0.06370192307692307 0.29086538461538464
0 0.2860576923076923 0.5024038461538461 0.12379807692307693 0.5228365384615384
0 0.25841346153846156 0.2764423076923077 0.05889423076923077 0.17067307692307693
0 0.15264423076923078 0.5060096153846154 0.10096153846153846 0.5360576923076923
0 0.04567307692307692 0.41346153846153844 0.08533653846153846 0.5216346153846154
0 0.14543269230769232 0.3701923076923077 0.08052884615384616 0.484375