0 0.3894230769230769 0.8329326923076923 0.06850961538461539 0.234375
0 0.4387019230769231 0.8533653846153846 0.037259615384615384 0.14423076923076922
0 0.4735576923076923 0.8341346153846154 0.078125 0.20793269230769232
0 0.484375 0.8341346153846154 0.051682692307692304 0.18389423076923078
0 0.5588942307692307 0.7848557692307693 0.03245192307692308 0.0985576923076923
0 0.5901442307692307 0.78125 0.03365384615384615 0.1045673076923077
0 0.6045673076923077 0.7584134615384616 0.01201923076923077 0.04567307692307692
0 0.6213942307692307 0.7668269230769231 0.016826923076923076 0.057692307692307696
0 0.6346153846153846 0.7644230769230769 0.013221153846153846 0.052884615384615384
0 0.6430288461538461 0.765625 0.013221153846153846 0.051682692307692304
0 0.6622596153846154 0.7704326923076923 0.018028846153846152 0.051682692307692304
0 0.6802884615384616 0.7800480769230769 0.014423076923076924 0.054086538461538464
0 0.6923076923076923 0.7740384615384616 0.015625 0.06610576923076923
0 0.7019230769230769 0.7728365384615384 0.015625 0.06850961538461539
0 0.6971153846153846 0.7596153846153846 0.007211538461538462 0.038461538461538464
0 0.7235576923076923 0.7632211538461539 0.010817307692307692 0.04326923076923077
0 0.7391826923076923 0.7608173076923077 0.013221153846153846 0.046875
0 0.7283653846153846 0.7608173076923077 0.007211538461538462 0.042067307692307696
0 0.75 0.7536057692307693 0.013221153846153846 0.03245192307692308
0 0.7692307692307693 0.7536057692307693 0.010817307692307692 0.028846153846153848
0 0.7776442307692307 0.7752403846153846 0.02283653846153846 0.07451923076923077
0 0.7980769230769231 0.765625 0.010817307692307692 0.05889423076923077
0 0.8088942307692307 0.7764423076923077 0.018028846153846152 0.06129807692307692
0 0.8149038461538461 0.7632211538461539 0.013221153846153846 0.04927884615384615
0 0.828125 0.7620192307692307 0.010817307692307692 0.039663461538461536
0 0.8413461538461539 0.7644230769230769 0.015625 0.04567307692307692
0 0.8449519230769231 0.7584134615384616 0.01201923076923077 0.040865384615384616
0 0.8473557692307693 0.7463942307692307 0.008413461538461538 0.020432692307692308
0 0.8557692307692307 0.7728365384615384 0.018028846153846152 0.0625
0 0.8725961538461539 0.7728365384615384 0.02283653846153846 0.06370192307692307
0 0.8834134615384616 0.7608173076923077 0.015625 0.04927884615384615
0 0.8918269230769231 0.7848557692307693 0.02403846153846154 0.07572115384615384
0 0.9038461538461539 0.7620192307692307 0.01201923076923077 0.042067307692307696
0 0.9110576923076923 0.7632211538461539 0.010817307692307692 0.04807692307692308
0 0.9194711538461539 0.7680288461538461 0.013221153846153846 0.055288461538461536
0 0.9471153846153846 0.7740384615384616 0.026442307692307692 0.09735576923076923
0 0.9663461538461539 0.7836538461538461 0.026442307692307692 0.07572115384615384
0 0.9771634615384616 0.8112980769230769 0.04567307692307692 0.1658653846153846
0 0.96875 0.7620192307692307 0.007211538461538462 0.026442307692307692
0 0.5144230769230769 0.7584134615384616 0.010817307692307692 0.046875
0 0.5096153846153846 0.7704326923076923 0.010817307692307692 0.056490384615384616
0 0.5012019230769231 0.7704326923076923 0.014423076923076924 0.057692307692307696
0 0.49158653846153844 0.7584134615384616 0.016826923076923076 0.038461538461538464
0 0.4639423076923077 0.7512019230769231 0.009615384615384616 0.025240384615384616
0 0.4567307692307692 0.765625 0.010817307692307692 0.03365384615384615
0 0.4483173076923077 0.7668269230769231 0.013221153846153846 0.03485576923076923
0 0.44711538461538464 0.7680288461538461 0.016826923076923076 0.03245192307692308
0 0.43149038461538464 0.7620192307692307 0.014423076923076924 0.04927884615384615
0 0.4266826923076923 0.7680288461538461 0.014423076923076924 0.037259615384615384
0 0.4206730769230769 0.7680288461538461 0.010817307692307692 0.03485576923076923
0 0.41586538461538464 0.7692307692307693 0.010817307692307692 0.037259615384615384
0 0.4098557692307692 0.7680288461538461 0.010817307692307692 0.040865384615384616
0 0.34975961538461536 0.7728365384615384 0.018028846153846152 0.04326923076923077
0 0.3389423076923077 0.7740384615384616 0.014423076923076924 0.037259615384615384
0 0.33052884615384615 0.7764423076923077 0.018028846153846152 0.039663461538461536
0 0.32091346153846156 0.7752403846153846 0.008413461538461538 0.04447115384615385
0 0.3088942307692308 0.7740384615384616 0.016826923076923076 0.05889423076923077
0 0.265625 0.7752403846153846 0.013221153846153846 0.021634615384615384
0 0.2776442307692308 0.7776442307692307 0.020432692307692308 0.05048076923076923
0 0.29447115384615385 0.7932692307692307 0.040865384615384616 0.09375
0 0.24278846153846154 0.7800480769230769 0.030048076923076924 0.054086538461538464
0 0.16706730769230768 0.7932692307692307 0.030048076923076924 0.11177884615384616
0 0.18870192307692307 0.7932692307692307 0.03245192307692308 0.11658653846153846
0 0.21875 0.7824519230769231 0.019230769230769232 0.056490384615384616
0 0.20673076923076922 0.7860576923076923 0.019230769230769232 0.054086538461538464
0 0.21754807692307693 0.7487980769230769 0.007211538461538462 0.013221153846153846
0 0.20192307692307693 0.7524038461538461 0.010817307692307692 0.02403846153846154
0 0.1310096153846154 0.7884615384615384 0.025240384615384616 0.06129807692307692
0 0.1141826923076923 0.7884615384615384 0.025240384615384616 0.06610576923076923
0 0.0985576923076923 0.7908653846153846 0.03365384615384615 0.06610576923076923
0 0.07451923076923077 0.7944711538461539 0.037259615384615384 0.06370192307692307
0 0.04326923076923077 0.7944711538461539 0.025240384615384616 0.06971153846153846
0 0.021634615384615384 0.7944711538461539 0.03365384615384615 0.0733173076923077
0 0.028846153846153848 0.7716346153846154 0.01201923076923077 0.03485576923076923
0 0.009615384615384616 0.7716346153846154 0.013221153846153846 0.025240384615384616
0 0.14543269230769232 0.7584134615384616 0.01201923076923077 0.026442307692307692
0 0.12980769230769232 0.7524038461538461 0.008413461538461538 0.02403846153846154
0 0.1201923076923077 0.7572115384615384 0.008413461538461538 0.025240384615384616
0 0.11057692307692307 0.7524038461538461 0.010817307692307692 0.021634615384615384
0 0.09495192307692307 0.7524038461538461 0.01201923076923077 0.016826923076923076
0 0.007211538461538462 0.7632211538461539 0.013221153846153846 0.04326923076923077
0 0.03485576923076923 0.7572115384615384 0.01201923076923077 0.03125
0 0.046875 0.7536057692307693 0.009615384615384616 0.025240384615384616
0 0.06610576923076923 0.7632211538461539 0.009615384615384616 0.021634615384615384
0 0.2548076923076923 0.7596153846153846 0.013221153846153846 0.02403846153846154
0 0.15985576923076922 0.7512019230769231 0.006009615384615385 0.016826923076923076
0 0.265625 0.7596153846153846 0.010817307692307692 0.021634615384615384