0 0.18870192307692307 0.6550480769230769 0.25721153846153844 0.6899038461538461
0 0.8605769230769231 0.5973557692307693 0.2776442307692308 0.8052884615384616
0 0.39302884615384615 0.7331730769230769 0.15745192307692307 0.2536057692307692
0 0.34975961538461536 0.7247596153846154 0.09495192307692307 0.234375
0 0.5528846153846154 0.7403846153846154 0.0985576923076923 0.20432692307692307
0 0.6610576923076923 0.7439903846153846 0.10336538461538461 0.21394230769230768
0 0.7716346153846154 0.7752403846153846 0.11778846153846154 0.17067307692307693
0 0.7295673076923077 0.7572115384615384 0.07932692307692307 0.16105769230769232
0 0.7944711538461539 0.7668269230769231 0.07451923076923077 0.17908653846153846
0 0.9278846153846154 0.7740384615384616 0.06009615384615385 0.18629807692307693
0 0.6237980769230769 0.7644230769230769 0.04326923076923077 0.13581730769230768
0 0.5108173076923077 0.7608173076923077 0.051682692307692304 0.13701923076923078
0 0.4651442307692308 0.7536057692307693 0.054086538461538464 0.14543269230769232
0 0.328125 0.4026442307692308 0.03485576923076923 0.03125
0 0.36177884615384615 0.4074519230769231 0.02403846153846154 0.026442307692307692
0 0.30649038461538464 0.40625 0.026442307692307692 0.025240384615384616
0 0.5084134615384616 0.4074519230769231 0.03485576923076923 0.026442307692307692
0 0.5432692307692307 0.4050480769230769 0.026442307692307692 0.03125
0 0.5649038461538461 0.40625 0.03125 0.027644230769230768
0 0.6081730769230769 0.40625 0.027644230769230768 0.027644230769230768
0 0.6490384615384616 0.4014423076923077 0.07211538461538461 0.039663461538461536
0 0.6971153846153846 0.3918269230769231 0.04927884615384615 0.05889423076923077
0 0.7139423076923077 0.40024038461538464 0.0625 0.042067307692307696
0 0.8088942307692307 0.38100961538461536 0.02403846153846154 0.021634615384615384
0 0.7584134615384616 0.40625 0.04447115384615385 0.03125