0 0.8473557692307693 0.6117788461538461 0.125 0.46033653846153844
0 0.7680288461538461 0.6610576923076923 0.08173076923076923 0.38100961538461536
0 0.6790865384615384 0.6502403846153846 0.08653846153846154 0.3737980769230769
0 0.6298076923076923 0.5973557692307693 0.06129807692307692 0.22956730769230768
0 0.6033653846153846 0.5805288461538461 0.06129807692307692 0.23197115384615385
0 0.6201923076923077 0.4879807692307692 0.026442307692307692 0.0673076923076923
0 0.5829326923076923 0.4795673076923077 0.02283653846153846 0.04567307692307692
0 0.5649038461538461 0.5649038461538461 0.038461538461538464 0.2283653846153846
0 0.5384615384615384 0.5793269230769231 0.051682692307692304 0.22956730769230768
0 0.5192307692307693 0.4831730769230769 0.02403846153846154 0.04447115384615385
0 0.47596153846153844 0.6310096153846154 0.11298076923076923 0.40024038461538464
0 0.3701923076923077 0.6598557692307693 0.12740384615384615 0.3557692307692308
0 0.390625 0.5036057692307693 0.06971153846153846 0.078125
0 0.4014423076923077 0.4951923076923077 0.026442307692307692 0.0673076923076923
0 0.2644230769230769 0.5432692307692307 0.0625 0.18870192307692307
0 0.32572115384615385 0.47115384615384615 0.01201923076923077 0.018028846153846152
0 0.3125 0.47836538461538464 0.015625 0.027644230769230768
0 0.32091346153846156 0.484375 0.015625 0.020432692307692308
0 0.21875 0.5360576923076923 0.02403846153846154 0.10576923076923077
0 0.23197115384615385 0.5204326923076923 0.021634615384615384 0.10216346153846154
0 0.17548076923076922 0.515625 0.02403846153846154 0.09735576923076923
0 0.1346153846153846 0.5132211538461539 0.015625 0.09615384615384616
0 0.14783653846153846 0.5048076923076923 0.016826923076923076 0.0889423076923077
0 0.1658653846153846 0.5132211538461539 0.016826923076923076 0.08413461538461539
0 0.6526442307692307 0.4987980769230769 0.027644230769230768 0.042067307692307696
0 0.71875 0.5276442307692307 0.028846153846153848 0.09735576923076923
0 0.7391826923076923 0.515625 0.02403846153846154 0.08173076923076923
0 0.6959134615384616 0.49038461538461536 0.018028846153846152 0.046875
0 0.6610576923076923 0.49399038461538464 0.018028846153846152 0.04447115384615385
0 0.9038461538461539 0.5685096153846154 0.04567307692307692 0.11658653846153846
0 0.9038461538461539 0.5661057692307693 0.04326923076923077 0.11778846153846154