0 0.016826923076923076 0.4230769230769231 0.018028846153846152 0.056490384615384616
0 0.04807692307692308 0.42788461538461536 0.039663461538461536 0.11177884615384616
0 0.08533653846153846 0.4266826923076923 0.009615384615384616 0.036057692307692304
0 0.0829326923076923 0.4110576923076923 0.004807692307692308 0.009615384615384616
0 0.10096153846153846 0.42788461538461536 0.039663461538461536 0.140625
0 0.20793269230769232 0.4326923076923077 0.016826923076923076 0.09014423076923077
0 0.8413461538461539 0.4423076923076923 0.02283653846153846 0.17427884615384615
0 0.9567307692307693 0.4326923076923077 0.037259615384615384 0.16947115384615385
0 0.9242788461538461 0.4807692307692308 0.018028846153846152 0.10576923076923077
0 0.9735576923076923 0.453125 0.010817307692307692 0.07091346153846154
0 0.9435096153846154 0.4387019230769231 0.008413461538461538 0.020432692307692308
0 0.9314903846153846 0.45552884615384615 0.009615384615384616 0.038461538461538464
0 0.9915865384615384 0.4338942307692308 0.006009615384615385 0.027644230769230768
0 0.9975961538461539 0.43028846153846156 0.003605769230769231 0.009615384615384616
0 0.890625 0.44711538461538464 0.12379807692307693 0.6658653846153846
0 0.7908653846153846 0.43990384615384615 0.11177884615384616 0.6334134615384616
0 0.7019230769230769 0.46634615384615385 0.10096153846153846 0.5769230769230769
0 0.6201923076923077 0.43990384615384615 0.09975961538461539 0.5588942307692307
0 0.5228365384615384 0.53125 0.11057692307692307 0.5096153846153846
0 0.53125 0.27403846153846156 0.09014423076923077 0.23557692307692307
0 0.421875 0.5480769230769231 0.11298076923076923 0.453125
0 0.3173076923076923 0.5576923076923077 0.10817307692307693 0.4326923076923077
0 0.14543269230769232 0.453125 0.12860576923076922 0.5793269230769231
0 0.2536057692307692 0.4495192307692308 0.11177884615384616 0.5733173076923077
0 0.35336538461538464 0.4651442307692308 0.10336538461538461 0.5456730769230769
0 0.4483173076923077 0.44711538461538464 0.0985576923076923 0.5384615384615384