0 0.14182692307692307 0.5661057692307693 0.28125 0.8677884615384616
0 0.27283653846153844 0.6021634615384616 0.13822115384615385 0.7872596153846154
0 0.4387019230769231 0.4723557692307692 0.2704326923076923 0.5552884615384616
0 0.6129807692307693 0.5709134615384616 0.1141826923076923 0.6466346153846154
0 0.7379807692307693 0.5564903846153846 0.13581730769230768 0.5324519230769231
0 0.9074519230769231 0.41586538461538464 0.1622596153846154 0.3641826923076923
0 0.9603365384615384 0.5649038461538461 0.07932692307692307 0.5745192307692307
0 0.4519230769230769 0.7536057692307693 0.2644230769230769 0.49278846153846156
0 0.7860576923076923 0.6971153846153846 0.3401442307692308 0.6057692307692307
0 0.038461538461538464 0.2800480769230769 0.021634615384615384 0.08774038461538461
0 0.06370192307692307 0.28966346153846156 0.02283653846153846 0.08413461538461539
0 0.06370192307692307 0.24879807692307693 0.015625 0.06490384615384616
0 0.04447115384615385 0.23918269230769232 0.019230769230769232 0.04927884615384615
0 0.45913461538461536 0.2920673076923077 0.014423076923076924 0.05889423076923077