0 0.07932692307692307 0.5721153846153846 0.14423076923076922 0.5072115384615384
0 0.18509615384615385 0.578125 0.11298076923076923 0.46153846153846156
0 0.25841346153846156 0.5588942307692307 0.09134615384615384 0.4423076923076923
0 0.28725961538461536 0.6670673076923077 0.11658653846153846 0.4375
0 0.33052884615384615 0.546875 0.07211538461538461 0.45072115384615385
0 0.38822115384615385 0.4266826923076923 0.078125 0.19471153846153846
0 0.3858173076923077 0.6622596153846154 0.10216346153846154 0.43509615384615385
0 0.43990384615384615 0.44350961538461536 0.07091346153846154 0.22355769230769232
0 0.5132211538461539 0.4375 0.09735576923076923 0.2403846153846154
0 0.47115384615384615 0.671875 0.09254807692307693 0.4182692307692308
0 0.5444711538461539 0.6838942307692307 0.09134615384615384 0.4098557692307692
0 0.5841346153846154 0.5564903846153846 0.06370192307692307 0.4326923076923077
0 0.6286057692307693 0.6790865384615384 0.1045673076923077 0.453125
0 0.6430288461538461 0.4387019230769231 0.06971153846153846 0.20072115384615385
0 0.7115384615384616 0.4423076923076923 0.0829326923076923 0.21514423076923078
0 0.7247596153846154 0.6766826923076923 0.10096153846153846 0.4423076923076923
0 0.8088942307692307 0.5625 0.11658653846153846 0.4675480769230769
0 0.9026442307692307 0.5793269230769231 0.13221153846153846 0.515625