0 0.03125 0.5745192307692307 0.046875 0.16826923076923078
0 0.06610576923076923 0.5661057692307693 0.03365384615384615 0.17908653846153846
0 0.11658653846153846 0.5745192307692307 0.03125 0.16466346153846154
0 0.125 0.578125 0.040865384615384616 0.15985576923076922
0 0.19230769230769232 0.5709134615384616 0.042067307692307696 0.17668269230769232
0 0.24278846153846154 0.5745192307692307 0.027644230769230768 0.16466346153846154
0 0.26802884615384615 0.5733173076923077 0.038461538461538464 0.203125
0 0.30528846153846156 0.5661057692307693 0.04447115384615385 0.22355769230769232
0 0.35096153846153844 0.5757211538461539 0.10096153846153846 0.46153846153846156
0 0.3942307692307692 0.5685096153846154 0.02283653846153846 0.18509615384615385
0 0.45913461538461536 0.5793269230769231 0.09014423076923077 0.4110576923076923
0 0.5216346153846154 0.5913461538461539 0.06971153846153846 0.3557692307692308
0 0.5228365384615384 0.5889423076923077 0.08052884615384616 0.3581730769230769
0 0.640625 0.6490384615384616 0.24759615384615385 0.7019230769230769
0 0.8161057692307693 0.5288461538461539 0.20552884615384615 0.6057692307692307
0 0.8305288461538461 0.5901442307692307 0.03125 0.18389423076923078
0 0.8713942307692307 0.5865384615384616 0.06971153846153846 0.20432692307692307
0 0.8942307692307693 0.5793269230769231 0.038461538461538464 0.16826923076923078
0 0.9459134615384616 0.5697115384615384 0.06129807692307692 0.24879807692307693
0 0.9747596153846154 0.5949519230769231 0.03365384615384615 0.14302884615384615
0 0.9915865384615384 0.5877403846153846 0.016826923076923076 0.21153846153846154