0 0.134765625 0.6790364583333334 0.171875 0.5638020833333334
0 0.07275390625 0.640625 0.1435546875 0.5416666666666666
0 0.19482421875 0.619140625 0.1416015625 0.48828125
0 0.24560546875 0.6197916666666666 0.1044921875 0.5390625
0 0.3369140625 0.630859375 0.1640625 0.49609375
0 0.37890625 0.4615885416666667 0.07421875 0.18880208333333334
0 0.583984375 0.587890625 0.158203125 0.4674479166666667
0 0.49951171875 0.6165364583333334 0.0615234375 0.3841145833333333
0 0.74951171875 0.53125 0.1474609375 0.3776041666666667
0 0.82958984375 0.5305989583333334 0.1162109375 0.2981770833333333
0 0.96142578125 0.5169270833333334 0.0751953125 0.3072916666666667
0 0.43701171875 0.5813802083333334 0.0517578125 0.32421875
0 0.47314453125 0.5885416666666666 0.0654296875 0.3802083333333333
0 0.5234375 0.44921875 0.041015625 0.08854166666666667
0 0.66796875 0.576171875 0.0546875 0.2955729166666667
0 0.072265625 0.4772135416666667 0.048828125 0.10286458333333333
0 0.90185546875 0.5436197916666666 0.0791015625 0.2565104166666667
0 0.9365234375 0.4765625 0.0546875 0.11197916666666667
0 0.619140625 0.595703125 0.056640625 0.3372395833333333
0 0.44287109375 0.43359375 0.0595703125 0.078125