0 0.009615384615384616 0.5817307692307693 0.019230769230769232 0.3269230769230769
0 0.0733173076923077 0.5564903846153846 0.057692307692307696 0.24759615384615385
0 0.1310096153846154 0.5625 0.05889423076923077 0.23557692307692307
0 0.2692307692307692 0.5600961538461539 0.18028846153846154 0.42788461538461536
0 0.21394230769230768 0.5372596153846154 0.054086538461538464 0.28365384615384615
0 0.3389423076923077 0.5036057692307693 0.04326923076923077 0.15745192307692307
0 0.39903846153846156 0.5420673076923077 0.08774038461538461 0.43990384615384615
0 0.5913461538461539 0.5709134615384616 0.12740384615384615 0.38341346153846156
0 0.7415865384615384 0.5384615384615384 0.06370192307692307 0.328125
0 0.8088942307692307 0.5444711538461539 0.05889423076923077 0.3161057692307692
0 0.8557692307692307 0.5961538461538461 0.06610576923076923 0.21754807692307693
0 0.9098557692307693 0.5973557692307693 0.06370192307692307 0.21875
0 0.9639423076923077 0.5540865384615384 0.06129807692307692 0.3016826923076923
0 0.9927884615384616 0.5480769230769231 0.014423076923076924 0.24519230769230768
0 0.9651442307692307 0.4182692307692308 0.055288461538461536 0.08533653846153846
0 0.90625 0.46033653846153844 0.054086538461538464 0.1658653846153846
0 0.9375 0.40865384615384615 0.04447115384615385 0.1141826923076923
0 0.9831730769230769 0.3894230769230769 0.03365384615384615 0.08774038461538461
0 0.9795673076923077 0.35096153846153844 0.040865384615384616 0.09014423076923077
0 0.9579326923076923 0.3389423076923077 0.039663461538461536 0.12379807692307693
0 0.9158653846153846 0.3401442307692308 0.057692307692307696 0.12620192307692307
0 0.8497596153846154 0.3737980769230769 0.06370192307692307 0.20192307692307693
0 0.7896634615384616 0.4639423076923077 0.0625 0.2439903846153846
0 0.8173076923076923 0.34375 0.04326923076923077 0.1045673076923077
0 0.7788461538461539 0.33413461538461536 0.038461538461538464 0.08413461538461539
0 0.7367788461538461 0.3293269230769231 0.04807692307692308 0.11298076923076923
0 0.7439903846153846 0.4050480769230769 0.055288461538461536 0.12980769230769232
0 0.7115384615384616 0.4182692307692308 0.038461538461538464 0.15504807692307693
0 0.6935096153846154 0.35216346153846156 0.037259615384615384 0.09375
0 0.6754807692307693 0.3798076923076923 0.040865384615384616 0.1045673076923077
0 0.6694711538461539 0.44711538461538464 0.06009615384615385 0.13942307692307693
0 0.6586538461538461 0.5733173076923077 0.07451923076923077 0.21754807692307693
0 0.5504807692307693 0.5925480769230769 0.07451923076923077 0.20673076923076922
0 0.5060096153846154 0.5913461538461539 0.06009615384615385 0.21033653846153846
0 0.46634615384615385 0.59375 0.04807692307692308 0.19591346153846154
0 0.49158653846153844 0.5012019230769231 0.03485576923076923 0.08774038461538461
0 0.5745192307692307 0.5168269230769231 0.040865384615384616 0.08533653846153846
0 0.5649038461538461 0.45072115384615385 0.0625 0.1141826923076923
0 0.5480769230769231 0.421875 0.05048076923076923 0.07451923076923077
0 0.6322115384615384 0.41225961538461536 0.03125 0.06850961538461539
0 0.6274038461538461 0.3713942307692308 0.04326923076923077 0.06850961538461539
0 0.6201923076923077 0.3389423076923077 0.03245192307692308 0.06850961538461539
0 0.6526442307692307 0.3473557692307692 0.03125 0.08774038461538461
0 0.5853365384615384 0.34615384615384615 0.04447115384615385 0.0829326923076923
0 0.5901442307692307 0.3894230769230769 0.03485576923076923 0.0985576923076923
0 0.5564903846153846 0.3894230769230769 0.04807692307692308 0.0829326923076923
0 0.5480769230769231 0.3581730769230769 0.03365384615384615 0.0733173076923077
0 0.5180288461538461 0.43509615384615385 0.038461538461538464 0.12259615384615384
0 0.5252403846153846 0.35216346153846156 0.026442307692307692 0.0733173076923077
0 0.4963942307692308 0.35096153846153844 0.036057692307692304 0.07451923076923077
0 0.4735576923076923 0.35336538461538464 0.03125 0.08052884615384616
0 0.4423076923076923 0.359375 0.027644230769230768 0.07451923076923077
0 0.42908653846153844 0.38341346153846156 0.026442307692307692 0.056490384615384616
0 0.44711538461538464 0.43028846153846156 0.03365384615384615 0.07932692307692307
0 0.46274038461538464 0.3954326923076923 0.030048076923076924 0.08533653846153846
0 0.49038461538461536 0.3701923076923077 0.020432692307692308 0.03245192307692308