0 0.10576923076923077 0.5324519230769231 0.13221153846153846 0.5997596153846154
0 0.18629807692307693 0.5649038461538461 0.08173076923076923 0.7560096153846154
0 0.2536057692307692 0.6069711538461539 0.09975961538461539 0.6634615384615384
0 0.31971153846153844 0.5649038461538461 0.08413461538461539 0.6947115384615384
0 0.3918269230769231 0.5420673076923077 0.11899038461538461 0.6189903846153846
0 0.4723557692307692 0.5901442307692307 0.08173076923076923 0.7115384615384616
0 0.546875 0.5901442307692307 0.07692307692307693 0.6911057692307693
0 0.6153846153846154 0.5805288461538461 0.0985576923076923 0.6346153846153846
0 0.6850961538461539 0.5829326923076923 0.07692307692307693 0.6971153846153846
0 0.7439903846153846 0.6069711538461539 0.14903846153846154 0.7319711538461539
0 0.8365384615384616 0.5588942307692307 0.09014423076923077 0.6911057692307693
0 0.921875 0.5901442307692307 0.1045673076923077 0.765625