0 0.2127403846153846 0.39783653846153844 0.11778846153846154 0.30288461538461536
0 0.30528846153846156 0.4098557692307692 0.09735576923076923 0.2704326923076923
0 0.38822115384615385 0.3954326923076923 0.12139423076923077 0.28725961538461536
0 0.4735576923076923 0.4050480769230769 0.11538461538461539 0.29927884615384615
0 0.5576923076923077 0.40024038461538464 0.1346153846153846 0.25961538461538464
0 0.6490384615384616 0.5661057692307693 0.11057692307692307 0.5865384615384616
0 0.765625 0.5757211538461539 0.17067307692307693 0.5673076923076923
0 0.7680288461538461 0.6334134615384616 0.16466346153846154 0.44711538461538464
0 0.6550480769230769 0.6334134615384616 0.125 0.44711538461538464
0 0.5540865384615384 0.6310096153846154 0.1141826923076923 0.4543269230769231
0 0.4567307692307692 0.6466346153846154 0.12379807692307693 0.42427884615384615
0 0.3762019230769231 0.6298076923076923 0.1201923076923077 0.4543269230769231
0 0.27163461538461536 0.6394230769230769 0.10697115384615384 0.44350961538461536
0 0.17548076923076922 0.6358173076923077 0.0985576923076923 0.44591346153846156