0 0.03666666666666667 0.54 0.04 0.2
0 0.051666666666666666 0.52 0.03333333333333333 0.145
0 0.06416666666666666 0.51125 0.025 0.0975
0 0.09833333333333333 0.555 0.05333333333333334 0.24
0 0.13 0.535 0.04666666666666667 0.18
0 0.14583333333333334 0.50125 0.028333333333333332 0.0975
0 0.1625 0.49625 0.03166666666666667 0.0975
0 0.17916666666666667 0.58 0.058333333333333334 0.19
0 0.195 0.5575 0.06333333333333334 0.235
0 0.26916666666666667 0.5575 0.09833333333333333 0.17
0 0.2775 0.46 0.018333333333333333 0.045
0 0.29 0.51375 0.03333333333333333 0.1325
0 0.3416666666666667 0.5125 0.03333333333333333 0.115
0 0.33 0.485 0.016666666666666666 0.075
0 0.4058333333333333 0.49875 0.028333333333333332 0.1125
0 0.43 0.52125 0.043333333333333335 0.0975
0 0.5016666666666667 0.5075 0.03333333333333333 0.115
0 0.5033333333333333 0.5075 0.02666666666666667 0.115
0 0.5266666666666666 0.50375 0.03 0.1125
0 0.6008333333333333 0.4675 0.015 0.04
0 0.6208333333333333 0.51375 0.03833333333333333 0.1625
0 0.6225 0.49875 0.028333333333333332 0.1025
0 0.65 0.53875 0.056666666666666664 0.2375
0 0.6766666666666666 0.49125 0.02666666666666667 0.0975
0 0.705 0.51 0.03333333333333333 0.125
0 0.7316666666666667 0.5125 0.03333333333333333 0.14
0 0.7875 0.47875 0.021666666666666667 0.0625
0 0.8033333333333333 0.51 0.03333333333333333 0.16
0 0.83 0.53 0.056666666666666664 0.21
0 0.8766666666666667 0.51 0.05 0.16
0 0.9608333333333333 0.585 0.075 0.345
0 0.7708333333333334 0.58625 0.095 0.3175
0 0.2475 0.47875 0.025 0.0425