0 0.2644230769230769 0.25 0.038461538461538464 0.1622596153846154
0 0.41225961538461536 0.27403846153846156 0.03485576923076923 0.09495192307692307
0 0.3737980769230769 0.2824519230769231 0.046875 0.14903846153846154
0 0.47836538461538464 0.3112980769230769 0.056490384615384616 0.16706730769230768
0 0.5300480769230769 0.3293269230769231 0.04567307692307692 0.17548076923076922
0 0.296875 0.33413461538461536 0.042067307692307696 0.13221153846153846
0 0.5408653846153846 0.039663461538461536 0.04326923076923077 0.042067307692307696
0 0.6165865384615384 0.4170673076923077 0.08653846153846154 0.16706730769230768
0 0.5048076923076923 0.43028846153846156 0.038461538461538464 0.0625
0 0.13221153846153846 0.04326923076923077 0.027644230769230768 0.08653846153846154
0 0.2644230769230769 0.45072115384615385 0.030048076923076924 0.12860576923076922
0 0.5625 0.45913461538461536 0.036057692307692304 0.09254807692307693
0 0.4519230769230769 0.4675480769230769 0.038461538461538464 0.06971153846153846
0 0.38822115384615385 0.4831730769230769 0.057692307692307696 0.171875
0 0.6033653846153846 0.49399038461538464 0.036057692307692304 0.09254807692307693
0 0.5216346153846154 0.4951923076923077 0.03125 0.07932692307692307
0 0.7043269230769231 0.5252403846153846 0.09975961538461539 0.1814903846153846
0 0.8365384615384616 0.055288461538461536 0.05889423076923077 0.09735576923076923
0 0.2283653846153846 0.6430288461538461 0.17548076923076922 0.4567307692307692
0 0.3918269230769231 0.671875 0.04326923076923077 0.30649038461538464
0 0.6502403846153846 0.6814903846153846 0.052884615384615384 0.2776442307692308
0 0.3389423076923077 0.6887019230769231 0.0625 0.2608173076923077
0 0.5889423076923077 0.6911057692307693 0.08173076923076923 0.2536057692307692
0 0.5144230769230769 0.6983173076923077 0.051682692307692304 0.3004807692307692
0 0.23557692307692307 0.7019230769230769 0.12620192307692307 0.30528846153846156
0 0.4495192307692308 0.7055288461538461 0.05889423076923077 0.3004807692307692
0 0.7487980769230769 0.07692307692307693 0.030048076923076924 0.12139423076923077
0 0.9567307692307693 0.11899038461538461 0.042067307692307696 0.15264423076923078
0 0.8425480769230769 0.12620192307692307 0.03245192307692308 0.17067307692307693
0 0.040865384615384616 0.12860576923076922 0.06129807692307692 0.23076923076923078
0 0.47836538461538464 0.12860576923076922 0.038461538461538464 0.18269230769230768
0 0.8990384615384616 0.12860576923076922 0.04326923076923077 0.2439903846153846
0 0.7920673076923077 0.14182692307692307 0.0673076923076923 0.1466346153846154
0 0.7043269230769231 0.14302884615384615 0.046875 0.19110576923076922
0 0.5372596153846154 0.14423076923076922 0.06129807692307692 0.1935096153846154
0 0.08533653846153846 0.1466346153846154 0.04567307692307692 0.1875
0 0.6213942307692307 0.15264423076923078 0.07932692307692307 0.2620192307692308
0 0.140625 0.15985576923076922 0.056490384615384616 0.16706730769230768