0 0.009615384615384616 0.6610576923076923 0.019230769230769232 0.09254807692307693
0 0.06490384615384616 0.6802884615384616 0.03365384615384615 0.16826923076923078
0 0.05048076923076923 0.671875 0.028846153846153848 0.12980769230769232
0 0.12379807692307693 0.6802884615384616 0.026442307692307692 0.12259615384615384
0 0.15264423076923078 0.6802884615384616 0.03125 0.10697115384615384
0 0.12740384615384615 0.671875 0.040865384615384616 0.11298076923076923
0 0.171875 0.6682692307692307 0.02283653846153846 0.10576923076923077
0 0.1971153846153846 0.6790865384615384 0.040865384615384616 0.12379807692307693
0 0.21634615384615385 0.6850961538461539 0.051682692307692304 0.14182692307692307
0 0.24639423076923078 0.6766826923076923 0.03125 0.10817307692307693
0 0.29927884615384615 0.6706730769230769 0.020432692307692308 0.10216346153846154
0 0.31971153846153844 0.6850961538461539 0.038461538461538464 0.10216346153846154
0 0.3125 0.6742788461538461 0.038461538461538464 0.1141826923076923
0 0.36177884615384615 0.6766826923076923 0.03125 0.09615384615384616
0 0.3485576923076923 0.6754807692307693 0.02403846153846154 0.09014423076923077
0 0.3870192307692308 0.6550480769230769 0.020432692307692308 0.08653846153846154
0 0.41346153846153844 0.6706730769230769 0.025240384615384616 0.0985576923076923
0 0.4579326923076923 0.6826923076923077 0.028846153846153848 0.10336538461538461
0 0.4675480769230769 0.6694711538461539 0.014423076923076924 0.08774038461538461
0 0.4807692307692308 0.6610576923076923 0.010817307692307692 0.0625
0 0.4891826923076923 0.6826923076923077 0.020432692307692308 0.10697115384615384
0 0.5180288461538461 0.6706730769230769 0.026442307692307692 0.08173076923076923
0 0.5961538461538461 0.6826923076923077 0.02283653846153846 0.09254807692307693
0 0.6574519230769231 0.6658653846153846 0.020432692307692308 0.07692307692307693
0 0.7716346153846154 0.6706730769230769 0.015625 0.0673076923076923
0 0.921875 0.6586538461538461 0.018028846153846152 0.06129807692307692
0 0.9663461538461539 0.6586538461538461 0.020432692307692308 0.05889423076923077
0 0.9879807692307693 0.6634615384615384 0.013221153846153846 0.057692307692307696