0 0.0733173076923077 0.35336538461538464 0.14423076923076922 0.5432692307692307
0 0.18389423076923078 0.27163461538461536 0.1045673076923077 0.4110576923076923
0 0.3485576923076923 0.16105769230769232 0.08774038461538461 0.15625
0 0.7415865384615384 0.1935096153846154 0.14423076923076922 0.34615384615384615
0 0.9326923076923077 0.31490384615384615 0.08653846153846154 0.13221153846153846
0 0.859375 0.4831730769230769 0.15384615384615385 0.28125
0 0.6826923076923077 0.38461538461538464 0.3449519230769231 0.5372596153846154
0 0.3269230769230769 0.5865384615384616 0.47115384615384615 0.8269230769230769
0 0.3245192307692308 0.6009615384615384 0.3557692307692308 0.796875
0 0.5420673076923077 0.7644230769230769 0.2776442307692308 0.4699519230769231
0 0.7800480769230769 0.6983173076923077 0.41586538461538464 0.6021634615384616