0 0.45552884615384615 0.3629807692307692 0.05889423076923077 0.051682692307692304
0 0.5432692307692307 0.36538461538461536 0.037259615384615384 0.08653846153846154
0 0.25600961538461536 0.3737980769230769 0.03485576923076923 0.06370192307692307
0 0.1502403846153846 0.3858173076923077 0.042067307692307696 0.14182692307692307
0 0.3485576923076923 0.39663461538461536 0.038461538461538464 0.1201923076923077
0 0.4074519230769231 0.39903846153846156 0.036057692307692304 0.08173076923076923
0 0.5757211538461539 0.4026442307692308 0.057692307692307696 0.14182692307692307
0 0.5120192307692307 0.41346153846153844 0.055288461538461536 0.1346153846153846
0 0.20432692307692307 0.4170673076923077 0.046875 0.13221153846153846
0 0.44350961538461536 0.43028846153846156 0.05048076923076923 0.06971153846153846
0 0.7331730769230769 0.4519230769230769 0.07932692307692307 0.2439903846153846
0 0.3112980769230769 0.4519230769230769 0.06370192307692307 0.17307692307692307
0 0.3858173076923077 0.4543269230769231 0.051682692307692304 0.12860576923076922
0 0.6622596153846154 0.4579326923076923 0.0829326923076923 0.23798076923076922
0 0.8401442307692307 0.46274038461538464 0.10336538461538461 0.27403846153846156
0 0.6189903846153846 0.5661057692307693 0.1045673076923077 0.20192307692307693
0 0.5456730769230769 0.5733173076923077 0.06971153846153846 0.1658653846153846
0 0.48197115384615385 0.5757211538461539 0.078125 0.1875
0 0.12139423076923077 0.5889423076923077 0.12379807692307693 0.4579326923076923
0 0.8521634615384616 0.6081730769230769 0.056490384615384616 0.2091346153846154
0 0.9302884615384616 0.6262019230769231 0.1141826923076923 0.1875
0 0.4050480769230769 0.6394230769230769 0.109375 0.3125
0 0.7644230769230769 0.6418269230769231 0.10817307692307693 0.2800480769230769
0 0.2764423076923077 0.6754807692307693 0.13942307692307693 0.4375