0 0.5492788461538461 0.8617788461538461 0.040865384615384616 0.15264423076923078
0 0.5216346153846154 0.8533653846153846 0.03245192307692308 0.140625
0 0.5276442307692307 0.8389423076923077 0.04447115384615385 0.14783653846153846
0 0.6009615384615384 0.9110576923076923 0.04447115384615385 0.12860576923076922
0 0.6442307692307693 0.9086538461538461 0.04927884615384615 0.07211538461538461
0 0.7103365384615384 0.9182692307692307 0.055288461538461536 0.0889423076923077
0 0.7355769230769231 0.9158653846153846 0.04567307692307692 0.08052884615384616
0 0.7524038461538461 0.9350961538461539 0.051682692307692304 0.0673076923076923
0 0.7860576923076923 0.9170673076923077 0.04567307692307692 0.11057692307692307
0 0.8209134615384616 0.9399038461538461 0.05048076923076923 0.08533653846153846
0 0.8293269230769231 0.8978365384615384 0.042067307692307696 0.08653846153846154
0 0.8641826923076923 0.9447115384615384 0.052884615384615384 0.08653846153846154
0 0.9242788461538461 0.9567307692307693 0.06129807692307692 0.08653846153846154
0 0.9362980769230769 0.9302884615384616 0.05889423076923077 0.07451923076923077
0 0.9134615384615384 0.921875 0.055288461538461536 0.10697115384615384
0 0.8665865384615384 0.8990384615384616 0.021634615384615384 0.08052884615384616
0 0.9771634615384616 0.9411057692307693 0.04447115384615385 0.11778846153846154
0 0.6658653846153846 0.9771634615384616 0.038461538461538464 0.04567307692307692
0 0.6213942307692307 0.9735576923076923 0.028846153846153848 0.052884615384615384
0 0.5985576923076923 0.9675480769230769 0.03365384615384615 0.06490384615384616
0 0.5228365384615384 0.9711538461538461 0.04326923076923077 0.057692307692307696
0 0.39302884615384615 0.9314903846153846 0.046875 0.12139423076923077
0 0.33653846153846156 0.9230769230769231 0.036057692307692304 0.08173076923076923
0 0.3581730769230769 0.9591346153846154 0.046875 0.08173076923076923
0 0.32572115384615385 0.9759615384615384 0.037259615384615384 0.04807692307692308
0 0.6021634615384616 0.8509615384615384 0.03125 0.09134615384615384
0 0.6370192307692307 0.8605769230769231 0.04326923076923077 0.07572115384615384
0 0.6670673076923077 0.859375 0.038461538461538464 0.12379807692307693
0 0.6177884615384616 0.8221153846153846 0.021634615384615384 0.04927884615384615
0 0.6634615384615384 0.7788461538461539 0.02403846153846154 0.04807692307692308
0 0.5661057692307693 0.7115384615384616 0.03125 0.11057692307692307
0 0.5673076923076923 0.6586538461538461 0.028846153846153848 0.037259615384615384
0 0.04927884615384615 0.9507211538461539 0.055288461538461536 0.0985576923076923
0 0.007211538461538462 0.8076923076923077 0.014423076923076924 0.09615384615384616
0 0.054086538461538464 0.8233173076923077 0.09254807692307693 0.12860576923076922
0 0.0733173076923077 0.8100961538461539 0.039663461538461536 0.1201923076923077
0 0.14783653846153846 0.9230769230769231 0.0625 0.140625
0 0.09134615384615384 0.9230769230769231 0.056490384615384616 0.12379807692307693
0 0.20432692307692307 0.9098557692307693 0.057692307692307696 0.17427884615384615
0 0.05048076923076923 0.9074519230769231 0.05048076923076923 0.12259615384615384
0 0.16466346153846154 0.8677884615384616 0.038461538461538464 0.07932692307692307
0 0.12139423076923077 0.8653846153846154 0.04567307692307692 0.07932692307692307
0 0.21754807692307693 0.8737980769230769 0.07211538461538461 0.2127403846153846
0 0.14903846153846154 0.7872596153846154 0.036057692307692304 0.1310096153846154
0 0.12620192307692307 0.7776442307692307 0.028846153846153848 0.14423076923076922
0 0.1935096153846154 0.7548076923076923 0.03485576923076923 0.11899038461538461
0 0.14423076923076922 0.7271634615384616 0.027644230769230768 0.07451923076923077
0 0.1622596153846154 0.7536057692307693 0.026442307692307692 0.11057692307692307
0 0.19951923076923078 0.7235576923076923 0.027644230769230768 0.08533653846153846
0 0.19230769230769232 0.8341346153846154 0.03125 0.1141826923076923
0 0.2512019230769231 0.8353365384615384 0.04447115384615385 0.10336538461538461
0 0.29447115384615385 0.7956730769230769 0.04326923076923077 0.07572115384615384
0 0.2536057692307692 0.7920673076923077 0.036057692307692304 0.04927884615384615
0 0.22115384615384615 0.7391826923076923 0.025240384615384616 0.06610576923076923
0 0.2764423076923077 0.7295673076923077 0.05048076923076923 0.06129807692307692
0 0.27283653846153844 0.7415865384615384 0.03485576923076923 0.08052884615384616
0 0.25 0.734375 0.046875 0.051682692307692304
0 0.24879807692307693 0.7247596153846154 0.025240384615384616 0.036057692307692304
0 0.17668269230769232 0.7560096153846154 0.013221153846153846 0.052884615384615384
0 0.3161057692307692 0.71875 0.03365384615384615 0.08413461538461539
0 0.31971153846153844 0.7175480769230769 0.025240384615384616 0.08173076923076923
0 0.3389423076923077 0.6995192307692307 0.030048076923076924 0.052884615384615384
0 0.35096153846153844 0.7055288461538461 0.03485576923076923 0.06009615384615385
0 0.3605769230769231 0.6971153846153846 0.025240384615384616 0.06370192307692307
0 0.3737980769230769 0.6899038461538461 0.02403846153846154 0.06009615384615385
0 0.38461538461538464 0.6971153846153846 0.020432692307692308 0.06850961538461539
0 0.3954326923076923 0.6778846153846154 0.02283653846153846 0.05048076923076923
0 0.3918269230769231 0.6911057692307693 0.03125 0.07091346153846154
0 0.41346153846153844 0.6826923076923077 0.020432692307692308 0.056490384615384616
0 0.33413461538461536 0.8137019230769231 0.042067307692307696 0.11298076923076923
0 0.34134615384615385 0.7992788461538461 0.025240384615384616 0.0889423076923077
0 0.35697115384615385 0.7944711538461539 0.04326923076923077 0.12379807692307693
0 0.3605769230769231 0.7548076923076923 0.06370192307692307 0.04927884615384615
0 0.3737980769230769 0.7776442307692307 0.026442307692307692 0.10817307692307693
0 0.38822115384615385 0.734375 0.021634615384615384 0.040865384615384616
0 0.4254807692307692 0.7512019230769231 0.036057692307692304 0.09735576923076923
0 0.40865384615384615 0.7151442307692307 0.02403846153846154 0.042067307692307696
0 0.4423076923076923 0.7295673076923077 0.02403846153846154 0.06490384615384616
0 0.4387019230769231 0.6899038461538461 0.037259615384615384 0.05889423076923077
0 0.4639423076923077 0.7319711538461539 0.025240384615384616 0.08173076923076923
0 0.43509615384615385 0.6490384615384616 0.021634615384615384 0.055288461538461536
0 0.4423076923076923 0.6358173076923077 0.010817307692307692 0.021634615384615384
0 0.453125 0.6670673076923077 0.02403846153846154 0.08173076923076923
0 0.47475961538461536 0.7103365384615384 0.018028846153846152 0.056490384615384616
0 0.4735576923076923 0.6790865384615384 0.027644230769230768 0.036057692307692304
0 0.4735576923076923 0.6502403846153846 0.018028846153846152 0.04807692307692308
0 0.46153846153846156 0.6514423076923077 0.01201923076923077 0.055288461538461536
0 0.4807692307692308 0.6382211538461539 0.018028846153846152 0.051682692307692304
0 0.4963942307692308 0.640625 0.018028846153846152 0.06009615384615385
0 0.5048076923076923 0.6490384615384616 0.027644230769230768 0.042067307692307696
0 0.5348557692307693 0.6610576923076923 0.02283653846153846 0.03365384615384615
0 0.5144230769230769 0.6875 0.020432692307692308 0.051682692307692304
0 0.5829326923076923 0.6478365384615384 0.02403846153846154 0.0733173076923077
0 0.5384615384615384 0.6298076923076923 0.018028846153846152 0.03245192307692308
0 0.5552884615384616 0.609375 0.013221153846153846 0.03245192307692308
0 0.9951923076923077 0.5600961538461539 0.009615384615384616 0.06490384615384616
0 0.984375 0.5612980769230769 0.015625 0.04807692307692308
0 0.9615384615384616 0.5697115384615384 0.009615384615384616 0.03485576923076923
0 0.9399038461538461 0.5600961538461539 0.014423076923076924 0.04807692307692308
0 0.9495192307692307 0.5600961538461539 0.010817307692307692 0.04927884615384615
0 0.9242788461538461 0.5588942307692307 0.015625 0.04807692307692308
0 0.9254807692307693 0.5673076923076923 0.015625 0.030048076923076924
0 0.9098557692307693 0.5600961538461539 0.010817307692307692 0.040865384615384616
0 0.8966346153846154 0.5564903846153846 0.016826923076923076 0.046875
0 0.8858173076923077 0.5564903846153846 0.014423076923076924 0.04326923076923077
0 0.8774038461538461 0.5576923076923077 0.010817307692307692 0.038461538461538464
0 0.8665865384615384 0.5564903846153846 0.013221153846153846 0.040865384615384616
0 0.8557692307692307 0.5552884615384616 0.01201923076923077 0.042067307692307696
0 0.8473557692307693 0.5540865384615384 0.007211538461538462 0.027644230769230768
0 0.8377403846153846 0.5516826923076923 0.01201923076923077 0.040865384615384616
0 0.8305288461538461 0.5564903846153846 0.009615384615384616 0.03485576923076923
0 0.9483173076923077 0.49038461538461536 0.006009615384615385 0.014423076923076924
0 0.9519230769230769 0.4855769230769231 0.004807692307692308 0.014423076923076924
0 0.9519230769230769 0.48197115384615385 0.003605769230769231 0.01201923076923077
0 0.9555288461538461 0.5625 0.009615384615384616 0.037259615384615384
0 0.8028846153846154 0.5144230769230769 0.007211538461538462 0.019230769230769232
0 0.8269230769230769 0.48197115384615385 0.006009615384615385 0.019230769230769232
0 0.7704326923076923 0.484375 0.004807692307692308 0.016826923076923076
0 0.7788461538461539 0.4807692307692308 0.004807692307692308 0.016826923076923076
0 0.7524038461538461 0.48677884615384615 0.007211538461538462 0.014423076923076924
0 0.7475961538461539 0.4855769230769231 0.007211538461538462 0.01201923076923077
0 0.7355769230769231 0.4807692307692308 0.004807692307692308 0.019230769230769232
0 0.7391826923076923 0.4807692307692308 0.004807692307692308 0.020432692307692308
0 0.7427884615384616 0.4807692307692308 0.004807692307692308 0.016826923076923076
0 0.7283653846153846 0.48197115384615385 0.006009615384615385 0.019230769230769232
0 0.7199519230769231 0.484375 0.004807692307692308 0.018028846153846152
0 0.7091346153846154 0.484375 0.004807692307692308 0.019230769230769232
0 0.7007211538461539 0.484375 0.006009615384615385 0.019230769230769232
0 0.6826923076923077 0.484375 0.006009615384615385 0.014423076923076924
0 0.6694711538461539 0.4855769230769231 0.006009615384615385 0.016826923076923076
0 0.6454326923076923 0.48677884615384615 0.004807692307692308 0.016826923076923076
0 0.7055288461538461 0.5540865384615384 0.01201923076923077 0.026442307692307692
0 0.6959134615384616 0.5540865384615384 0.007211538461538462 0.025240384615384616
0 0.7512019230769231 0.5552884615384616 0.004807692307692308 0.026442307692307692
0 0.65625 0.5528846153846154 0.007211538461538462 0.025240384615384616
0 0.6682692307692307 0.546875 0.006009615384615385 0.009615384615384616
0 0.6622596153846154 0.5492788461538461 0.006009615384615385 0.014423076923076924
0 0.6310096153846154 0.5516826923076923 0.009615384615384616 0.025240384615384616
0 0.6201923076923077 0.5516826923076923 0.01201923076923077 0.026442307692307692
0 0.6117788461538461 0.5516826923076923 0.008413461538461538 0.026442307692307692
0 0.5865384615384616 0.5540865384615384 0.006009615384615385 0.021634615384615384
0 0.5649038461538461 0.5528846153846154 0.007211538461538462 0.020432692307692308
0 0.5540865384615384 0.5516826923076923 0.007211538461538462 0.020432692307692308
0 0.5264423076923077 0.5516826923076923 0.004807692307692308 0.018028846153846152
0 0.7307692307692307 0.5552884615384616 0.007211538461538462 0.026442307692307692
0 0.734375 0.5576923076923077 0.007211538461538462 0.027644230769230768
0 0.5805288461538461 0.6129807692307693 0.013221153846153846 0.021634615384615384
0 0.8401442307692307 0.48677884615384615 0.004807692307692308 0.009615384615384616
0 0.6286057692307693 0.4891826923076923 0.004807692307692308 0.016826923076923076
0 0.6358173076923077 0.4891826923076923 0.003605769230769231 0.014423076923076924
0 0.6382211538461539 0.4879807692307692 0.004807692307692308 0.015625
0 0.6069711538461539 0.47716346153846156 0.003605769230769231 0.01201923076923077
0 0.5949519230769231 0.46634615384615385 0.004807692307692308 0.01201923076923077
0 0.4423076923076923 0.5757211538461539 0.007211538461538462 0.014423076923076924
0 0.4519230769230769 0.578125 0.007211538461538462 0.018028846153846152
0 0.46875 0.5793269230769231 0.007211538461538462 0.013221153846153846
0 0.5769230769230769 0.6045673076923077 0.008413461538461538 0.026442307692307692
0 0.15504807692307693 0.8329326923076923 0.037259615384615384 0.057692307692307696
0 0.8545673076923077 0.5552884615384616 0.013221153846153846 0.042067307692307696
0 0.6550480769230769 0.484375 0.006009615384615385 0.020432692307692308