0 0.8305288461538461 0.7632211538461539 0.09134615384615384 0.3245192307692308
0 0.6742788461538461 0.7980769230769231 0.08413461538461539 0.40384615384615385
0 0.5600961538461539 0.8088942307692307 0.09975961538461539 0.38100961538461536
0 0.3858173076923077 0.7103365384615384 0.056490384615384616 0.203125
0 0.4014423076923077 0.7091346153846154 0.027644230769230768 0.18990384615384615
0 0.4026442307692308 0.6322115384615384 0.026442307692307692 0.05048076923076923
0 0.5961538461538461 0.734375 0.054086538461538464 0.22716346153846154
0 0.5264423076923077 0.7235576923076923 0.04807692307692308 0.23197115384615385
0 0.5012019230769231 0.7019230769230769 0.038461538461538464 0.17067307692307693
0 0.4651442307692308 0.6754807692307693 0.028846153846153848 0.140625
0 0.4375 0.6574519230769231 0.028846153846153848 0.11778846153846154
0 0.4519230769230769 0.6754807692307693 0.020432692307692308 0.1310096153846154
0 0.6213942307692307 0.6706730769230769 0.020432692307692308 0.05048076923076923
0 0.7163461538461539 0.6622596153846154 0.03485576923076923 0.057692307692307696
0 0.056490384615384616 0.8040865384615384 0.11177884615384616 0.21634615384615385
0 0.037259615384615384 0.7115384615384616 0.057692307692307696 0.0985576923076923
0 0.7668269230769231 0.6682692307692307 0.030048076923076924 0.09014423076923077
0 0.359375 0.6478365384615384 0.025240384615384616 0.0829326923076923
0 0.27283653846153844 0.671875 0.04326923076923077 0.09615384615384616
0 0.2824519230769231 0.6730769230769231 0.030048076923076924 0.08052884615384616
0 0.30408653846153844 0.6394230769230769 0.019230769230769232 0.08052884615384616
0 0.31009615384615385 0.6394230769230769 0.016826923076923076 0.08052884615384616
0 0.21153846153846154 0.6334134615384616 0.021634615384615384 0.05889423076923077
0 0.19591346153846154 0.6394230769230769 0.021634615384615384 0.07211538461538461
0 0.18028846153846154 0.6382211538461539 0.016826923076923076 0.052884615384615384
0 0.15865384615384615 0.6310096153846154 0.016826923076923076 0.06370192307692307
0 0.13221153846153846 0.6262019230769231 0.014423076923076924 0.054086538461538464
0 0.28365384615384615 0.640625 0.025240384615384616 0.0733173076923077
0 0.41947115384615385 0.6274038461538461 0.014423076923076924 0.057692307692307696
0 0.4230769230769231 0.6370192307692307 0.021634615384615384 0.055288461538461536