0 0.028846153846153848 0.6899038461538461 0.056490384615384616 0.44591346153846156
0 0.04927884615384615 0.49158653846153844 0.03485576923076923 0.09254807692307693
0 0.125 0.5084134615384616 0.028846153846153848 0.06850961538461539
0 0.19110576923076922 0.5084134615384616 0.05048076923076923 0.08653846153846154
0 0.22716346153846154 0.6189903846153846 0.1502403846153846 0.3425480769230769
0 0.38100961538461536 0.6225961538461539 0.10576923076923077 0.3629807692307692
0 0.2776442307692308 0.5408653846153846 0.028846153846153848 0.16105769230769232
0 0.3137019230769231 0.5432692307692307 0.046875 0.17067307692307693
0 0.4026442307692308 0.5480769230769231 0.039663461538461536 0.15985576923076922
0 0.4375 0.5324519230769231 0.03365384615384615 0.15745192307692307
0 0.46274038461538464 0.5240384615384616 0.02283653846153846 0.1201923076923077
0 0.47836538461538464 0.5360576923076923 0.04447115384615385 0.13942307692307693
0 0.5072115384615384 0.5192307692307693 0.03245192307692308 0.140625
0 0.5144230769230769 0.5360576923076923 0.039663461538461536 0.15745192307692307
0 0.5432692307692307 0.5432692307692307 0.046875 0.17307692307692307
0 0.5901442307692307 0.5324519230769231 0.028846153846153848 0.1346153846153846
0 0.6237980769230769 0.7079326923076923 0.09134615384615384 0.14543269230769232
0 0.6201923076923077 0.5552884615384616 0.08533653846153846 0.3112980769230769
0 0.6670673076923077 0.515625 0.03125 0.13942307692307693
0 0.6923076923076923 0.6177884615384616 0.09495192307692307 0.3245192307692308
0 0.7596153846153846 0.5192307692307693 0.04807692307692308 0.1466346153846154
0 0.8052884615384616 0.5204326923076923 0.054086538461538464 0.15264423076923078
0 0.8149038461538461 0.5180288461538461 0.052884615384615384 0.15625
0 0.8665865384615384 0.5997596153846154 0.08774038461538461 0.29447115384615385
0 0.9375 0.49158653846153844 0.04567307692307692 0.07451923076923077