0 0.6358173076923077 0.8221153846153846 0.019230769230769232 0.0985576923076923
0 0.6466346153846154 0.8882211538461539 0.037259615384615384 0.09014423076923077
0 0.6850961538461539 0.8641826923076923 0.02403846153846154 0.04927884615384615
0 0.6995192307692307 0.9122596153846154 0.039663461538461536 0.0985576923076923
0 0.7475961538461539 0.8798076923076923 0.030048076923076924 0.10336538461538461
0 0.7019230769230769 0.8185096153846154 0.025240384615384616 0.07091346153846154
0 0.7235576923076923 0.8185096153846154 0.027644230769230768 0.0625
0 0.7463942307692307 0.8221153846153846 0.026442307692307692 0.06370192307692307
0 0.7728365384615384 0.828125 0.03245192307692308 0.07451923076923077
0 0.8245192307692307 0.9483173076923077 0.04447115384615385 0.0985576923076923
0 0.859375 0.9134615384615384 0.039663461538461536 0.07451923076923077
0 0.7319711538461539 0.7271634615384616 0.02403846153846154 0.04927884615384615
0 0.7259615384615384 0.7391826923076923 0.015625 0.038461538461538464
0 0.7884615384615384 0.828125 0.019230769230769232 0.07091346153846154