0 0.6418269230769231 0.4362980769230769 0.11899038461538461 0.8221153846153846
0 0.9170673076923077 0.43149038461538464 0.1658653846153846 0.8329326923076923
0 0.7596153846153846 0.5036057692307693 0.23677884615384615 0.9879807692307693
0 0.48677884615384615 0.46634615384615385 0.16346153846153846 0.7319711538461539
0 0.375 0.35216346153846156 0.09615384615384616 0.625
0 0.28125 0.6682692307692307 0.23918269230769232 0.41225961538461536
0 0.28846153846153844 0.25240384615384615 0.125 0.5048076923076923
0 0.17067307692307693 0.4362980769230769 0.13822115384615385 0.7728365384615384
0 0.06971153846153846 0.46153846153846156 0.13942307692307693 0.8870192307692307
0 0.828125 0.14783653846153846 0.09014423076923077 0.2247596153846154
0 0.47836538461538464 0.3918269230769231 0.11899038461538461 0.5925480769230769
0 0.3629807692307692 0.08173076923076923 0.0985576923076923 0.15745192307692307
0 0.25 0.07091346153846154 0.04447115384615385 0.13221153846153846
0 0.1875 0.3016826923076923 0.10576923076923077 0.5925480769230769