0 0.13951612903225807 0.6884057971014492 0.1338709677419355 0.45410628019323673
0 0.41935483870967744 0.532608695652174 0.025806451612903226 0.11352657004830918
0 0.43790322580645163 0.535024154589372 0.027419354838709678 0.11352657004830918
0 0.4612903225806452 0.5362318840579711 0.02903225806451613 0.1111111111111111
0 0.47580645161290325 0.538647342995169 0.025806451612903226 0.10628019323671498
0 0.5298387096774193 0.5253623188405797 0.017741935483870968 0.10869565217391304
0 0.5556451612903226 0.5301932367149759 0.024193548387096774 0.11835748792270531
0 0.5040322580645161 0.6413043478260869 0.11129032258064517 0.30193236714975846
0 0.682258064516129 0.6376811594202898 0.09032258064516129 0.3140096618357488
0 0.7661290322580645 0.6352657004830918 0.07419354838709677 0.33816425120772947
0 0.7693548387096775 0.6799516908212561 0.14516129032258066 0.3695652173913043
0 0.9088709677419354 0.5 0.027419354838709678 0.07246376811594203
0 0.9209677419354839 0.4975845410628019 0.02258064516129032 0.0821256038647343
0 0.942741935483871 0.6521739130434783 0.09193548387096774 0.2608695652173913