0 0.196 0.7532621589561092 0.11866666666666667 0.49110320284697506
0 0.22133333333333333 0.6844602609727165 0.06933333333333333 0.46026097271648875
0 0.2683333333333333 0.6909845788849348 0.066 0.5255041518386714
0 0.31966666666666665 0.701067615658363 0.08866666666666667 0.2870699881376038
0 0.3466666666666667 0.5782918149466192 0.06533333333333333 0.18861209964412812
0 0.4206666666666667 0.5379596678529063 0.092 0.24080664294187426
0 0.525 0.5539739027283511 0.059333333333333335 0.2704626334519573
0 0.5693333333333334 0.5931198102016607 0.09066666666666667 0.3274021352313167
0 0.6083333333333333 0.6530249110320284 0.09533333333333334 0.3309608540925267
0 0.6776666666666666 0.6832740213523132 0.11666666666666667 0.31316725978647686
0 0.74 0.7425860023724793 0.072 0.1376037959667853
0 0.6263333333333333 0.4744958481613286 0.074 0.14709371293001186
0 0.878 0.5723606168446026 0.08266666666666667 0.3879003558718861
0 0.733 0.5326215895610913 0.06733333333333333 0.3013048635824436
0 0.787 0.4638196915776987 0.078 0.166073546856465
0 0.0006384444444444444 0.0006451848943712015 0.00005733333333333331 0.00026595407859576254
0 0.9366666666666666 0.5338078291814946 0.064 0.31791221826809013
0 0.8453333333333334 0.3190984578884935 0.04 0.09015421115065243
0 0.655 0.3564650059311981 0.04466666666666667 0.22419928825622776
0 0.38166666666666665 0.4080664294187426 0.062 0.21352313167259787
0 0.3283333333333333 0.32977461447212336 0.034 0.1257413997627521
0 0.3353333333333333 0.4258600237247924 0.06533333333333333 0.13048635824436536
0 0.30433333333333334 0.47983392645314354 0.051333333333333335 0.2099644128113879
0 0.24933333333333332 0.3036773428232503 0.052 0.166073546856465
0 0.215 0.28173190984578883 0.04066666666666666 0.12455516014234876
0 0.17633333333333334 0.2918149466192171 0.046 0.1708185053380783
0 0.25133333333333335 0.4543297746144721 0.04533333333333334 0.1494661921708185
0 0.22166666666666668 0.4080664294187426 0.043333333333333335 0.13523131672597866
0 0.20866666666666667 0.47805456702253857 0.072 0.1423487544483986
0 0.168 0.44780545670225386 0.05466666666666667 0.20284697508896798
0 0.11366666666666667 0.5652431791221827 0.08733333333333333 0.3404507710557533
0 0.14033333333333334 0.4359430604982206 0.059333333333333335 0.1435349940688019
0 0.06566666666666666 0.41755634638196915 0.066 0.22301304863582444
0 0.36233333333333334 0.8131672597864769 0.15933333333333333 0.3096085409252669
0 0.642 0.39798339264531435 0.036 0.16725978647686832
0 0.5843333333333334 0.3861209964412811 0.054 0.15302491103202848
0 0.55 0.4389086595492289 0.036 0.27283511269276395
0 0.4166666666666667 0.3683274021352313 0.048 0.18386714116251482
0 0.45266666666666666 0.3837485172004745 0.04 0.21233689205219455
0 0.48633333333333334 0.38552787663107946 0.034 0.18030842230130487
0 0.08433333333333333 0.32147093712930014 0.034 0.09727164887307237
0 0.09166666666666666 0.27402135231316727 0.03266666666666666 0.0830367734282325
0 0.212 0.22597864768683273 0.02666666666666667 0.05812574139976275
0 0.35533333333333333 0.32680901542111507 0.036 0.12930011862396204
0 0.378 0.28944246737841045 0.030666666666666665 0.07591933570581258
0 0.615 0.3291814946619217 0.03266666666666666 0.1269276393831554
0 0.5803333333333334 0.3084223013048636 0.034 0.08540925266903915
0 0.6173333333333333 0.33629893238434166 0.029333333333333333 0.14590747330960854
0 0.698 0.4561091340450771 0.048 0.2977461447212337
0 0.7226666666666667 0.31316725978647686 0.03866666666666667 0.09252669039145907
0 0.7073333333333334 0.28944246737841045 0.025333333333333333 0.045077105575326216
0 0.7683333333333333 0.3368920521945433 0.042 0.14709371293001186
0 0.7973333333333333 0.3748517200474496 0.04 0.06880189798339265
0 0.824 0.3333333333333333 0.029333333333333333 0.10676156583629894
0 0.8466666666666667 0.4750889679715303 0.06266666666666666 0.32858837485172004
0 0.884 0.3748517200474496 0.042666666666666665 0.12811387900355872
0 0.936 0.4169632265717675 0.05733333333333333 0.2147093712930012
0 0.921 0.3600237247924081 0.038 0.05812574139976275
0 0.9856666666666667 0.3125741399762752 0.026 0.1269276393831554
0 0.03666666666666667 0.39086595492289444 0.06133333333333333 0.27876631079478054
0 0.316 0.3529062870699881 0.030666666666666665 0.06761565836298933
0 0.7253333333333334 0.3790035587188612 0.02666666666666667 0.08185053380782918
0 0.7473333333333333 0.40213523131672596 0.05333333333333334 0.09252669039145907