0 0.31490384615384615 0.5072115384615384 0.039663461538461536 0.12139423076923077
0 0.37259615384615385 0.5 0.03365384615384615 0.10697115384615384
0 0.10817307692307693 0.5240384615384616 0.03485576923076923 0.16947115384615385
0 0.13942307692307693 0.53125 0.07451923076923077 0.23918269230769232
0 0.19230769230769232 0.5204326923076923 0.04326923076923077 0.15144230769230768
0 0.24158653846153846 0.5240384615384616 0.04326923076923077 0.16105769230769232
0 0.2668269230769231 0.5132211538461539 0.03365384615384615 0.12139423076923077
0 0.36177884615384615 0.4987980769230769 0.010817307692307692 0.07451923076923077
0 0.35096153846153844 0.4987980769230769 0.016826923076923076 0.07211538461538461
0 0.3389423076923077 0.4987980769230769 0.015625 0.0673076923076923
0 0.9314903846153846 0.46153846153846156 0.010817307692307692 0.055288461538461536
0 0.9483173076923077 0.4699519230769231 0.020432692307692308 0.06129807692307692
0 0.953125 0.4651442307692308 0.015625 0.06129807692307692
0 0.4987980769230769 0.6201923076923077 0.24759615384615385 0.6358173076923077