0 0.027644230769230768 0.7788461538461539 0.054086538461538464 0.27283653846153844
0 0.051682692307692304 0.6911057692307693 0.10336538461538461 0.36658653846153844
0 0.06129807692307692 0.5757211538461539 0.08653846153846154 0.25841346153846156
0 0.04326923076923077 0.36899038461538464 0.08533653846153846 0.23076923076923078
0 0.2536057692307692 0.17548076923076922 0.06490384615384616 0.11778846153846154
0 0.25841346153846156 0.2764423076923077 0.057692307692307696 0.20192307692307693
0 0.17548076923076922 0.4230769230769231 0.06129807692307692 0.2247596153846154
0 0.20432692307692307 0.6237980769230769 0.08774038461538461 0.2932692307692308
0 0.21875 0.5576923076923077 0.07692307692307693 0.2764423076923077
0 0.25600961538461536 0.4891826923076923 0.0829326923076923 0.26802884615384615
0 0.3870192307692308 0.6430288461538461 0.11778846153846154 0.3713942307692308
0 0.6875 0.6706730769230769 0.16346153846153846 0.4026442307692308
0 0.3485576923076923 0.28846153846153844 0.057692307692307696 0.15985576923076922
0 0.35336538461538464 0.3269230769230769 0.05889423076923077 0.2439903846153846
0 0.3894230769230769 0.5661057692307693 0.07692307692307693 0.30528846153846156
0 0.3762019230769231 0.4483173076923077 0.08052884615384616 0.1658653846153846
0 0.37259615384615385 0.3641826923076923 0.06971153846153846 0.12620192307692307
0 0.4795673076923077 0.5324519230769231 0.09375 0.29086538461538464
0 0.49158653846153844 0.3942307692307692 0.07211538461538461 0.16466346153846154
0 0.5048076923076923 0.2548076923076923 0.051682692307692304 0.12379807692307693
0 0.5144230769230769 0.3125 0.042067307692307696 0.0829326923076923
0 0.5432692307692307 0.421875 0.07211538461538461 0.2536057692307692
0 0.5865384615384616 0.5204326923076923 0.07932692307692307 0.26802884615384615
0 0.6045673076923077 0.4375 0.07572115384615384 0.24278846153846154
0 0.6478365384615384 0.39663461538461536 0.06610576923076923 0.20673076923076922
0 0.6730769230769231 0.31490384615384615 0.052884615384615384 0.11177884615384616
0 0.7331730769230769 0.2668269230769231 0.04567307692307692 0.08413461538461539
0 0.7355769230769231 0.3076923076923077 0.056490384615384616 0.09254807692307693
0 0.7127403846153846 0.36177884615384615 0.042067307692307696 0.1045673076923077
0 0.7463942307692307 0.36899038461538464 0.0673076923076923 0.09254807692307693
0 0.6838942307692307 0.41586538461538464 0.07692307692307693 0.10096153846153846
0 0.6802884615384616 0.46875 0.08173076923076923 0.15985576923076922
0 0.7451923076923077 0.6057692307692307 0.0985576923076923 0.3449519230769231
0 0.7379807692307693 0.4014423076923077 0.05048076923076923 0.09254807692307693
0 0.7740384615384616 0.44350961538461536 0.0625 0.12259615384615384
0 0.8209134615384616 0.5576923076923077 0.09975961538461539 0.36177884615384615
0 0.8774038461538461 0.5276442307692307 0.08653846153846154 0.296875
0 0.9266826923076923 0.4362980769230769 0.078125 0.21995192307692307
0 0.6971153846153846 0.18269230769230768 0.039663461538461536 0.1814903846153846
0 0.7235576923076923 0.19591346153846154 0.042067307692307696 0.1622596153846154
0 0.7632211538461539 0.18870192307692307 0.036057692307692304 0.16346153846153846
0 0.7800480769230769 0.17668269230769232 0.037259615384615384 0.17067307692307693
0 0.8473557692307693 0.19951923076923078 0.04447115384615385 0.17427884615384615
0 0.8389423076923077 0.1875 0.03485576923076923 0.17548076923076922
0 0.9098557692307693 0.18629807692307693 0.052884615384615384 0.1814903846153846
0 0.8942307692307693 0.16346153846153846 0.038461538461538464 0.19471153846153846
0 0.9783653846153846 0.11298076923076923 0.040865384615384616 0.18509615384615385
0 0.7512019230769231 0.06009615384615385 0.020432692307692308 0.06971153846153846
0 0.6466346153846154 0.037259615384615384 0.020432692307692308 0.0673076923076923
0 0.6646634615384616 0.039663461538461536 0.015625 0.0625
0 0.6766826923076923 0.038461538461538464 0.016826923076923076 0.06610576923076923
0 0.7079326923076923 0.03485576923076923 0.02283653846153846 0.06850961538461539
0 0.40384615384615385 0.37259615384615385 0.07572115384615384 0.24879807692307693