0 0.02403846153846154 0.8221153846153846 0.04807692307692308 0.35096153846153844
0 0.14783653846153846 0.7163461538461539 0.040865384615384616 0.18389423076923078
0 0.1622596153846154 0.8293269230769231 0.08413461538461539 0.34134615384615385
0 0.2091346153846154 0.8185096153846154 0.05889423076923077 0.3293269230769231
0 0.36658653846153844 0.8064903846153846 0.10817307692307693 0.3125
0 0.3713942307692308 0.8028846153846154 0.0985576923076923 0.28365384615384615
0 0.5649038461538461 0.765625 0.0733173076923077 0.2091346153846154
0 0.7908653846153846 0.7584134615384616 0.057692307692307696 0.2091346153846154
0 0.9266826923076923 0.7536057692307693 0.06490384615384616 0.24639423076923078
0 0.9254807692307693 0.7415865384615384 0.05048076923076923 0.21995192307692307
0 0.9879807692307693 0.6995192307692307 0.02283653846153846 0.10697115384615384
0 0.9747596153846154 0.8185096153846154 0.05048076923076923 0.2776442307692308