0 0.16346153846153846 0.7740384615384616 0.1658653846153846 0.265625
0 0.3245192307692308 0.75 0.16105769230769232 0.28966346153846156
0 0.4579326923076923 0.7596153846153846 0.17908653846153846 0.19951923076923078
0 0.5769230769230769 0.7199519230769231 0.08653846153846154 0.13822115384615385
0 0.6286057692307693 0.7163461538461539 0.054086538461538464 0.1346153846153846
0 0.6622596153846154 0.71875 0.07572115384615384 0.17067307692307693
0 0.6995192307692307 0.6502403846153846 0.04326923076923077 0.06009615384615385
0 0.7091346153846154 0.6694711538461539 0.06610576923076923 0.055288461538461536
0 0.765625 0.6646634615384616 0.036057692307692304 0.038461538461538464
0 0.7379807692307693 0.7740384615384616 0.16346153846153846 0.24879807692307693
0 0.8245192307692307 0.7283653846153846 0.09735576923076923 0.19951923076923078
0 0.9134615384615384 0.7752403846153846 0.13942307692307693 0.25
0 0.26322115384615385 0.5048076923076923 0.04447115384615385 0.08052884615384616
0 0.32211538461538464 0.5528846153846154 0.04567307692307692 0.05889423076923077
0 0.44471153846153844 0.45552884615384615 0.027644230769230768 0.042067307692307696
0 0.4651442307692308 0.46033653846153844 0.028846153846153848 0.042067307692307696
0 0.49278846153846156 0.45552884615384615 0.026442307692307692 0.018028846153846152
0 0.5204326923076923 0.4675480769230769 0.02403846153846154 0.04567307692307692
0 0.5396634615384616 0.4723557692307692 0.026442307692307692 0.04807692307692308
0 0.4807692307692308 0.4483173076923077 0.025240384615384616 0.04447115384615385
0 0.5204326923076923 0.43028846153846156 0.014423076923076924 0.03365384615384615
0 0.5060096153846154 0.42908653846153844 0.018028846153846152 0.036057692307692304
0 0.5420673076923077 0.41586538461538464 0.013221153846153846 0.025240384615384616
0 0.5 0.4074519230769231 0.018028846153846152 0.028846153846153848
0 0.5180288461538461 0.39783653846153844 0.014423076923076924 0.02283653846153846