0 0.01201923076923077 0.2536057692307692 0.02403846153846154 0.04567307692307692
0 0.22716346153846154 0.2512019230769231 0.03365384615384615 0.038461538461538464
0 0.26802884615384615 0.25240384615384615 0.03365384615384615 0.03245192307692308
0 0.26802884615384615 0.23677884615384615 0.026442307692307692 0.026442307692307692
0 0.3112980769230769 0.26802884615384615 0.078125 0.05889423076923077
0 0.7151442307692307 0.265625 0.0673076923076923 0.08173076923076923
0 0.7067307692307693 0.296875 0.04326923076923077 0.038461538461538464
0 0.8100961538461539 0.23076923076923078 0.038461538461538464 0.03125
0 0.8365384615384616 0.25961538461538464 0.11177884615384616 0.09975961538461539
0 0.1814903846153846 0.3473557692307692 0.23677884615384615 0.25
0 0.33413461538461536 0.4543269230769231 0.2512019230769231 0.42788461538461536
0 0.578125 0.38221153846153844 0.21033653846153846 0.2704326923076923
0 0.7427884615384616 0.3701923076923077 0.16826923076923078 0.2692307692307692
0 0.8990384615384616 0.42908653846153844 0.20072115384615385 0.47716346153846156
0 0.16706730769230768 0.5504807692307693 0.27283653846153844 0.3545673076923077
0 0.4230769230769231 0.4987980769230769 0.21634615384615385 0.24759615384615385
0 0.6322115384615384 0.5805288461538461 0.25240384615384615 0.32572115384615385
0 0.7860576923076923 0.5661057692307693 0.26322115384615385 0.3076923076923077
0 0.4519230769230769 0.6430288461538461 0.3713942307692308 0.2920673076923077