0 0.05351500789889416 0.8590159104301709 0.04818325434439179 0.23836181496758987
0 0.08609794628751975 0.8954036535061873 0.10979462875197472 0.20860341779611077
0 0.07533570300157978 0.7639952857984679 0.029028436018957347 0.0553918680023571
0 0.17140600315955767 0.8898055391868003 0.0825434439178515 0.2197996464348851
0 0.17308451816745657 0.759428403064231 0.03218799368088467 0.082203889216264
0 0.20458135860979462 0.7118444313494402 0.009478672985781991 0.04124926340601061
0 0.21317140600315956 0.7069829110194461 0.007701421800947867 0.014437242192103713
0 0.21050552922590837 0.7903653506187389 0.02764612954186414 0.16175604007071304
0 0.2320300157977883 0.7377725397760754 0.02843601895734597 0.05598114319387154
0 0.23094391785150079 0.8093694755450795 0.027053712480252765 0.136122569239835
0 0.24891390205371247 0.8335297583971715 0.04561611374407583 0.1915144372421921
0 0.2551342812006319 0.7296700058927519 0.025671406003159557 0.038008249852681204
0 0.28050947867298576 0.7967000589275192 0.038902053712480254 0.16558632881555688
0 0.2568127962085308 0.7041838538597525 0.02231437598736177 0.04714201532115498
0 0.28890205371248023 0.713022981732469 0.015402843601895734 0.054213317619328225
0 0.34024486571879936 0.6868002357100766 0.01066350710900474 0.018267530936947555
0 0.30114533965244866 0.7261343547436653 0.01579778830963665 0.06157925751325869
0 0.3149684044233807 0.7066882734236889 0.006714060031595577 0.015026517383618149
0 0.3328396524486572 0.6984384207424867 0.01165086887835703 0.028579846788450207
0 0.3468601895734597 0.7040365350618739 0.012440758293838863 0.026812021213906894
0 0.30785939968404424 0.8899528579846788 0.06990521327014218 0.21950500883912788
0 0.3729265402843602 0.8292575132586918 0.08590047393364929 0.13582793164407778
0 0.3566350710900474 0.7362993517972893 0.023696682464454975 0.049499116087212726
0 0.3773696682464455 0.7779905715969357 0.03475513428120063 0.08456098998232174
0 0.3704581358609795 0.7258397171479081 0.026856240126382307 0.05568650559811432
0 0.4076816745655608 0.7069829110194461 0.014415481832543445 0.03152622274602239
0 0.4428317535545024 0.716853270477313 0.019944707740916272 0.04714201532115498
0 0.419826224328594 0.7852091926929876 0.05173775671406003 0.13435474366529168
0 0.4096563981042654 0.8931938715380082 0.07800157977883096 0.21302298173246906
0 0.4657385466034755 0.8753682969946965 0.05667456556082148 0.2486741308190925
0 0.00010166082672596451 0.00025561591063851804 0.000009592851313612309 0.00007821699286306836
0 0.5509478672985783 0.88877430760165 0.0730647709320695 0.22127283441367118
0 0.38398499210110587 0.7060989982321745 0.01915481832543444 0.02740129640542133
0 0.3553515007898894 0.6728049499116088 0.008886255924170616 0.02150854449027696
0 0.4585308056872038 0.7125810253388333 0.01263823064770932 0.03211549793753683
0 0.47541469194312796 0.713022981732469 0.014415481832543445 0.03358868591632292
0 0.4907187993680885 0.7131703005303477 0.01579778830963665 0.03741897466116677
0 0.4799565560821485 0.7274602239245728 0.01165086887835703 0.02592810842663524
0 0.4455963665086888 0.7883028874484385 0.03060821484992101 0.14172068355922215
0 0.4256516587677725 0.7223040659988215 0.018364928909952605 0.03918680023571008
0 0.4189375987361769 0.7019740718915733 0.015995260663507108 0.03624042427813789
0 0.5410742496050553 0.7357100766057749 0.03238546603475513 0.09192692987625221
0 0.5825434439178515 0.8410430170889805 0.046998420221169034 0.2165586328815557
0 0.5846169036334913 0.7196523276370065 0.032582938388625596 0.05156157925751326
0 0.6016982622432859 0.763553329404832 0.02843601895734597 0.10518562168532705
0 0.6150276461295419 0.882734236888627 0.054699842022116904 0.2339422510312316
0 0.6416864139020537 0.8895109015910431 0.10248815165876778 0.22038892162639953
0 0.6619273301737757 0.8189451974071892 0.06121642969984202 0.13641720683559222
0 0.7223538704581358 0.8716853270477313 0.08688783570300158 0.256040070713023
0 0.9842022116903634 0.8059811431938715 0.031200631911532384 0.17472009428403065
0 0.9484597156398105 0.8260164997053624 0.038704581358609796 0.22068355922215674
0 0.9140007898894155 0.8681496758986447 0.04877567140600316 0.26311137301119625
0 0.9120260663507109 0.7716558632881556 0.0523301737756714 0.12315851502651738
0 0.0001691032509003242 0.000256484023766854 0.00001150362251022613 0.00007648076660639647
0 0.8671998420221169 0.7776959340011785 0.03613744075829384 0.1470241602828521
0 0.803416271721959 0.8366234531526223 0.040086887835703 0.19239835002946376
0 0.7679699842022117 0.8190925162050677 0.045023696682464455 0.2215674720094284
0 0.7456556082148499 0.7729817324690631 0.031200631911532384 0.15880966411314085
0 0.8095379146919431 0.8061284619917501 0.040086887835703 0.17796110783736005
0 0.8967219589257504 0.7404242781378904 0.018167456556082148 0.046552740129640544
0 0.9328593996840442 0.728491455509723 0.012243285939968405 0.04449027695934001
0 0.967219589257504 0.7279021803182086 0.012243285939968405 0.035061873895109015
0 0.954285150078989 0.796405421331762 0.027843601895734597 0.18385385975250443
0 0.8833925750394944 0.7413081909251621 0.021919431279620854 0.08249852681202122
0 0.49229857819905215 0.7794637595757219 0.022906793048973143 0.12404242781378903
0 0.5279423380726699 0.75 0.02744865718799368 0.05981143193871538
0 0.4682069510268562 0.736446670595168 0.026066350710900472 0.058043606364172065
0 0.3991903633491311 0.7510312315851503 0.018759873617693525 0.037124337065409546
0 0.3496248025276461 0.7102239245727755 0.010071090047393365 0.020329994107248086
0 0.3240521327014218 0.704773129051267 0.010268562401263823 0.019446081319976428
0 0.305193522906793 0.699469652327637 0.015995260663507108 0.030053034767236298
0 0.18601895734597157 0.759428403064231 0.019747235387045814 0.07336476134354744
0 0.320695102685624 0.734531526222746 0.019352290679304898 0.04890984089569829
0 0.3048973143759874 0.733794932233353 0.016587677725118485 0.03388332351208014
0 0.28001579778830965 0.718326458456099 0.019747235387045814 0.04301708898055392