0 0.08653846153846154 0.06129807692307692 0.04927884615384615 0.12139423076923077
0 0.038461538461538464 0.13581730769230768 0.055288461538461536 0.24519230769230768
0 0.08774038461538461 0.16105769230769232 0.06009615384615385 0.19471153846153846
0 0.13581730769230768 0.1658653846153846 0.04807692307692308 0.18629807692307693
0 0.13341346153846154 0.05889423076923077 0.038461538461538464 0.11778846153846154
0 0.18028846153846154 0.0829326923076923 0.055288461538461536 0.16466346153846154
0 0.23317307692307693 0.06370192307692307 0.04326923076923077 0.12740384615384615
0 0.203125 0.3269230769230769 0.054086538461538464 0.22956730769230768
0 0.2620192307692308 0.2956730769230769 0.04807692307692308 0.18870192307692307
0 0.2980769230769231 0.35336538461538464 0.051682692307692304 0.13341346153846154
0 0.3942307692307692 0.3329326923076923 0.10576923076923077 0.22235576923076922
0 0.4074519230769231 0.2776442307692308 0.038461538461538464 0.12139423076923077
0 0.47475961538461536 0.3545673076923077 0.06490384615384616 0.24639423076923078
0 0.5348557692307693 0.34134615384615385 0.056490384615384616 0.21033653846153846
0 0.4831730769230769 0.12139423076923077 0.057692307692307696 0.15264423076923078
0 0.5300480769230769 0.07572115384615384 0.036057692307692304 0.10216346153846154
0 0.546875 0.15865384615384615 0.07091346153846154 0.22355769230769232
0 0.6153846153846154 0.16346153846153846 0.06129807692307692 0.21514423076923078
0 0.6923076923076923 0.1141826923076923 0.0673076923076923 0.22716346153846154
0 0.7115384615384616 0.1778846153846154 0.04447115384615385 0.203125
0 0.7524038461538461 0.09735576923076923 0.04927884615384615 0.18028846153846154
0 0.78125 0.16706730769230768 0.07091346153846154 0.23076923076923078
0 0.8329326923076923 0.08413461538461539 0.06129807692307692 0.16826923076923078
0 0.8425480769230769 0.17067307692307693 0.04567307692307692 0.21514423076923078
0 0.8930288461538461 0.1466346153846154 0.057692307692307696 0.2620192307692308
0 0.9555288461538461 0.1622596153846154 0.051682692307692304 0.24879807692307693
0 0.9314903846153846 0.06129807692307692 0.038461538461538464 0.1201923076923077
0 0.24519230769230768 0.6394230769230769 0.22115384615384615 0.4543269230769231
0 0.23918269230769232 0.4026442307692308 0.11658653846153846 0.2980769230769231
0 0.22956730769230768 0.6875 0.15264423076923078 0.3581730769230769
0 0.3870192307692308 0.6346153846153846 0.09735576923076923 0.4675480769230769
0 0.3425480769230769 0.7103365384615384 0.08052884615384616 0.31971153846153844
0 0.3894230769230769 0.6346153846153846 0.0733173076923077 0.4699519230769231
0 0.40625 0.7019230769230769 0.078125 0.3581730769230769
0 0.44471153846153844 0.7163461538461539 0.08413461538461539 0.3076923076923077
0 0.4519230769230769 0.5168269230769231 0.07091346153846154 0.17067307692307693
0 0.5060096153846154 0.4675480769230769 0.04807692307692308 0.13581730769230768
0 0.5240384615384616 0.7091346153846154 0.0889423076923077 0.3389423076923077
0 0.5192307692307693 0.5637019230769231 0.07932692307692307 0.20432692307692307
0 0.5625 0.4795673076923077 0.056490384615384616 0.12620192307692307
0 0.6117788461538461 0.5372596153846154 0.07451923076923077 0.171875
0 0.59375 0.7079326923076923 0.07091346153846154 0.328125
0 0.6574519230769231 0.7127403846153846 0.07091346153846154 0.33533653846153844
0 0.5997596153846154 0.4338942307692308 0.06490384615384616 0.19831730769230768
0 0.6923076923076923 0.6550480769230769 0.11778846153846154 0.4423076923076923
0 0.7367788461538461 0.5276442307692307 0.06971153846153846 0.2536057692307692
0 0.3161057692307692 0.6490384615384616 0.08052884615384616 0.4326923076923077