0 0.8485576923076923 0.7764423076923077 0.08173076923076923 0.25
0 0.8870192307692307 0.7704326923076923 0.0673076923076923 0.22956730769230768
0 0.8076923076923077 0.734375 0.0673076923076923 0.21634615384615385
0 0.5408653846153846 0.7644230769230769 0.051682692307692304 0.25600961538461536
0 0.49278846153846156 0.7295673076923077 0.06971153846153846 0.24278846153846154
0 0.31850961538461536 0.7451923076923077 0.07451923076923077 0.23197115384615385
0 0.10576923076923077 0.71875 0.078125 0.20192307692307693
0 0.6081730769230769 0.6538461538461539 0.025240384615384616 0.06370192307692307
0 0.6430288461538461 0.6526442307692307 0.01201923076923077 0.036057692307692304
0 0.5252403846153846 0.7367788461538461 0.04807692307692308 0.19831730769230768
0 0.015625 0.6634615384615384 0.02403846153846154 0.0889423076923077
0 0.04447115384615385 0.6574519230769231 0.02403846153846154 0.08774038461538461
0 0.056490384615384616 0.6670673076923077 0.02283653846153846 0.0889423076923077
0 0.08173076923076923 0.6298076923076923 0.01201923076923077 0.028846153846153848
0 0.08052884615384616 0.6574519230769231 0.014423076923076924 0.08413461538461539