0 0.03245192307692308 0.7487980769230769 0.014423076923076924 0.05889423076923077
0 0.054086538461538464 0.7512019230769231 0.014423076923076924 0.052884615384615384
0 0.04567307692307692 0.75 0.014423076923076924 0.052884615384615384
0 0.15264423076923078 0.8257211538461539 0.054086538461538464 0.22716346153846154
0 0.21634615384615385 0.8209134615384616 0.03365384615384615 0.1814903846153846
0 0.19471153846153846 0.8028846153846154 0.037259615384615384 0.14543269230769232
0 0.23197115384615385 0.7872596153846154 0.03125 0.14783653846153846
0 0.25600961538461536 0.7908653846153846 0.03365384615384615 0.09254807692307693
0 0.2704326923076923 0.7403846153846154 0.021634615384615384 0.042067307692307696
0 0.33653846153846156 0.8413461538461539 0.054086538461538464 0.21634615384615385
0 0.3894230769230769 0.8004807692307693 0.03245192307692308 0.15625
0 0.4050480769230769 0.8317307692307693 0.05889423076923077 0.21153846153846154
0 0.42908653846153844 0.8100961538461539 0.021634615384615384 0.17427884615384615
0 0.4411057692307692 0.8149038461538461 0.015625 0.14543269230769232
0 0.5096153846153846 0.8317307692307693 0.037259615384615384 0.15504807692307693
0 0.5793269230769231 0.7920673076923077 0.02283653846153846 0.10697115384615384
0 0.5961538461538461 0.7908653846153846 0.015625 0.1045673076923077
0 0.5637019230769231 0.78125 0.018028846153846152 0.08173076923076923
0 0.6418269230769231 0.7740384615384616 0.015625 0.04807692307692308
0 0.671875 0.8004807692307693 0.027644230769230768 0.0733173076923077
0 0.6995192307692307 0.8137019230769231 0.016826923076923076 0.04927884615384615
0 0.7223557692307693 0.8040865384615384 0.027644230769230768 0.06370192307692307
0 0.7620192307692307 0.8149038461538461 0.03125 0.14783653846153846
0 0.7704326923076923 0.8064903846153846 0.036057692307692304 0.14543269230769232
0 0.7824519230769231 0.7776442307692307 0.021634615384615384 0.10697115384615384
0 0.8064903846153846 0.7980769230769231 0.037259615384615384 0.07692307692307693
0 0.8629807692307693 0.8245192307692307 0.05048076923076923 0.11057692307692307
0 0.8762019230769231 0.8293269230769231 0.026442307692307692 0.09975961538461539
0 0.7235576923076923 0.7632211538461539 0.020432692307692308 0.06009615384615385
0 0.7139423076923077 0.7608173076923077 0.008413461538461538 0.04447115384615385