0 0.15264423076923078 0.5721153846153846 0.30528846153846156 0.7920673076923077
0 0.3605769230769231 0.5264423076923077 0.25 0.75
0 0.48197115384615385 0.5384615384615384 0.2608173076923077 0.8125
0 0.5372596153846154 0.22355769230769232 0.06971153846153846 0.2403846153846154
0 0.6310096153846154 0.13581730769230768 0.026442307692307692 0.08774038461538461
0 0.6442307692307693 0.1310096153846154 0.03125 0.09375
0 0.6995192307692307 0.3016826923076923 0.14543269230769232 0.5721153846153846
0 0.7632211538461539 0.08533653846153846 0.038461538461538464 0.09375
0 0.8305288461538461 0.26322115384615385 0.15745192307692307 0.5264423076923077
0 0.9026442307692307 0.08052884615384616 0.046875 0.13341346153846154
0 0.9447115384615384 0.12139423076923077 0.0733173076923077 0.21754807692307693
0 0.984375 0.1045673076923077 0.026442307692307692 0.2091346153846154