0 0.01201923076923077 0.9278846153846154 0.02403846153846154 0.14302884615384615
0 0.17427884615384615 0.875 0.01201923076923077 0.018028846153846152
0 0.18509615384615385 0.8882211538461539 0.013221153846153846 0.05048076923076923
0 0.20432692307692307 0.9002403846153846 0.016826923076923076 0.057692307692307696
0 0.21754807692307693 0.8966346153846154 0.018028846153846152 0.046875
0 0.2283653846153846 0.8930288461538461 0.014423076923076924 0.04326923076923077
0 0.4651442307692308 0.9098557692307693 0.014423076923076924 0.03485576923076923
0 0.47716346153846156 0.9230769230769231 0.018028846153846152 0.07451923076923077
0 0.5060096153846154 0.9206730769230769 0.030048076923076924 0.09014423076923077
0 0.5144230769230769 0.9170673076923077 0.021634615384615384 0.09375
0 0.5348557692307693 0.9134615384615384 0.025240384615384616 0.04927884615384615
0 0.5865384615384616 0.9230769230769231 0.038461538461538464 0.10336538461538461
0 0.6057692307692307 0.9302884615384616 0.021634615384615384 0.078125
0 0.6237980769230769 0.9302884615384616 0.030048076923076924 0.08173076923076923
0 0.6430288461538461 0.9314903846153846 0.02283653846153846 0.07932692307692307
0 0.6778846153846154 0.9134615384615384 0.025240384615384616 0.06129807692307692
0 0.6911057692307693 0.9411057692307693 0.02403846153846154 0.078125
0 0.7127403846153846 0.9254807692307693 0.02283653846153846 0.07932692307692307
0 0.7716346153846154 0.9254807692307693 0.020432692307692308 0.09014423076923077
0 0.7872596153846154 0.9399038461538461 0.027644230769230768 0.10697115384615384
0 0.8004807692307693 0.9098557692307693 0.016826923076923076 0.056490384615384616
0 0.8137019230769231 0.9098557692307693 0.021634615384615384 0.06129807692307692
0 0.9038461538461539 0.9278846153846154 0.025240384615384616 0.09375
0 0.9158653846153846 0.9302884615384616 0.021634615384615384 0.10336538461538461
0 0.9350961538461539 0.9338942307692307 0.028846153846153848 0.09975961538461539
0 0.9819711538461539 0.9110576923076923 0.03485576923076923 0.06850961538461539
0 0.9927884615384616 0.8954326923076923 0.013221153846153846 0.052884615384615384
0 0.49038461538461536 0.921875 0.019230769230769232 0.07211538461538461
0 0.7007211538461539 0.9350961538461539 0.020432692307692308 0.08653846153846154