0 0.963 0.4542042042042042 0.042 0.1006006006006006
0 0.665 0.4947447447447447 0.032 0.06456456456456457
0 0.5635 0.49624624624624625 0.031 0.04354354354354354
0 0.5265 0.5007507507507507 0.031 0.05855855855855856
0 0.685 0.5015015015015015 0.026 0.08708708708708708
0 0.525 0.5105105105105106 0.038 0.08708708708708708
0 0.309 0.5112612612612613 0.048 0.06156156156156156
0 0.619 0.512012012012012 0.052 0.0990990990990991
0 0.966 0.5142642642642643 0.038 0.1066066066066066
0 0.9655 0.515015015015015 0.039 0.10810810810810811
0 0.9205 0.5165165165165165 0.063 0.1111111111111111
0 0.2425 0.5247747747747747 0.061 0.07657657657657657
0 0.5455 0.5285285285285285 0.043 0.11711711711711711
0 0.4035 0.5315315315315315 0.043 0.12612612612612611
0 0.0545 0.5330330330330331 0.075 0.1021021021021021
0 0.127 0.539039039039039 0.058 0.1021021021021021
0 0.8805 0.5555555555555556 0.095 0.14414414414414414
0 0.355 0.5578078078078078 0.054 0.15465465465465467
0 0.1785 0.5825825825825826 0.091 0.1921921921921922
0 0.4355 0.5915915915915916 0.121 0.14714714714714713
0 0.562 0.6013513513513513 0.12 0.13663663663663664
0 0.6655 0.6028528528528528 0.085 0.17267267267267267
0 0.833 0.6096096096096096 0.106 0.22822822822822822
0 0.3135 0.6141141141141141 0.103 0.17717717717717718
0 0.2675 0.6463963963963963 0.083 0.20270270270270271
0 0.8215 0.7012012012012012 0.171 0.32732732732732733
0 0.742 0.7635135135135135 0.24 0.46996996996997
0 0.209 0.7830330330330331 0.232 0.43093093093093093
0 0.432 0.816066066066066 0.28 0.36486486486486486