0 0.10096153846153846 0.5649038461538461 0.15745192307692307 0.3016826923076923
0 0.1201923076923077 0.7680288461538461 0.23076923076923078 0.4639423076923077
0 0.3112980769230769 0.5540865384615384 0.1201923076923077 0.21394230769230768
0 0.35697115384615385 0.703125 0.24639423076923078 0.59375
0 0.4723557692307692 0.6887019230769231 0.265625 0.6213942307692307
0 0.6310096153846154 0.7596153846153846 0.1346153846153846 0.4230769230769231
0 0.6887019230769231 0.7355769230769231 0.18870192307692307 0.5276442307692307
0 0.8401442307692307 0.7331730769230769 0.13942307692307693 0.31490384615384615
0 0.8954326923076923 0.8245192307692307 0.2091346153846154 0.35096153846153844
0 0.9362980769230769 0.71875 0.10336538461538461 0.18269230769230768
0 0.953125 0.5757211538461539 0.09375 0.3125
0 0.7415865384615384 0.45072115384615385 0.04927884615384615 0.18509615384615385
0 0.734375 0.4495192307692308 0.03485576923076923 0.18509615384615385
0 0.6923076923076923 0.4411057692307692 0.04447115384615385 0.18269230769230768
0 0.6838942307692307 0.44711538461538464 0.026442307692307692 0.15865384615384615
0 0.6418269230769231 0.4387019230769231 0.026442307692307692 0.13822115384615385
0 0.6129807692307693 0.4387019230769231 0.03485576923076923 0.14903846153846154
0 0.5745192307692307 0.41466346153846156 0.04326923076923077 0.14783653846153846
0 0.4891826923076923 0.5384615384615384 0.09735576923076923 0.22956730769230768
0 0.47115384615384615 0.4326923076923077 0.07932692307692307 0.16466346153846154
0 0.38221153846153844 0.3545673076923077 0.0625 0.12980769230769232
0 0.3389423076923077 0.37740384615384615 0.03245192307692308 0.14903846153846154
0 0.30649038461538464 0.3401442307692308 0.040865384615384616 0.078125
0 0.3112980769230769 0.3894230769230769 0.06009615384615385 0.09014423076923077
0 0.3161057692307692 0.4375 0.06009615384615385 0.13581730769230768
0 0.26322115384615385 0.36177884615384615 0.040865384615384616 0.10576923076923077
0 0.25841346153846156 0.5060096153846154 0.0673076923076923 0.19591346153846154
0 0.21394230769230768 0.4182692307692308 0.025240384615384616 0.1045673076923077
0 0.19230769230769232 0.4362980769230769 0.03245192307692308 0.14302884615384615
0 0.1658653846153846 0.44350961538461536 0.04567307692307692 0.14182692307692307
0 0.057692307692307696 0.40625 0.03485576923076923 0.0889423076923077
0 0.03485576923076923 0.41466346153846156 0.042067307692307696 0.0733173076923077
0 0.8990384615384616 0.4723557692307692 0.07091346153846154 0.20192307692307693
0 0.6466346153846154 0.8257211538461539 0.22596153846153846 0.3485576923076923
0 0.7872596153846154 0.43509615384615385 0.03365384615384615 0.140625
0 0.8112980769230769 0.4483173076923077 0.039663461538461536 0.14543269230769232
0 0.8389423076923077 0.4483173076923077 0.027644230769230768 0.12139423076923077
0 0.8617788461538461 0.45072115384615385 0.036057692307692304 0.15985576923076922
0 0.9723557692307693 0.4026442307692308 0.039663461538461536 0.06129807692307692
0 0.5300480769230769 0.39302884615384615 0.027644230769230768 0.04567307692307692
0 0.5528846153846154 0.3954326923076923 0.019230769230769232 0.046875
0 0.39783653846153844 0.4098557692307692 0.027644230769230768 0.04927884615384615
0 0.4338942307692308 0.4074519230769231 0.019230769230769232 0.04807692307692308
0 0.07451923076923077 0.42908653846153844 0.037259615384615384 0.07932692307692307
0 0.109375 0.49038461538461536 0.05889423076923077 0.15264423076923078
0 0.040865384615384616 0.39783653846153844 0.026442307692307692 0.0733173076923077
0 0.11778846153846154 0.37740384615384615 0.015625 0.030048076923076924