0 0.48197115384615385 0.8088942307692307 0.09375 0.3161057692307692
0 0.8028846153846154 0.6911057692307693 0.0985576923076923 0.21754807692307693
0 0.8725961538461539 0.6682692307692307 0.07451923076923077 0.25600961538461536
0 0.9447115384615384 0.6598557692307693 0.09735576923076923 0.2692307692307692
0 0.8341346153846154 0.5853365384615384 0.040865384615384616 0.140625
0 0.7992788461538461 0.5949519230769231 0.07211538461538461 0.1201923076923077
0 0.7584134615384616 0.5721153846153846 0.037259615384615384 0.0733173076923077
0 0.7235576923076923 0.7884615384615384 0.10817307692307693 0.3894230769230769
0 0.7355769230769231 0.6189903846153846 0.06610576923076923 0.15504807692307693
0 0.6358173076923077 0.7668269230769231 0.07451923076923077 0.3293269230769231
0 0.6766826923076923 0.5997596153846154 0.06129807692307692 0.15504807692307693
0 0.5324519230769231 0.7764423076923077 0.09375 0.3389423076923077
0 0.5853365384615384 0.7151442307692307 0.06610576923076923 0.3425480769230769
0 0.6322115384615384 0.5949519230769231 0.051682692307692304 0.12379807692307693
0 0.6466346153846154 0.5480769230769231 0.036057692307692304 0.0889423076923077
0 0.5793269230769231 0.5685096153846154 0.037259615384615384 0.08413461538461539
0 0.5504807692307693 0.6045673076923077 0.06129807692307692 0.1658653846153846
0 0.5096153846153846 0.5961538461538461 0.04807692307692308 0.14182692307692307
0 0.46634615384615385 0.6105769230769231 0.051682692307692304 0.17427884615384615
0 0.390625 0.7872596153846154 0.1310096153846154 0.3762019230769231
0 0.44591346153846156 0.5793269230769231 0.037259615384615384 0.15264423076923078
0 0.4098557692307692 0.578125 0.06009615384615385 0.15745192307692307
0 0.3762019230769231 0.6550480769230769 0.06129807692307692 0.2704326923076923
0 0.33052884615384615 0.5997596153846154 0.06610576923076923 0.12259615384615384
0 0.3173076923076923 0.7668269230769231 0.10576923076923077 0.34615384615384615
0 0.31009615384615385 0.5673076923076923 0.02403846153846154 0.054086538461538464
0 0.28725961538461536 0.6274038461538461 0.04447115384615385 0.1622596153846154
0 0.24639423076923078 0.7247596153846154 0.0733173076923077 0.35336538461538464
0 0.26322115384615385 0.5697115384615384 0.030048076923076924 0.0673076923076923
0 0.21754807692307693 0.5817307692307693 0.03125 0.0733173076923077
0 0.19471153846153846 0.7235576923076923 0.0625 0.375
0 0.1502403846153846 0.7463942307692307 0.08173076923076923 0.4098557692307692
0 0.1141826923076923 0.5829326923076923 0.051682692307692304 0.0889423076923077
0 0.06971153846153846 0.7692307692307693 0.10817307692307693 0.4519230769230769