0 0.5600694444444444 0.7363731656184487 0.29375 0.5251572327044025
0 0.9107638888888889 0.7253668763102725 0.17708333333333334 0.549266247379455
0 0.8538194444444445 0.6488469601677149 0.16597222222222222 0.6205450733752621
0 0.7166666666666667 0.6546121593291404 0.13333333333333333 0.4769392033542977
0 0.4326388888888889 0.6933962264150944 0.18194444444444444 0.6111111111111112
0 0.3194444444444444 0.6645702306079665 0.15138888888888888 0.5953878406708596
0 0.10486111111111111 0.6834381551362684 0.14444444444444443 0.6079664570230608
0 0.23159722222222223 0.5445492662473794 0.07430555555555556 0.36163522012578614
0 0.28229166666666666 0.5476939203354297 0.05625 0.35115303983228513
0 0.3975694444444444 0.4449685534591195 0.06180555555555556 0.18134171907756813
0 0.5746527777777778 0.3920335429769392 0.08402777777777778 0.1949685534591195
0 0.6402777777777777 0.41823899371069184 0.06388888888888888 0.2180293501048218
0 0.6704861111111111 0.5487421383647799 0.08125 0.39308176100628933
0 0.7291666666666666 0.39884696016771487 0.06388888888888888 0.09119496855345911
0 0.7802083333333333 0.4811320754716981 0.11041666666666666 0.27672955974842767
0 0.5190972222222222 0.46750524109014674 0.08958333333333333 0.22641509433962265
0 0.16666666666666666 0.4806079664570231 0.06388888888888888 0.26519916142557654
0 0.20034722222222223 0.4748427672955975 0.04097222222222222 0.22012578616352202
0 0.020833333333333332 0.43134171907756813 0.041666666666666664 0.11635220125786164
0 0.043402777777777776 0.39832285115303984 0.03263888888888889 0.08385744234800839
0 0.10694444444444444 0.3915094339622642 0.03611111111111111 0.11425576519916142
0 0.14305555555555555 0.38784067085953877 0.030555555555555555 0.10062893081761007
0 0.353125 0.4119496855345912 0.03680555555555556 0.14465408805031446
0 0.48020833333333335 0.37631027253668764 0.07152777777777777 0.1530398322851153
0 0.59375 0.35115303983228513 0.04583333333333333 0.08176100628930817
0 0.7315972222222222 0.3490566037735849 0.059027777777777776 0.10062893081761007
0 0.796875 0.35167714884696016 0.07569444444444444 0.1750524109014675
0 0.9159722222222222 0.31446540880503143 0.09166666666666666 0.1740041928721174
0 0.00068359375 0.0003768750357097337 0.000023630401234567895 0.0001758017659287388
0 0.9659722222222222 0.32075471698113206 0.03194444444444444 0.10482180293501048
0 0.8586805555555556 0.31341719077568136 0.03680555555555556 0.0649895178197065
0 0.2569444444444444 0.41037735849056606 0.06527777777777778 0.12683438155136267
0 0.02638888888888889 0.45178197064989517 0.05277777777777778 0.15723270440251572
0 0.06736111111111111 0.36268343815513626 0.022222222222222223 0.031446540880503145
0 0.7065972222222222 0.3270440251572327 0.03680555555555556 0.07966457023060797
0 0.7711805555555555 0.3380503144654088 0.03263888888888889 0.0870020964360587
0 0.83125 0.2856394129979036 0.030555555555555555 0.07232704402515723
0 0.8770833333333333 0.30765199161425577 0.030555555555555555 0.07442348008385745
0 0.6232638888888888 0.3259958071278826 0.02847222222222222 0.0880503144654088
0 0.40381944444444445 0.3385744234800839 0.04513888888888889 0.0859538784067086
0 0.42743055555555554 0.36477987421383645 0.02013888888888889 0.07966457023060797
0 0.37777777777777777 0.3390985324947589 0.025 0.049266247379454925
0 0.36736111111111114 0.3941299790356394 0.041666666666666664 0.1488469601677149
0 0.32222222222222224 0.34329140461215935 0.0375 0.07023060796645703
0 0.6340277777777777 0.33176100628930816 0.04027777777777778 0.08490566037735849
0 0.6684027777777778 0.34591194968553457 0.029861111111111113 0.06708595387840671
0 0.6850694444444444 0.32442348008385746 0.025694444444444443 0.0639412997903564
0 0.4513888888888889 0.36268343815513626 0.03611111111111111 0.0859538784067086
0 0.34444444444444444 0.3275681341719078 0.018055555555555554 0.03878406708595388
0 0.5243055555555556 0.3469601677148847 0.034722222222222224 0.06289308176100629
0 0.9447916666666667 0.41247379454926625 0.09791666666666667 0.1792452830188679