0 0.8677884615384616 0.49038461538461536 0.1141826923076923 0.34134615384615385
0 0.7127403846153846 0.45552884615384615 0.039663461538461536 0.10697115384615384
0 0.7271634615384616 0.38461538461538464 0.05048076923076923 0.11298076923076923
0 0.7367788461538461 0.36177884615384615 0.04567307692307692 0.10576923076923077
0 0.5853365384615384 0.359375 0.056490384615384616 0.13942307692307693
0 0.26322115384615385 0.35216346153846156 0.052884615384615384 0.140625
0 0.18990384615384615 0.35216346153846156 0.05048076923076923 0.10216346153846154
0 0.12740384615384615 0.3798076923076923 0.0625 0.23197115384615385
0 0.07692307692307693 0.38341346153846156 0.04927884615384615 0.21995192307692307
0 0.025240384615384616 0.46033653846153844 0.05048076923076923 0.34375
0 0.04927884615384615 0.4423076923076923 0.04807692307692308 0.3317307692307692