0 0.9459134615384616 0.7632211538461539 0.026442307692307692 0.10817307692307693
0 0.9711538461538461 0.7620192307692307 0.026442307692307692 0.10817307692307693
0 0.7139423076923077 0.765625 0.038461538461538464 0.1466346153846154
0 0.6887019230769231 0.765625 0.030048076923076924 0.12980769230769232
0 0.5685096153846154 0.7740384615384616 0.020432692307692308 0.09014423076923077
0 0.546875 0.7836538461538461 0.018028846153846152 0.06129807692307692
0 0.5204326923076923 0.7848557692307693 0.016826923076923076 0.0625
0 0.5036057692307693 0.7716346153846154 0.036057692307692304 0.17548076923076922
0 0.48677884615384615 0.7692307692307693 0.015625 0.11538461538461539
0 0.46274038461538464 0.7716346153846154 0.02283653846153846 0.11177884615384616
0 0.41947115384615385 0.7776442307692307 0.03365384615384615 0.12860576923076922
0 0.33653846153846156 0.7644230769230769 0.03485576923076923 0.18870192307692307
0 0.34375 0.5661057692307693 0.1875 0.7560096153846154
0 0.057692307692307696 0.7836538461538461 0.03125 0.07692307692307693
0 0.038461538461538464 0.7764423076923077 0.028846153846153848 0.09495192307692307
0 0.021634615384615384 0.7704326923076923 0.025240384615384616 0.11658653846153846
0 0.007211538461538462 0.7728365384615384 0.014423076923076924 0.0889423076923077
0 0.040865384615384616 0.7884615384615384 0.025240384615384616 0.0673076923076923