0 0.046875 0.31850961538461536 0.040865384615384616 0.0673076923076923
0 0.06850961538461539 0.31850961538461536 0.030048076923076924 0.06610576923076923
0 0.17307692307692307 0.33052884615384615 0.04447115384615385 0.07451923076923077
0 0.20072115384615385 0.3245192307692308 0.030048076923076924 0.07091346153846154
0 0.15865384615384615 0.3004807692307692 0.040865384615384616 0.1201923076923077
0 0.21754807692307693 0.27524038461538464 0.03245192307692308 0.11778846153846154
0 0.25721153846153844 0.2764423076923077 0.019230769230769232 0.11057692307692307
0 0.3269230769230769 0.27524038461538464 0.02403846153846154 0.1201923076923077
0 0.3473557692307692 0.2824519230769231 0.036057692307692304 0.11057692307692307
0 0.37259615384615385 0.2764423076923077 0.02283653846153846 0.11057692307692307
0 0.5649038461538461 0.31009615384615385 0.05048076923076923 0.10096153846153846
0 0.36658653846153844 0.40384615384615385 0.06129807692307692 0.14423076923076922
0 0.3449519230769231 0.4543269230769231 0.17067307692307693 0.21394230769230768
0 0.25600961538461536 0.6694711538461539 0.45072115384615385 0.6598557692307693
0 0.7548076923076923 0.6814903846153846 0.35697115384615385 0.6358173076923077
0 0.6730769230769231 0.5985576923076923 0.2403846153846154 0.42788461538461536
0 0.6274038461538461 0.5324519230769231 0.1466346153846154 0.33052884615384615