0 0.9038461538461539 0.5673076923076923 0.03125 0.11177884615384616
0 0.9206730769230769 0.6129807692307693 0.020432692307692308 0.09495192307692307
0 0.8533653846153846 0.6430288461538461 0.057692307692307696 0.17668269230769232
0 0.8725961538461539 0.6105769230769231 0.036057692307692304 0.13221153846153846
0 0.8317307692307693 0.6370192307692307 0.038461538461538464 0.17668269230769232
0 0.8149038461538461 0.5961538461538461 0.030048076923076924 0.10336538461538461
0 0.7884615384615384 0.6045673076923077 0.03365384615384615 0.0733173076923077
0 0.796875 0.5661057692307693 0.036057692307692304 0.05048076923076923
0 0.7632211538461539 0.6225961538461539 0.03365384615384615 0.13822115384615385
0 0.7247596153846154 0.6021634615384616 0.052884615384615384 0.15504807692307693
0 0.6694711538461539 0.6105769230769231 0.056490384615384616 0.13221153846153846
0 0.6045673076923077 0.6177884615384616 0.07932692307692307 0.16346153846153846
0 0.49038461538461536 0.6129807692307693 0.021634615384615384 0.08774038461538461