0 0.11538461538461539 0.2620192307692308 0.22235576923076922 0.32211538461538464
0 0.2247596153846154 0.32211538461538464 0.23076923076923078 0.24879807692307693
0 0.3786057692307692 0.34134615384615385 0.23317307692307693 0.2091346153846154
0 0.5817307692307693 0.39903846153846156 0.08653846153846154 0.11298076923076923
0 0.47475961538461536 0.4963942307692308 0.23076923076923078 0.328125
0 0.2548076923076923 0.5 0.17307692307692307 0.17548076923076922
0 0.3713942307692308 0.5120192307692307 0.11778846153846154 0.13701923076923078
0 0.6430288461538461 0.5685096153846154 0.22596153846153846 0.30288461538461536
0 0.11658653846153846 0.7427884615384616 0.23317307692307693 0.3641826923076923
0 0.7235576923076923 0.7451923076923077 0.5528846153846154 0.5096153846153846
0 0.2548076923076923 0.7752403846153846 0.5096153846153846 0.4375