0 0.042067307692307696 0.6165865384615384 0.0829326923076923 0.20192307692307693
0 0.08653846153846154 0.5456730769230769 0.07211538461538461 0.15144230769230768
0 0.06370192307692307 0.47596153846153844 0.04567307692307692 0.0673076923076923
0 0.12620192307692307 0.6286057692307693 0.10817307692307693 0.2512019230769231
0 0.14423076923076922 0.6274038461538461 0.18870192307692307 0.3713942307692308
0 0.3245192307692308 0.5492788461538461 0.08774038461538461 0.24519230769230768
0 0.20552884615384615 0.7415865384615384 0.20673076923076922 0.5168269230769231
0 0.3389423076923077 0.765625 0.17668269230769232 0.46875
0 0.4254807692307692 0.5264423076923077 0.11778846153846154 0.20072115384615385
0 0.4639423076923077 0.6862980769230769 0.12620192307692307 0.33413461538461536
0 0.5697115384615384 0.7680288461538461 0.140625 0.46274038461538464
0 0.6778846153846154 0.765625 0.15504807692307693 0.46875
0 0.6274038461538461 0.5288461538461539 0.18629807692307693 0.21754807692307693
0 0.6911057692307693 0.5372596153846154 0.08533653846153846 0.20432692307692307
0 0.7704326923076923 0.6514423076923077 0.1045673076923077 0.40625
0 0.7680288461538461 0.6165865384615384 0.10576923076923077 0.35096153846153844
0 0.796875 0.44471153846153844 0.11298076923076923 0.16826923076923078