0 0.5252403846153846 0.9170673076923077 0.028846153846153848 0.08533653846153846
0 0.5 0.9158653846153846 0.03245192307692308 0.09495192307692307
0 0.5793269230769231 0.8966346153846154 0.021634615384615384 0.03365384615384615
0 0.43509615384615385 0.9074519230769231 0.03125 0.051682692307692304
0 0.4110576923076923 0.9074519230769231 0.021634615384615384 0.057692307692307696
0 0.39302884615384615 0.90625 0.020432692307692308 0.05889423076923077
0 0.35336538461538464 0.9158653846153846 0.02283653846153846 0.06971153846153846
0 0.3401442307692308 0.9170673076923077 0.036057692307692304 0.07091346153846154
0 0.30649038461538464 0.9170673076923077 0.026442307692307692 0.07091346153846154
0 0.28125 0.9146634615384616 0.027644230769230768 0.078125
0 0.22235576923076922 0.9074519230769231 0.020432692307692308 0.04326923076923077
0 0.17067307692307693 0.9110576923076923 0.021634615384615384 0.04447115384615385