0 0.021634615384615384 0.5997596153846154 0.042067307692307696 0.07451923076923077
0 0.04567307692307692 0.6237980769230769 0.018028846153846152 0.08774038461538461
0 0.057692307692307696 0.6334134615384616 0.027644230769230768 0.1045673076923077
0 0.07692307692307693 0.6550480769230769 0.04807692307692308 0.1778846153846154
0 0.0985576923076923 0.5973557692307693 0.013221153846153846 0.03245192307692308
0 0.10697115384615384 0.6081730769230769 0.018028846153846152 0.06129807692307692
0 0.14423076923076922 0.7704326923076923 0.11177884615384616 0.43149038461538464
0 0.18269230769230768 0.625 0.05048076923076923 0.1346153846153846
0 0.20673076923076922 0.578125 0.025240384615384616 0.046875
0 0.2403846153846154 0.7596153846153846 0.10336538461538461 0.44711538461538464
0 0.2512019230769231 0.6586538461538461 0.10576923076923077 0.25961538461538464
0 0.3004807692307692 0.6887019230769231 0.055288461538461536 0.26322115384615385
0 0.33413461538461536 0.6622596153846154 0.037259615384615384 0.22355769230769232
0 0.35336538461538464 0.6622596153846154 0.03125 0.2247596153846154
0 0.3798076923076923 0.7632211538461539 0.14302884615384615 0.4411057692307692
0 0.44350961538461536 0.7403846153846154 0.109375 0.4266826923076923
0 0.546875 0.6814903846153846 0.06370192307692307 0.22716346153846154
0 0.49759615384615385 0.6117788461538461 0.02403846153846154 0.0889423076923077
0 0.5853365384615384 0.6622596153846154 0.040865384615384616 0.19110576923076922
0 0.6033653846153846 0.6213942307692307 0.026442307692307692 0.09975961538461539
0 0.625 0.6189903846153846 0.02403846153846154 0.08653846153846154
0 0.6466346153846154 0.6706730769230769 0.04567307692307692 0.17908653846153846
0 0.6682692307692307 0.6262019230769231 0.030048076923076924 0.1201923076923077
0 0.65625 0.5793269230769231 0.009615384615384616 0.019230769230769232
0 0.7115384615384616 0.671875 0.046875 0.25721153846153844
0 0.7379807692307693 0.7091346153846154 0.09014423076923077 0.36538461538461536
0 0.7896634615384616 0.6947115384615384 0.054086538461538464 0.2512019230769231
0 0.8353365384615384 0.6911057692307693 0.0829326923076923 0.2644230769230769
0 0.8846153846153846 0.6442307692307693 0.014423076923076924 0.07692307692307693
0 0.8966346153846154 0.6394230769230769 0.038461538461538464 0.1346153846153846
0 0.9266826923076923 0.6382211538461539 0.019230769230769232 0.09615384615384616
0 0.9447115384615384 0.6298076923076923 0.040865384615384616 0.11538461538461539
0 0.9423076923076923 0.734375 0.06490384615384616 0.1310096153846154
0 0.9591346153846154 0.6334134615384616 0.02283653846153846 0.12740384615384615
0 0.9819711538461539 0.6237980769230769 0.03365384615384615 0.09134615384615384