0 0.8557692307692307 0.6045673076923077 0.057692307692307696 0.4326923076923077
0 0.8161057692307693 0.609375 0.06971153846153846 0.4387019230769231
0 0.7439903846153846 0.6069711538461539 0.06971153846153846 0.4423076923076923
0 0.6682692307692307 0.5901442307692307 0.06971153846153846 0.4795673076923077
0 0.6105769230769231 0.6021634615384616 0.09254807692307693 0.4639423076923077
0 0.59375 0.6021634615384616 0.05889423076923077 0.4362980769230769
0 0.49278846153846156 0.5877403846153846 0.09735576923076923 0.5108173076923077
0 0.5492788461538461 0.6201923076923077 0.046875 0.4110576923076923
0 0.421875 0.6189903846153846 0.078125 0.45913461538461536
0 0.3112980769230769 0.6057692307692307 0.10216346153846154 0.49158653846153844
0 0.27163461538461536 0.6069711538461539 0.078125 0.4795673076923077
0 0.19471153846153846 0.6129807692307693 0.09495192307692307 0.45913461538461536
0 0.15384615384615385 0.6009615384615384 0.09495192307692307 0.4495192307692308
0 0.04927884615384615 0.5997596153846154 0.0985576923076923 0.4723557692307692
0 0.984375 0.6538461538461539 0.03125 0.15625
0 0.9543269230769231 0.6490384615384616 0.05048076923076923 0.16706730769230768
0 0.90625 0.6574519230769231 0.051682692307692304 0.1502403846153846
0 0.9182692307692307 0.6105769230769231 0.036057692307692304 0.12860576923076922
0 0.9411057692307693 0.5552884615384616 0.040865384615384616 0.0829326923076923
0 0.9807692307692307 0.5060096153846154 0.037259615384615384 0.12860576923076922
0 0.9435096153846154 0.4795673076923077 0.036057692307692304 0.09134615384615384
0 0.9074519230769231 0.4723557692307692 0.028846153846153848 0.06009615384615385
0 0.8858173076923077 0.46153846153846156 0.030048076923076924 0.057692307692307696
0 0.890625 0.48677884615384615 0.030048076923076924 0.0625
0 0.9194711538461539 0.5036057692307693 0.027644230769230768 0.078125
0 0.9399038461538461 0.5132211538461539 0.03245192307692308 0.06850961538461539
0 0.8942307692307693 0.5805288461538461 0.03485576923076923 0.12620192307692307
0 0.7884615384615384 0.4807692307692308 0.019230769230769232 0.0625
0 0.78125 0.4987980769230769 0.020432692307692308 0.06370192307692307
0 0.7896634615384616 0.5552884615384616 0.02283653846153846 0.06370192307692307
0 0.7920673076923077 0.6201923076923077 0.019230769230769232 0.11899038461538461
0 0.7223557692307693 0.4651442307692308 0.019230769230769232 0.046875
0 0.6935096153846154 0.4675480769230769 0.016826923076923076 0.054086538461538464
0 0.7115384615384616 0.4879807692307692 0.02403846153846154 0.05889423076923077
0 0.7043269230769231 0.5204326923076923 0.026442307692307692 0.06850961538461539
0 0.6995192307692307 0.5805288461538461 0.019230769230769232 0.11778846153846154
0 0.7163461538461539 0.6670673076923077 0.016826923076923076 0.1310096153846154
0 0.5745192307692307 0.4699519230769231 0.027644230769230768 0.0625
0 0.5504807692307693 0.47115384615384615 0.02403846153846154 0.0625
0 0.46274038461538464 0.4639423076923077 0.019230769230769232 0.028846153846153848
0 0.46274038461538464 0.5432692307692307 0.03125 0.078125
0 0.47716346153846156 0.6430288461538461 0.040865384615384616 0.13701923076923078
0 0.40865384615384615 0.6442307692307693 0.04927884615384615 0.17548076923076922
0 0.4098557692307692 0.5192307692307693 0.018028846153846152 0.042067307692307696
0 0.38461538461538464 0.5324519230769231 0.019230769230769232 0.06971153846153846
0 0.3786057692307692 0.5817307692307693 0.027644230769230768 0.1201923076923077
0 0.40625 0.47115384615384615 0.025240384615384616 0.06129807692307692
0 0.39663461538461536 0.4987980769230769 0.025240384615384616 0.06850961538461539
0 0.37740384615384615 0.46875 0.019230769230769232 0.04567307692307692
0 0.3088942307692308 0.46634615384615385 0.016826923076923076 0.046875
0 0.2512019230769231 0.5048076923076923 0.02283653846153846 0.11298076923076923
0 0.125 0.4795673076923077 0.030048076923076924 0.0625
0 0.09735576923076923 0.4651442307692308 0.02283653846153846 0.052884615384615384
0 0.037259615384615384 0.4699519230769231 0.021634615384615384 0.037259615384615384
0 0.013221153846153846 0.4699519230769231 0.020432692307692308 0.038461538461538464
0 0.016826923076923076 0.5516826923076923 0.03365384615384615 0.1201923076923077
0 0.12980769230769232 0.5300480769230769 0.019230769230769232 0.11057692307692307
0 0.11057692307692307 0.5600961538461539 0.040865384615384616 0.10216346153846154
0 0.8930288461538461 0.515625 0.03365384615384615 0.06370192307692307
0 0.7776442307692307 0.6574519230769231 0.037259615384615384 0.15504807692307693
0 0.3016826923076923 0.5853365384615384 0.02283653846153846 0.11538461538461539
0 0.10697115384615384 0.5132211538461539 0.028846153846153848 0.07211538461538461
0 0.037259615384615384 0.5540865384615384 0.02283653846153846 0.11778846153846154