0 0.6622596153846154 0.5 0.36538461538461536 0.9987980769230769
0 0.10096153846153846 0.6682692307692307 0.20192307692307693 0.6622596153846154
0 0.28125 0.14302884615384615 0.07692307692307693 0.1935096153846154
0 0.3485576923076923 0.1622596153846154 0.07211538461538461 0.24639423076923078
0 0.4338942307692308 0.11177884615384616 0.07211538461538461 0.15625
0 0.4963942307692308 0.171875 0.08173076923076923 0.22596153846153846
0 0.17067307692307693 0.18269230769230768 0.057692307692307696 0.11298076923076923
0 0.13822115384615385 0.1658653846153846 0.06129807692307692 0.14903846153846154
0 0.14423076923076922 0.20793269230769232 0.07692307692307693 0.25600961538461536
0 0.6454326923076923 0.14783653846153846 0.06850961538461539 0.16947115384615385
0 0.6021634615384616 0.13822115384615385 0.07211538461538461 0.17548076923076922
0 0.7331730769230769 0.14182692307692307 0.07091346153846154 0.1622596153846154
0 0.921875 0.1814903846153846 0.07451923076923077 0.31009615384615385
0 0.9891826923076923 0.1502403846153846 0.021634615384615384 0.17067307692307693
0 0.6935096153846154 0.20793269230769232 0.051682692307692304 0.3245192307692308
0 0.15865384615384615 0.6346153846153846 0.10817307692307693 0.24278846153846154
0 0.18028846153846154 0.8557692307692307 0.15865384615384615 0.28846153846153844
0 0.11658653846153846 0.49038461538461536 0.08052884615384616 0.19110576923076922
0 0.27163461538461536 0.6057692307692307 0.09134615384615384 0.20072115384615385
0 0.36899038461538464 0.6502403846153846 0.109375 0.2668269230769231
0 0.4963942307692308 0.6370192307692307 0.0985576923076923 0.30288461538461536
0 0.4326923076923077 0.48677884615384615 0.11057692307692307 0.20072115384615385
0 0.8149038461538461 0.6370192307692307 0.1346153846153846 0.3233173076923077
0 0.9495192307692307 0.5865384615384616 0.10096153846153846 0.3425480769230769
0 0.9735576923076923 0.375 0.052884615384615384 0.19230769230769232
0 0.890625 0.3894230769230769 0.10336538461538461 0.21634615384615385
0 0.7956730769230769 0.40625 0.08173076923076923 0.23677884615384615
0 0.5685096153846154 0.41346153846153844 0.109375 0.2644230769230769
0 0.36658653846153844 0.4639423076923077 0.08774038461538461 0.24879807692307693
0 0.31009615384615385 0.4879807692307692 0.08774038461538461 0.17548076923076922
0 0.2608173076923077 0.3918269230769231 0.055288461538461536 0.16706730769230768
0 0.2247596153846154 0.4891826923076923 0.09735576923076923 0.1935096153846154
0 0.18028846153846154 0.41346153846153844 0.09495192307692307 0.23918269230769232
0 0.10817307692307693 0.3762019230769231 0.05889423076923077 0.16105769230769232
0 0.734375 0.6814903846153846 0.06129807692307692 0.23076923076923078
0 0.8665865384615384 0.5 0.09254807692307693 0.23798076923076922
0 0.4807692307692308 0.4050480769230769 0.057692307692307696 0.16947115384615385