0 0.0625 0.3088942307692308 0.11778846153846154 0.3629807692307692
0 0.020432692307692308 0.32091346153846156 0.039663461538461536 0.34134615384615385
0 0.21875 0.6153846153846154 0.2247596153846154 0.6598557692307693
0 0.3473557692307692 0.6502403846153846 0.11778846153846154 0.5132211538461539
0 0.4411057692307692 0.47475961538461536 0.26322115384615385 0.9362980769230769
0 0.6117788461538461 0.6346153846153846 0.18629807692307693 0.5096153846153846
0 0.7548076923076923 0.5853365384615384 0.19951923076923078 0.6538461538461539
0 0.9326923076923077 0.26802884615384615 0.0733173076923077 0.17908653846153846
0 0.9615384615384616 0.2776442307692308 0.02403846153846154 0.09254807692307693
0 0.984375 0.25961538461538464 0.03125 0.14543269230769232
0 0.9399038461538461 0.27403846153846156 0.055288461538461536 0.15865384615384615