0 0.196875 0.6941666666666667 0.01875 0.045
0 0.806875 0.7 0.03125 0.056666666666666664
0 0.880625 0.705 0.03125 0.08333333333333333
0 0.859375 0.7066666666666667 0.03625 0.07
0 0.7325 0.7083333333333334 0.025 0.05
0 0.295 0.7125 0.03 0.06166666666666667
0 0.7825 0.7133333333333334 0.0275 0.09
0 0.1725 0.7191666666666666 0.03 0.065
0 0.071875 0.7291666666666666 0.03375 0.095
0 0.1525 0.7316666666666667 0.03 0.10666666666666667
0 0.095625 0.7325 0.02875 0.10166666666666667
0 0.2675 0.735 0.0275 0.13666666666666666
0 0.7625 0.74 0.0225 0.1
0 0.123125 0.7625 0.06375 0.15166666666666667
0 0.28875 0.7758333333333334 0.04 0.155
0 0.545625 0.7775 0.05625 0.18833333333333332
0 0.464375 0.7833333333333333 0.04125 0.17666666666666667
0 0.233125 0.7841666666666667 0.03625 0.16833333333333333
0 0.6375 0.7908333333333334 0.0625 0.215
0 0.9025 0.7958333333333333 0.0675 0.18166666666666667
0 0.5025 0.805 0.0475 0.23666666666666666
0 0.268125 0.8083333333333333 0.06125 0.22666666666666666
0 0.409375 0.8125 0.04375 0.22166666666666668
0 0.389375 0.82 0.07875 0.21666666666666667
0 0.870625 0.8308333333333333 0.09625 0.19166666666666668
0 0.7275 0.8375 0.0625 0.255
0 0.4525 0.845 0.09 0.25
0 0.0625 0.8483333333333334 0.125 0.3
0 0.963125 0.8491666666666666 0.06375 0.26166666666666666
0 0.18625 0.85 0.1225 0.27
0 0.95125 0.8591666666666666 0.0875 0.25833333333333336
0 0.824375 0.8608333333333333 0.14625 0.275
0 0.599375 0.8625 0.11625 0.27166666666666667
0 0.695 0.8641666666666666 0.0975 0.2683333333333333
0 0.333125 0.87 0.06875 0.25666666666666665
0 0.3775 0.9266666666666666 0.135 0.14333333333333334