0 0.4266826923076923 0.5540865384615384 0.11177884615384616 0.43028846153846156
0 0.6538461538461539 0.45072115384615385 0.07451923076923077 0.2247596153846154
0 0.5132211538461539 0.4579326923076923 0.06971153846153846 0.24639423076923078
0 0.43990384615384615 0.4495192307692308 0.09495192307692307 0.40384615384615385
0 0.2920673076923077 0.4519230769230769 0.042067307692307696 0.20192307692307693
0 0.3629807692307692 0.4543269230769231 0.055288461538461536 0.21153846153846154
0 0.15384615384615385 0.4855769230769231 0.03365384615384615 0.0733173076923077
0 0.18269230769230768 0.484375 0.038461538461538464 0.07572115384615384
0 0.203125 0.4831730769230769 0.036057692307692304 0.07932692307692307
0 0.22956730769230768 0.4831730769230769 0.03125 0.07932692307692307
0 0.9459134615384616 0.4375 0.09495192307692307 0.38221153846153844
0 0.9086538461538461 0.4266826923076923 0.05048076923076923 0.265625
0 0.90625 0.43149038461538464 0.046875 0.21995192307692307
0 0.9579326923076923 0.4338942307692308 0.0829326923076923 0.3125
0 0.7199519230769231 0.4567307692307692 0.038461538461538464 0.1346153846153846
0 0.3389423076923077 0.4831730769230769 0.021634615384615384 0.07572115384615384
0 0.546875 0.4795673076923077 0.037259615384615384 0.0889423076923077
0 0.5697115384615384 0.47596153846153844 0.030048076923076924 0.09254807692307693
0 0.59375 0.47475961538461536 0.038461538461538464 0.0985576923076923
0 0.6177884615384616 0.47475961538461536 0.03245192307692308 0.09375
0 0.6418269230769231 0.44350961538461536 0.02283653846153846 0.03485576923076923
0 0.6911057692307693 0.4411057692307692 0.021634615384615384 0.04447115384615385
0 0.7415865384615384 0.47596153846153844 0.040865384615384616 0.09014423076923077