0 0.609375 0.8708333333333333 0.0859375 0.25555555555555554
0 0.967578125 0.8791666666666667 0.06328125 0.2388888888888889
0 0.888671875 0.8368055555555556 0.09296875 0.3236111111111111
0 0.938671875 0.6493055555555556 0.03515625 0.19305555555555556
0 0.911328125 0.6541666666666667 0.04140625 0.18611111111111112
0 0.859765625 0.6395833333333333 0.03671875 0.16527777777777777
0 0.80234375 0.6236111111111111 0.0328125 0.14722222222222223
0 0.7578125 0.6006944444444444 0.028125 0.14027777777777778
0 0.7328125 0.5777777777777777 0.0265625 0.1388888888888889
0 0.6375 0.6395833333333333 0.053125 0.1736111111111111
0 0.587890625 0.6270833333333333 0.03984375 0.16805555555555557
0 0.4796875 0.6333333333333333 0.040625 0.19444444444444445
0 0.373046875 0.6541666666666667 0.06328125 0.20277777777777778
0 0.318359375 0.65 0.04609375 0.21388888888888888
0 0.25625 0.6409722222222223 0.040625 0.1875
0 0.216015625 0.6298611111111111 0.04609375 0.20972222222222223
0 0.01875 0.6326388888888889 0.0375 0.20972222222222223
0 0.0125 0.4986111111111111 0.0109375 0.044444444444444446
0 0.021484375 0.5291666666666667 0.02109375 0.08055555555555556
0 0.05625 0.5291666666666667 0.01875 0.09166666666666666
0 0.066015625 0.5263888888888889 0.01796875 0.09444444444444444
0 0.083203125 0.5208333333333334 0.01953125 0.09444444444444444
0 0.1375 0.55625 0.028125 0.12638888888888888
0 0.14921875 0.5180555555555556 0.01875 0.08333333333333333
0 0.175 0.5277777777777778 0.0140625 0.08611111111111111
0 0.1640625 0.5194444444444445 0.015625 0.06944444444444445
0 0.2515625 0.5152777777777777 0.015625 0.08333333333333333
0 0.26875 0.5034722222222222 0.015625 0.06805555555555555
0 0.27109375 0.5493055555555556 0.0171875 0.06527777777777778
0 0.286328125 0.5638888888888889 0.02578125 0.11666666666666667
0 0.28046875 0.5104166666666666 0.015625 0.05416666666666667
0 0.369140625 0.5638888888888889 0.03203125 0.08888888888888889
0 0.3828125 0.5590277777777778 0.025 0.08472222222222223
0 0.397265625 0.5534722222222223 0.02578125 0.1125
0 0.427734375 0.5951388888888889 0.02734375 0.1375
0 0.42109375 0.5361111111111111 0.0203125 0.07777777777777778
0 0.43828125 0.5458333333333333 0.0203125 0.09722222222222222
0 0.46640625 0.6041666666666666 0.021875 0.1527777777777778
0 0.480078125 0.6208333333333333 0.03046875 0.17777777777777778
0 0.51328125 0.575 0.03125 0.14166666666666666
0 0.54921875 0.5888888888888889 0.021875 0.12777777777777777
0 0.563671875 0.6055555555555555 0.03046875 0.16111111111111112
0 0.5875 0.6243055555555556 0.0359375 0.16805555555555557
0 0.705859375 0.58125 0.02421875 0.12083333333333333
0 0.678515625 0.5680555555555555 0.02265625 0.1111111111111111
0 0.78359375 0.5902777777777778 0.0234375 0.14444444444444443
0 0.811328125 0.5729166666666666 0.02109375 0.09583333333333334
0 0.830078125 0.5805555555555556 0.02109375 0.12222222222222222
0 0.879296875 0.5555555555555556 0.01796875 0.07777777777777778
0 0.891796875 0.5569444444444445 0.01328125 0.06944444444444445
0 0.925 0.5833333333333334 0.0203125 0.1111111111111111
0 0.65625 0.5659722222222222 0.01875 0.10138888888888889
0 0.586328125 0.53125 0.01484375 0.04861111111111111
0 0.5984375 0.5326388888888889 0.0171875 0.05138888888888889
0 0.182421875 0.5048611111111111 0.01328125 0.07361111111111111
0 0.503125 0.5652777777777778 0.0140625 0.125
0 0.5390625 0.5756944444444444 0.0171875 0.12083333333333333
0 0.623046875 0.6243055555555556 0.03515625 0.14583333333333334
0 0.577734375 0.5534722222222223 0.02109375 0.059722222222222225
0 0.9375 0.5555555555555556 0.0171875 0.06944444444444445