0 0.037259615384615384 0.7524038461538461 0.07451923076923077 0.4951923076923077
0 0.09375 0.9002403846153846 0.0733173076923077 0.19951923076923078
0 0.08173076923076923 0.46033653846153844 0.054086538461538464 0.16826923076923078
0 0.09375 0.7548076923076923 0.04927884615384615 0.17067307692307693
0 0.078125 0.6442307692307693 0.028846153846153848 0.14302884615384615
0 0.09254807692307693 0.5324519230769231 0.057692307692307696 0.08774038461538461
0 0.10336538461538461 0.6105769230769231 0.038461538461538464 0.13221153846153846
0 0.14543269230769232 0.4567307692307692 0.056490384615384616 0.16466346153846154
0 0.19951923076923078 0.453125 0.051682692307692304 0.18028846153846154
0 0.2512019230769231 0.4855769230769231 0.06850961538461539 0.22235576923076922
0 0.2824519230769231 0.4735576923076923 0.056490384615384616 0.2127403846153846
0 0.3161057692307692 0.4326923076923077 0.054086538461538464 0.12980769230769232
0 0.3473557692307692 0.48197115384615385 0.039663461538461536 0.203125
0 0.3870192307692308 0.4579326923076923 0.056490384615384616 0.17427884615384615
0 0.4338942307692308 0.4675480769230769 0.05889423076923077 0.17427884615384615
0 0.4495192307692308 0.4699519230769231 0.042067307692307696 0.16826923076923078
0 0.4699519230769231 0.47115384615384615 0.03365384615384615 0.15625
0 0.49158653846153844 0.44350961538461536 0.038461538461538464 0.10096153846153846
0 0.5096153846153846 0.44350961538461536 0.027644230769230768 0.11778846153846154
0 0.5240384615384616 0.4387019230769231 0.028846153846153848 0.0985576923076923
0 0.5372596153846154 0.43509615384615385 0.02403846153846154 0.10697115384615384
0 0.5552884615384616 0.44350961538461536 0.03245192307692308 0.11778846153846154
0 0.5733173076923077 0.43149038461538464 0.03245192307692308 0.08774038461538461
0 0.5865384615384616 0.42788461538461536 0.026442307692307692 0.08052884615384616
0 0.6045673076923077 0.421875 0.020432692307692308 0.0625
0 0.625 0.4266826923076923 0.026442307692307692 0.09375
0 0.6430288461538461 0.4170673076923077 0.028846153846153848 0.0733173076923077
0 0.6574519230769231 0.41466346153846156 0.02403846153846154 0.08052884615384616
0 0.6838942307692307 0.44471153846153844 0.036057692307692304 0.14543269230769232
0 0.7139423076923077 0.421875 0.02403846153846154 0.08774038461538461
0 0.7259615384615384 0.43509615384615385 0.046875 0.1141826923076923
0 0.7463942307692307 0.41586538461538464 0.027644230769230768 0.09014423076923077
0 0.7872596153846154 0.41225961538461536 0.025240384615384616 0.07932692307692307
0 0.7680288461538461 0.40625 0.020432692307692308 0.07211538461538461
0 0.8100961538461539 0.40865384615384615 0.026442307692307692 0.052884615384615384
0 0.8257211538461539 0.41586538461538464 0.030048076923076924 0.06370192307692307
0 0.8629807692307693 0.4182692307692308 0.030048076923076924 0.0985576923076923
0 0.890625 0.4050480769230769 0.026442307692307692 0.0625
0 0.8834134615384616 0.4543269230769231 0.03245192307692308 0.07572115384615384
0 0.8990384615384616 0.4543269230769231 0.025240384615384616 0.07932692307692307
0 0.8473557692307693 0.46153846153846156 0.030048076923076924 0.07211538461538461
0 0.8305288461538461 0.4579326923076923 0.021634615384615384 0.06370192307692307
0 0.8173076923076923 0.4567307692307692 0.02403846153846154 0.0733173076923077
0 0.8004807692307693 0.47115384615384615 0.027644230769230768 0.07572115384615384
0 0.7764423076923077 0.47115384615384615 0.02283653846153846 0.09134615384615384
0 0.7920673076923077 0.4735576923076923 0.026442307692307692 0.08413461538461539
0 0.7608173076923077 0.48677884615384615 0.026442307692307692 0.12259615384615384
0 0.7355769230769231 0.47596153846153844 0.03245192307692308 0.09375
0 0.7115384615384616 0.4879807692307692 0.038461538461538464 0.10697115384615384
0 0.6742788461538461 0.4891826923076923 0.03245192307692308 0.1045673076923077
0 0.6382211538461539 0.5036057692307693 0.04326923076923077 0.11899038461538461
0 0.6550480769230769 0.4963942307692308 0.03485576923076923 0.11538461538461539
0 0.6165865384615384 0.5096153846153846 0.030048076923076924 0.12259615384615384
0 0.6009615384615384 0.5264423076923077 0.038461538461538464 0.16826923076923078
0 0.5865384615384616 0.546875 0.052884615384615384 0.20552884615384615
0 0.5649038461538461 0.5288461538461539 0.046875 0.14543269230769232
0 0.5240384615384616 0.5252403846153846 0.039663461538461536 0.13221153846153846
0 0.49399038461538464 0.5528846153846154 0.06610576923076923 0.19951923076923078
0 0.44350961538461536 0.5180288461538461 0.03485576923076923 0.10216346153846154
0 0.4206730769230769 0.5300480769230769 0.046875 0.09134615384615384
0 0.3112980769230769 0.5480769230769231 0.056490384615384616 0.17307692307692307
0 0.21754807692307693 0.5697115384615384 0.036057692307692304 0.16706730769230768
0 0.3233173076923077 0.6370192307692307 0.026442307692307692 0.11538461538461539
0 0.32091346153846156 0.6971153846153846 0.056490384615384616 0.16466346153846154
0 0.34975961538461536 0.8365384615384616 0.0625 0.18028846153846154
0 0.15144230769230768 0.7439903846153846 0.08173076923076923 0.5120192307692307
0 0.24639423076923078 0.7536057692307693 0.15745192307692307 0.49158653846153844
0 0.3954326923076923 0.734375 0.12259615384615384 0.5300480769230769
0 0.48197115384615385 0.7932692307692307 0.09134615384615384 0.21514423076923078
0 0.42788461538461536 0.6742788461538461 0.054086538461538464 0.22956730769230768
0 0.4519230769230769 0.6370192307692307 0.05048076923076923 0.17307692307692307
0 0.49759615384615385 0.6778846153846154 0.057692307692307696 0.24759615384615385
0 0.5588942307692307 0.7680288461538461 0.0733173076923077 0.22235576923076922
0 0.5769230769230769 0.6430288461538461 0.06490384615384616 0.15625
0 0.5456730769230769 0.6141826923076923 0.039663461538461536 0.12259615384615384
0 0.7019230769230769 0.6826923076923077 0.12139423076923077 0.25
0 0.6286057692307693 0.6334134615384616 0.046875 0.18028846153846154
0 0.7199519230769231 0.6802884615384616 0.0889423076923077 0.2848557692307692
0 0.7259615384615384 0.6658653846153846 0.09495192307692307 0.2608173076923077
0 0.7427884615384616 0.6634615384615384 0.08413461538461539 0.2620192307692308
0 0.7584134615384616 0.6502403846153846 0.07211538461538461 0.2692307692307692
0 0.7944711538461539 0.640625 0.0889423076923077 0.27163461538461536
0 0.8389423076923077 0.6225961538461539 0.0733173076923077 0.22716346153846154
0 0.8485576923076923 0.625 0.09254807692307693 0.23677884615384615
0 0.8629807692307693 0.6117788461538461 0.057692307692307696 0.22235576923076922
0 0.9951923076923077 0.5649038461538461 0.009615384615384616 0.0985576923076923
0 0.9795673076923077 0.5096153846153846 0.028846153846153848 0.05889423076923077
0 0.9507211538461539 0.4723557692307692 0.02283653846153846 0.04927884615384615
0 0.953125 0.578125 0.051682692307692304 0.18389423076923078
0 0.9663461538461539 0.5673076923076923 0.051682692307692304 0.1814903846153846
0 0.9302884615384616 0.5949519230769231 0.06129807692307692 0.19230769230769232
0 0.9050480769230769 0.5985576923076923 0.051682692307692304 0.203125
0 0.8954326923076923 0.6153846153846154 0.05048076923076923 0.19591346153846154