0 0.3329326923076923 0.8653846153846154 0.13942307692307693 0.2668269230769231
0 0.20192307692307693 0.8533653846153846 0.11057692307692307 0.2644230769230769
0 0.12259615384615384 0.7740384615384616 0.09134615384615384 0.16105769230769232
0 0.47716346153846156 0.8786057692307693 0.11057692307692307 0.234375
0 0.40625 0.7620192307692307 0.10096153846153846 0.20552884615384615
0 0.5108173076923077 0.828125 0.12740384615384615 0.25240384615384615
0 0.5504807692307693 0.7884615384615384 0.08413461538461539 0.15745192307692307
0 0.6466346153846154 0.8521634615384616 0.12980769230769232 0.2932692307692308
0 0.7548076923076923 0.8173076923076923 0.0829326923076923 0.21754807692307693
0 0.7848557692307693 0.8894230769230769 0.15745192307692307 0.21875
0 0.9122596153846154 0.8762019230769231 0.14182692307692307 0.24519230769230768
0 0.9459134615384616 0.7620192307692307 0.06009615384615385 0.1466346153846154
0 0.9627403846153846 0.71875 0.06610576923076923 0.1346153846153846
0 0.8497596153846154 0.7992788461538461 0.08653846153846154 0.23918269230769232
0 0.8209134615384616 0.7079326923076923 0.052884615384615384 0.13581730769230768
0 0.7728365384615384 0.6574519230769231 0.0625 0.12740384615384615
0 0.7572115384615384 0.5877403846153846 0.039663461538461536 0.11177884615384616
0 0.7163461538461539 0.6177884615384616 0.03485576923076923 0.10216346153846154
0 0.6574519230769231 0.5336538461538461 0.021634615384615384 0.08173076923076923
0 0.6430288461538461 0.49759615384615385 0.014423076923076924 0.055288461538461536
0 0.6286057692307693 0.5492788461538461 0.03485576923076923 0.08653846153846154
0 0.6045673076923077 0.5384615384615384 0.028846153846153848 0.07091346153846154
0 0.7079326923076923 0.5817307692307693 0.02283653846153846 0.11778846153846154
0 0.6694711538461539 0.5769230769230769 0.04447115384615385 0.078125
0 0.7151442307692307 0.7367788461538461 0.09615384615384616 0.171875
0 0.5516826923076923 0.7067307692307693 0.06009615384615385 0.17307692307692307
0 0.6081730769230769 0.6875 0.05048076923076923 0.15144230769230768
0 0.6610576923076923 0.6682692307692307 0.08052884615384616 0.1141826923076923
0 0.22115384615384615 0.8245192307692307 0.11778846153846154 0.2668269230769231
0 0.13221153846153846 0.7235576923076923 0.04447115384615385 0.2091346153846154
0 0.16346153846153846 0.6526442307692307 0.038461538461538464 0.09735576923076923
0 0.16947115384615385 0.5961538461538461 0.021634615384615384 0.051682692307692304
0 0.1875 0.5913461538461539 0.040865384615384616 0.06490384615384616
0 0.19591346153846154 0.6634615384615384 0.03485576923076923 0.13581730769230768
0 0.23197115384615385 0.7019230769230769 0.06971153846153846 0.1622596153846154
0 0.27524038461538464 0.7091346153846154 0.054086538461538464 0.18870192307692307
0 0.27403846153846156 0.6141826923076923 0.028846153846153848 0.09975961538461539
0 0.29447115384615385 0.6262019230769231 0.027644230769230768 0.1141826923076923
0 0.35096153846153844 0.6862980769230769 0.08173076923076923 0.1466346153846154
0 0.34134615384615385 0.5889423076923077 0.03365384615384615 0.06850961538461539
0 0.3233173076923077 0.6358173076923077 0.028846153846153848 0.0673076923076923
0 0.42788461538461536 0.6682692307692307 0.04927884615384615 0.13221153846153846
0 0.4110576923076923 0.5745192307692307 0.06009615384615385 0.09134615384615384
0 0.3918269230769231 0.5637019230769231 0.03365384615384615 0.078125
0 0.3629807692307692 0.5492788461538461 0.030048076923076924 0.09254807692307693
0 0.33533653846153844 0.53125 0.025240384615384616 0.06009615384615385
0 0.4579326923076923 0.609375 0.030048076923076924 0.13221153846153846
0 0.47836538461538464 0.5757211538461539 0.030048076923076924 0.08413461538461539
0 0.48677884615384615 0.6670673076923077 0.06009615384615385 0.10216346153846154
0 0.5276442307692307 0.6490384615384616 0.03365384615384615 0.1045673076923077
0 0.5048076923076923 0.6117788461538461 0.038461538461538464 0.10216346153846154
0 0.5444711538461539 0.6009615384615384 0.026442307692307692 0.07091346153846154
0 0.5685096153846154 0.6189903846153846 0.036057692307692304 0.08173076923076923
0 0.5949519230769231 0.5985576923076923 0.03245192307692308 0.06610576923076923
0 0.6442307692307693 0.6899038461538461 0.04447115384615385 0.2091346153846154
0 0.5841346153846154 0.5709134615384616 0.03365384615384615 0.06610576923076923
0 0.578125 0.5216346153846154 0.03125 0.06490384615384616
0 0.5649038461538461 0.5600961538461539 0.03365384615384615 0.08173076923076923
0 0.5108173076923077 0.5552884615384616 0.038461538461538464 0.09735576923076923
0 0.4675480769230769 0.5264423076923077 0.03485576923076923 0.052884615384615384
0 0.44591346153846156 0.5480769230769231 0.03245192307692308 0.10576923076923077
0 0.39302884615384615 0.5120192307692307 0.028846153846153848 0.040865384615384616
0 0.4266826923076923 0.5180288461538461 0.026442307692307692 0.04807692307692308
0 0.5288461538461539 0.5444711538461539 0.025240384615384616 0.11538461538461539
0 0.5552884615384616 0.5216346153846154 0.027644230769230768 0.08173076923076923
0 0.49278846153846156 0.5360576923076923 0.021634615384615384 0.08052884615384616
0 0.5132211538461539 0.515625 0.028846153846153848 0.04567307692307692
0 0.47836538461538464 0.5048076923076923 0.025240384615384616 0.0733173076923077
0 0.49399038461538464 0.484375 0.020432692307692308 0.038461538461538464
0 0.4326923076923077 0.49158653846153844 0.025240384615384616 0.055288461538461536
0 0.46274038461538464 0.4579326923076923 0.019230769230769232 0.042067307692307696
0 0.47596153846153844 0.4423076923076923 0.019230769230769232 0.040865384615384616
0 0.4170673076923077 0.4495192307692308 0.014423076923076924 0.042067307692307696
0 0.42788461538461536 0.4423076923076923 0.018028846153846152 0.027644230769230768
0 0.43509615384615385 0.43509615384615385 0.013221153846153846 0.026442307692307692
0 0.4519230769230769 0.4891826923076923 0.020432692307692308 0.03485576923076923
0 0.5600961538461539 0.5252403846153846 0.02403846153846154 0.054086538461538464
0 0.6382211538461539 0.53125 0.019230769230769232 0.09375
0 0.734375 0.5829326923076923 0.018028846153846152 0.11538461538461539
0 0.6778846153846154 0.6189903846153846 0.04927884615384615 0.0889423076923077