0 0.07091346153846154 0.7584134615384616 0.037259615384615384 0.07572115384615384
0 0.12259615384615384 0.765625 0.06009615384615385 0.0889423076923077
0 0.16105769230769232 0.7668269230769231 0.040865384615384616 0.07932692307692307
0 0.20192307692307693 0.7680288461538461 0.051682692307692304 0.0733173076923077
0 0.2764423076923077 0.765625 0.07932692307692307 0.12620192307692307
0 0.3401442307692308 0.7680288461538461 0.04447115384615385 0.07091346153846154
0 0.375 0.7644230769230769 0.06370192307692307 0.08052884615384616
0 0.40384615384615385 0.765625 0.03125 0.056490384615384616
0 0.421875 0.7692307692307693 0.03245192307692308 0.052884615384615384
0 0.4651442307692308 0.7596153846153846 0.08052884615384616 0.1466346153846154
0 0.5240384615384616 0.7548076923076923 0.07932692307692307 0.15144230769230768
0 0.5649038461538461 0.765625 0.03245192307692308 0.04567307692307692
0 0.6117788461538461 0.7620192307692307 0.038461538461538464 0.06850961538461539
0 0.6670673076923077 0.765625 0.028846153846153848 0.04326923076923077
0 0.7319711538461539 0.7668269230769231 0.02283653846153846 0.040865384615384616
0 0.765625 0.7644230769230769 0.025240384615384616 0.051682692307692304
0 0.8076923076923077 0.7451923076923077 0.07932692307692307 0.1141826923076923
0 0.8509615384615384 0.7475961538461539 0.026442307692307692 0.025240384615384616
0 0.8737980769230769 0.765625 0.025240384615384616 0.051682692307692304
0 0.8894230769230769 0.7584134615384616 0.021634615384615384 0.051682692307692304
0 0.9074519230769231 0.7620192307692307 0.03125 0.06370192307692307
0 0.9266826923076923 0.7584134615384616 0.02283653846153846 0.038461538461538464
0 0.9627403846153846 0.7560096153846154 0.0733173076923077 0.11658653846153846
0 0.9723557692307693 0.7151442307692307 0.055288461538461536 0.19951923076923078
0 0.7067307692307693 0.7632211538461539 0.015625 0.025240384615384616
0 0.35096153846153844 0.7692307692307693 0.021634615384615384 0.056490384615384616