0 0.03245192307692308 0.59375 0.06490384615384616 0.3016826923076923
0 0.06610576923076923 0.5889423076923077 0.07692307692307693 0.25961538461538464
0 0.09735576923076923 0.6045673076923077 0.09134615384615384 0.30288461538461536
0 0.14423076923076922 0.5949519230769231 0.05048076923076923 0.171875
0 0.19110576923076922 0.5985576923076923 0.055288461538461536 0.17067307692307693
0 0.2512019230769231 0.5985576923076923 0.06009615384615385 0.15745192307692307
0 0.35697115384615385 0.5985576923076923 0.078125 0.33533653846153844
0 0.42788461538461536 0.6358173076923077 0.11057692307692307 0.47596153846153844
0 0.5 0.5480769230769231 0.08774038461538461 0.24519230769230768
0 0.5456730769230769 0.5925480769230769 0.12860576923076922 0.2403846153846154
0 0.5793269230769231 0.5637019230769231 0.09134615384615384 0.28846153846153844
0 0.7872596153846154 0.5925480769230769 0.06370192307692307 0.17908653846153846
0 0.8413461538461539 0.5985576923076923 0.08774038461538461 0.375
0 0.8846153846153846 0.5841346153846154 0.07692307692307693 0.26802884615384615
0 0.9399038461538461 0.546875 0.09975961538461539 0.2920673076923077