0 0.06850961538461539 0.8028846153846154 0.11778846153846154 0.25600961538461536
0 0.19471153846153846 0.7295673076923077 0.0733173076923077 0.18509615384615385
0 0.2644230769230769 0.7415865384615384 0.07692307692307693 0.15745192307692307
0 0.31009615384615385 0.7295673076923077 0.03485576923076923 0.09254807692307693
0 0.3737980769230769 0.8461538461538461 0.13221153846153846 0.26322115384615385
0 0.4423076923076923 0.8569711538461539 0.17307692307692307 0.2860576923076923
0 0.49278846153846156 0.7415865384615384 0.09254807692307693 0.24519230769230768
0 0.5769230769230769 0.8713942307692307 0.13341346153846154 0.25600961538461536
0 0.6802884615384616 0.7572115384615384 0.07572115384615384 0.27283653846153844
0 0.7800480769230769 0.7151442307692307 0.06971153846153846 0.1875
0 0.8810096153846154 0.7536057692307693 0.11057692307692307 0.2668269230769231
0 0.921875 0.6742788461538461 0.09615384615384616 0.2283653846153846
0 0.9699519230769231 0.7295673076923077 0.06009615384615385 0.25240384615384615
0 0.09615384615384616 0.6706730769230769 0.037259615384615384 0.0829326923076923
0 0.019230769230769232 0.6778846153846154 0.02283653846153846 0.0829326923076923
0 0.14182692307692307 0.6682692307692307 0.027644230769230768 0.07572115384615384
0 0.7451923076923077 0.6875 0.03245192307692308 0.12379807692307693
0 0.7295673076923077 0.7247596153846154 0.09254807692307693 0.20793269230769232