0 0.039663461538461536 0.6165865384615384 0.07451923076923077 0.12980769230769232
0 0.016826923076923076 0.5204326923076923 0.03245192307692308 0.08173076923076923
0 0.0673076923076923 0.5625 0.04927884615384615 0.13942307692307693
0 0.11899038461538461 0.6129807692307693 0.11177884615384616 0.40625
0 0.06610576923076923 0.5420673076923077 0.04447115384615385 0.09615384615384616
0 0.15625 0.5853365384615384 0.03485576923076923 0.1310096153846154
0 0.14423076923076922 0.4951923076923077 0.04326923076923077 0.10576923076923077
0 0.18269230769230768 0.5276442307692307 0.05048076923076923 0.1346153846153846
0 0.19831730769230768 0.4879807692307692 0.03485576923076923 0.10336538461538461
0 0.23076923076923078 0.5552884615384616 0.04927884615384615 0.18028846153846154
0 0.2776442307692308 0.5564903846153846 0.06370192307692307 0.17668269230769232
0 0.3173076923076923 0.5504807692307693 0.07451923076923077 0.18028846153846154
0 0.34975961538461536 0.5552884615384616 0.057692307692307696 0.16466346153846154
0 0.4206730769230769 0.6346153846153846 0.15504807692307693 0.3557692307692308
0 0.5252403846153846 0.6237980769230769 0.29447115384615385 0.5300480769230769
0 0.6370192307692307 0.6850961538461539 0.14543269230769232 0.47836538461538464
0 0.6610576923076923 0.6237980769230769 0.16346153846153846 0.4411057692307692
0 0.7548076923076923 0.7259615384615384 0.16346153846153846 0.5216346153846154
0 0.9471153846153846 0.6526442307692307 0.1045673076923077 0.5252403846153846
0 0.5336538461538461 0.44711538461538464 0.028846153846153848 0.08173076923076923
0 0.5336538461538461 0.45552884615384615 0.039663461538461536 0.09495192307692307
0 0.5456730769230769 0.4375 0.03485576923076923 0.09014423076923077
0 0.5588942307692307 0.46875 0.036057692307692304 0.12980769230769232
0 0.5649038461538461 0.5192307692307693 0.04447115384615385 0.22235576923076922
0 0.65625 0.4338942307692308 0.040865384615384616 0.07091346153846154
0 0.640625 0.4170673076923077 0.025240384615384616 0.06850961538461539
0 0.671875 0.43028846153846156 0.03245192307692308 0.08533653846153846
0 0.021634615384615384 0.28365384615384615 0.04326923076923077 0.11298076923076923
0 0.018028846153846152 0.22596153846153846 0.019230769230769232 0.030048076923076924
0 0.03485576923076923 0.28966346153846156 0.028846153846153848 0.10817307692307693
0 0.056490384615384616 0.25240384615384615 0.040865384615384616 0.09014423076923077
0 0.08774038461538461 0.2536057692307692 0.03365384615384615 0.08413461538461539
0 0.11298076923076923 0.24519230769230768 0.014423076923076924 0.027644230769230768
0 0.13221153846153846 0.25240384615384615 0.028846153846153848 0.05889423076923077
0 0.18389423076923078 0.24879807692307693 0.03485576923076923 0.057692307692307696
0 0.21394230769230768 0.25240384615384615 0.027644230769230768 0.057692307692307696
0 0.24519230769230768 0.24519230769230768 0.018028846153846152 0.03485576923076923
0 0.2764423076923077 0.2403846153846154 0.030048076923076924 0.09615384615384616
0 0.2980769230769231 0.25841346153846156 0.030048076923076924 0.07211538461538461