0 0.036057692307692304 0.5048076923076923 0.040865384615384616 0.1778846153846154
0 0.18629807692307693 0.4206730769230769 0.0829326923076923 0.0985576923076923
0 0.16826923076923078 0.5817307692307693 0.08774038461538461 0.375
0 0.2283653846153846 0.5961538461538461 0.08173076923076923 0.3798076923076923
0 0.2764423076923077 0.42788461538461536 0.06009615384615385 0.11899038461538461
0 0.3233173076923077 0.44350961538461536 0.0673076923076923 0.14903846153846154
0 0.36538461538461536 0.4014423076923077 0.038461538461538464 0.11177884615384616
0 0.5240384615384616 0.38100961538461536 0.125 0.11899038461538461
0 0.6538461538461539 0.5492788461538461 0.06850961538461539 0.42427884615384615
0 0.8197115384615384 0.59375 0.1201923076923077 0.47836538461538464
0 0.7091346153846154 0.5745192307692307 0.11057692307692307 0.4639423076923077
0 0.6213942307692307 0.5829326923076923 0.12139423076923077 0.45072115384615385
0 0.5276442307692307 0.5829326923076923 0.09735576923076923 0.45072115384615385
0 0.44471153846153844 0.6490384615384616 0.1045673076923077 0.4014423076923077
0 0.35216346153846156 0.640625 0.11658653846153846 0.40625
0 0.27524038461538464 0.6201923076923077 0.11057692307692307 0.3858173076923077