0 0.515625 0.6826923076923077 0.027644230769230768 0.14423076923076922
0 0.5372596153846154 0.6394230769230769 0.05048076923076923 0.21634615384615385
0 0.6790865384615384 0.65625 0.0673076923076923 0.1971153846153846
0 0.8329326923076923 0.6213942307692307 0.06009615384615385 0.22596153846153846
0 0.8353365384615384 0.5264423076923077 0.04326923076923077 0.055288461538461536
0 0.7788461538461539 0.5961538461538461 0.04567307692307692 0.1658653846153846
0 0.8076923076923077 0.5745192307692307 0.02283653846153846 0.09975961538461539
0 0.07572115384615384 0.6201923076923077 0.07692307692307693 0.20072115384615385
0 0.17908653846153846 0.6069711538461539 0.05889423076923077 0.1778846153846154
0 0.11658653846153846 0.6021634615384616 0.04807692307692308 0.13822115384615385
0 0.12740384615384615 0.5817307692307693 0.027644230769230768 0.10697115384615384
0 0.2247596153846154 0.578125 0.027644230769230768 0.09735576923076923
0 0.1622596153846154 0.5492788461538461 0.02403846153846154 0.05048076923076923