0 0.02283653846153846 0.625 0.04567307692307692 0.13942307692307693
0 0.055288461538461536 0.6165865384615384 0.051682692307692304 0.0733173076923077
0 0.19951923076923078 0.5829326923076923 0.06490384615384616 0.0733173076923077
0 0.171875 0.7704326923076923 0.28846153846153844 0.4579326923076923
0 0.2247596153846154 0.5829326923076923 0.04807692307692308 0.05048076923076923
0 0.2692307692307692 0.5661057692307693 0.06129807692307692 0.038461538461538464
0 0.31971153846153844 0.5661057692307693 0.0625 0.051682692307692304
0 0.375 0.5973557692307693 0.055288461538461536 0.10697115384615384
0 0.3076923076923077 0.6634615384615384 0.11298076923076923 0.23798076923076922
0 0.4723557692307692 0.5709134615384616 0.042067307692307696 0.055288461538461536
0 0.44471153846153844 0.6298076923076923 0.09254807692307693 0.15985576923076922
0 0.5012019230769231 0.6274038461538461 0.0625 0.15504807692307693
0 0.5600961538461539 0.6514423076923077 0.11538461538461539 0.25240384615384615
0 0.6923076923076923 0.7019230769230769 0.15264423076923078 0.15384615384615385
0 0.7728365384615384 0.6021634615384616 0.040865384615384616 0.09615384615384616
0 0.8173076923076923 0.5985576923076923 0.036057692307692304 0.0985576923076923
0 0.8509615384615384 0.6069711538461539 0.04807692307692308 0.09975961538461539
0 0.8786057692307693 0.6021634615384616 0.04447115384615385 0.0985576923076923
0 0.90625 0.5889423076923077 0.08533653846153846 0.08653846153846154
0 0.9362980769230769 0.7127403846153846 0.12740384615384615 0.31490384615384615