0 0.33533653846153844 0.5240384615384616 0.30649038461538464 0.9519230769230769
0 0.45552884615384615 0.5757211538461539 0.18028846153846154 0.8485576923076923
0 0.4026442307692308 0.5132211538461539 0.17548076923076922 0.9735576923076923
0 0.5709134615384616 0.5576923076923077 0.2512019230769231 0.8846153846153846
0 0.65625 0.5132211538461539 0.32211538461538464 0.9735576923076923
0 0.7127403846153846 0.18990384615384615 0.09735576923076923 0.3016826923076923
0 0.6574519230769231 0.14423076923076922 0.04807692307692308 0.140625
0 0.9170673076923077 0.19831730769230768 0.055288461538461536 0.20432692307692307
0 0.8894230769230769 0.1935096153846154 0.046875 0.1935096153846154
0 0.8725961538461539 0.19591346153846154 0.037259615384615384 0.16346153846153846
0 0.8557692307692307 0.18629807692307693 0.037259615384615384 0.1814903846153846
0 0.8197115384615384 0.16346153846153846 0.04807692307692308 0.2608173076923077
0 0.7644230769230769 0.07932692307692307 0.03485576923076923 0.078125