0 0.9495192307692307 0.9110576923076923 0.09615384615384616 0.1778846153846154
0 0.6959134615384616 0.9098557692307693 0.057692307692307696 0.18028846153846154
0 0.7055288461538461 0.90625 0.03245192307692308 0.171875
0 0.7367788461538461 0.8798076923076923 0.040865384615384616 0.14302884615384615
0 0.7632211538461539 0.8737980769230769 0.036057692307692304 0.13701923076923078
0 0.8389423076923077 0.8617788461538461 0.040865384615384616 0.11298076923076923
0 0.8557692307692307 0.8605769230769231 0.03245192307692308 0.12139423076923077
0 0.9014423076923077 0.8461538461538461 0.028846153846153848 0.1045673076923077
0 0.9266826923076923 0.8209134615384616 0.014423076923076924 0.028846153846153848
0 0.9495192307692307 0.8233173076923077 0.021634615384615384 0.030048076923076924
0 0.9735576923076923 0.8329326923076923 0.028846153846153848 0.0733173076923077
0 0.8076923076923077 0.8497596153846154 0.026442307692307692 0.10336538461538461
0 0.7067307692307693 0.8473557692307693 0.030048076923076924 0.10817307692307693
0 0.6526442307692307 0.8798076923076923 0.039663461538461536 0.13701923076923078
0 0.6274038461538461 0.9002403846153846 0.030048076923076924 0.13341346153846154
0 0.49278846153846156 0.9074519230769231 0.0673076923076923 0.18509615384615385
0 0.5252403846153846 0.9074519230769231 0.040865384615384616 0.18509615384615385
0 0.4699519230769231 0.9110576923076923 0.036057692307692304 0.1778846153846154
0 0.41466346153846156 0.8942307692307693 0.040865384615384616 0.21153846153846154
0 0.36778846153846156 0.9086538461538461 0.051682692307692304 0.17668269230769232
0 0.3870192307692308 0.8894230769230769 0.03245192307692308 0.18870192307692307
0 0.3233173076923077 0.8822115384615384 0.038461538461538464 0.13822115384615385
0 0.25841346153846156 0.8930288461538461 0.038461538461538464 0.17668269230769232
0 0.27403846153846156 0.8762019230769231 0.030048076923076924 0.1502403846153846
0 0.10817307692307693 0.9122596153846154 0.06490384615384616 0.17548076923076922
0 0.11658653846153846 0.8545673076923077 0.03365384615384615 0.1045673076923077
0 0.15144230769230768 0.8485576923076923 0.021634615384615384 0.08052884615384616
0 0.04567307692307692 0.9002403846153846 0.056490384615384616 0.1778846153846154
0 0.5492788461538461 0.9074519230769231 0.030048076923076924 0.16826923076923078
0 0.5733173076923077 0.9086538461538461 0.042067307692307696 0.1814903846153846
0 0.5540865384615384 0.8882211538461539 0.03245192307692308 0.16947115384615385
0 0.5913461538461539 0.8545673076923077 0.026442307692307692 0.08173076923076923
0 0.609375 0.8293269230769231 0.021634615384615384 0.025240384615384616
0 0.6346153846153846 0.9122596153846154 0.040865384615384616 0.17548076923076922
0 0.8425480769230769 0.8149038461538461 0.018028846153846152 0.03365384615384615
0 0.9783653846153846 0.9122596153846154 0.042067307692307696 0.17548076923076922
0 0.2800480769230769 0.8762019230769231 0.03485576923076923 0.14543269230769232