0 0.7944711538461539 0.38221153846153844 0.04807692307692308 0.12139423076923077
0 0.7091346153846154 0.4266826923076923 0.036057692307692304 0.22596153846153846
0 0.11778846153846154 0.4362980769230769 0.11538461538461539 0.234375
0 0.27163461538461536 0.4423076923076923 0.09014423076923077 0.1971153846153846
0 0.7463942307692307 0.44471153846153844 0.05889423076923077 0.16346153846153846
0 0.20673076923076922 0.44591346153846156 0.08413461538461539 0.23918269230769232
0 0.5661057692307693 0.4567307692307692 0.08653846153846154 0.2247596153846154
0 0.4795673076923077 0.4639423076923077 0.0829326923076923 0.30649038461538464
0 0.4098557692307692 0.4675480769230769 0.052884615384615384 0.3004807692307692
0 0.3762019230769231 0.4831730769230769 0.125 0.3317307692307692
0 0.8377403846153846 0.4831730769230769 0.09014423076923077 0.27163461538461536
0 0.2536057692307692 0.4987980769230769 0.046875 0.12980769230769232
0 0.6454326923076923 0.5024038461538461 0.07932692307692307 0.34975961538461536
0 0.9230769230769231 0.5829326923076923 0.10576923076923077 0.421875
0 0.10817307692307693 0.6394230769230769 0.14903846153846154 0.33653846153846156
0 0.31971153846153844 0.6466346153846154 0.10817307692307693 0.3004807692307692
0 0.1971153846153846 0.6658653846153846 0.1201923076923077 0.2920673076923077
0 0.7512019230769231 0.6814903846153846 0.109375 0.3389423076923077
0 0.8425480769230769 0.6911057692307693 0.13221153846153846 0.328125