0 0.018028846153846152 0.5252403846153846 0.03485576923076923 0.24278846153846154
0 0.042067307692307696 0.5733173076923077 0.08173076923076923 0.296875
0 0.09975961538461539 0.5504807692307693 0.08533653846153846 0.28725961538461536
0 0.18990384615384615 0.5516826923076923 0.10336538461538461 0.28365384615384615
0 0.25721153846153844 0.5516826923076923 0.125 0.296875
0 0.34615384615384615 0.5625 0.07692307692307693 0.27163461538461536
0 0.40024038461538464 0.5024038461538461 0.055288461538461536 0.125
0 0.47115384615384615 0.5288461538461539 0.11057692307692307 0.20673076923076922
0 0.5036057692307693 0.5396634615384616 0.055288461538461536 0.20793269230769232
0 0.5600961538461539 0.5396634615384616 0.09014423076923077 0.25721153846153844
0 0.6322115384615384 0.5336538461538461 0.09014423076923077 0.26802884615384615
0 0.6634615384615384 0.5697115384615384 0.04326923076923077 0.24879807692307693
0 0.7211538461538461 0.5721153846153846 0.08052884615384616 0.27163461538461536
0 0.8040865384615384 0.6177884615384616 0.13221153846153846 0.3701923076923077
0 0.9170673076923077 0.6790865384615384 0.16466346153846154 0.6418269230769231
0 0.3870192307692308 0.7644230769230769 0.3629807692307692 0.47115384615384615
0 0.40384615384615385 0.8245192307692307 0.1466346153846154 0.16706730769230768