0 0.13942307692307693 0.6887019230769231 0.13341346153846154 0.4543269230769231
0 0.41947115384615385 0.5324519230769231 0.025240384615384616 0.11298076923076923
0 0.4375 0.5348557692307693 0.027644230769230768 0.11298076923076923
0 0.46153846153846156 0.5360576923076923 0.028846153846153848 0.11057692307692307
0 0.47596153846153844 0.5384615384615384 0.025240384615384616 0.10576923076923077
0 0.5300480769230769 0.5252403846153846 0.018028846153846152 0.10817307692307693
0 0.5552884615384616 0.5300480769230769 0.02403846153846154 0.11778846153846154
0 0.5036057692307693 0.6418269230769231 0.11177884615384616 0.3016826923076923
0 0.6826923076923077 0.6382211538461539 0.09014423076923077 0.3137019230769231
0 0.765625 0.6358173076923077 0.07451923076923077 0.33774038461538464
0 0.7692307692307693 0.6802884615384616 0.14543269230769232 0.36899038461538464
0 0.9086538461538461 0.5 0.027644230769230768 0.07211538461538461
0 0.9206730769230769 0.49759615384615385 0.02283653846153846 0.08173076923076923
0 0.9423076923076923 0.6526442307692307 0.09134615384615384 0.2608173076923077