0 0.09014423076923077 0.5600961538461539 0.16947115384615385 0.8798076923076923
0 0.20793269230769232 0.5913461538461539 0.18629807692307693 0.8173076923076923
0 0.2776442307692308 0.5997596153846154 0.13581730769230768 0.7487980769230769
0 0.36899038461538464 0.5889423076923077 0.15985576923076922 0.8209134615384616
0 0.4723557692307692 0.6237980769230769 0.19951923076923078 0.7524038461538461
0 0.5324519230769231 0.6478365384615384 0.12259615384615384 0.7043269230769231
0 0.609375 0.578125 0.18028846153846154 0.84375
0 0.6935096153846154 0.8701923076923077 0.07932692307692307 0.25961538461538464
0 0.7740384615384616 0.6298076923076923 0.16466346153846154 0.6622596153846154
0 0.8774038461538461 0.65625 0.125 0.6069711538461539
0 0.9507211538461539 0.5877403846153846 0.0985576923076923 0.45913461538461536