0 0.4625779625779626 0.17531446540880502 0.04573804573804574 0.14937106918238993
0 0.5239085239085239 0.17688679245283018 0.0997920997920998 0.24371069182389937
0 0.36694386694386694 0.20047169811320756 0.10602910602910603 0.19339622641509435
0 0.6075883575883576 0.21147798742138366 0.0841995841995842 0.18396226415094338
0 0.14241164241164242 0.21776729559748428 0.1288981288981289 0.15251572327044025
0 0.2635135135135135 0.2358490566037736 0.12370062370062371 0.1289308176100629
0 0.0395010395010395 0.2429245283018868 0.07692307692307693 0.19654088050314467
0 0.7817047817047817 0.24528301886792453 0.13513513513513514 0.3238993710691824
0 0.9443866943866944 0.25157232704402516 0.08627858627858628 0.3238993710691824
0 0.8737006237006237 0.264937106918239 0.0841995841995842 0.30345911949685533
0 0.3659043659043659 0.02908805031446541 0.033264033264033266 0.05817610062893082
0 0.32744282744282743 0.29009433962264153 0.09355509355509356 0.19339622641509435
0 0.40488565488565487 0.30424528301886794 0.11954261954261955 0.2940251572327044
0 0.6798336798336798 0.30974842767295596 0.07068607068607069 0.4748427672955975
0 0.8508316008316008 0.31839622641509435 0.12370062370062371 0.21226415094339623
0 0.11850311850311851 0.32154088050314467 0.1995841995841996 0.3380503144654088
0 0.7037422037422038 0.36556603773584906 0.1288981288981289 0.3757861635220126
0 0.5077962577962578 0.39072327044025157 0.1257796257796258 0.35062893081761004
0 0.7037422037422038 0.42059748427672955 0.0893970893970894 0.25943396226415094
0 0.5322245322245323 0.4308176100628931 0.16216216216216217 0.31446540880503143
0 0.8367983367983368 0.43946540880503143 0.09563409563409564 0.2971698113207547
0 0.9464656964656964 0.4520440251572327 0.10083160083160084 0.33176100628930816
0 0.9391891891891891 0.04716981132075472 0.057172557172557176 0.09433962264150944
0 0.3612266112266112 0.485062893081761 0.08627858627858628 0.3789308176100629
0 0.8061330561330561 0.5102201257861635 0.24220374220374222 0.45754716981132076
0 0.05405405405405406 0.05188679245283019 0.07276507276507277 0.10377358490566038
0 0.2692307692307692 0.5259433962264151 0.12474012474012475 0.3474842767295597
0 0.13513513513513514 0.529874213836478 0.2702702702702703 0.330188679245283
0 0.4282744282744283 0.055031446540880505 0.06444906444906445 0.1069182389937107
0 0.6200623700623701 0.5573899371069182 0.12370062370062371 0.3977987421383648
0 0.46413721413721415 0.05817610062893082 0.04677754677754678 0.07547169811320754
0 0.37474012474012475 0.5904088050314465 0.1548856548856549 0.35062893081761004
0 0.856029106029106 0.6139937106918238 0.13825363825363826 0.33490566037735847
0 0.682952182952183 0.6666666666666666 0.16424116424116425 0.4088050314465409
0 0.8217255717255717 0.07154088050314465 0.07172557172557173 0.1430817610062893
0 0.6855509355509356 0.7130503144654088 0.1652806652806653 0.3160377358490566
0 0.5150727650727651 0.7232704402515723 0.1943866943866944 0.4559748427672956
0 0.8570686070686071 0.07468553459119497 0.057172557172557176 0.13364779874213836
0 0.16943866943866945 0.7421383647798742 0.288981288981289 0.4748427672955975
0 0.920997920997921 0.7727987421383647 0.15592515592515593 0.2971698113207547
0 0.35706860706860705 0.8168238993710691 0.18191268191268192 0.360062893081761
0 0.8976091476091476 0.08411949685534591 0.057172557172557176 0.14937106918238993
0 0.5696465696465697 0.08569182389937106 0.060291060291060294 0.1650943396226415
0 0.7765072765072765 0.8592767295597484 0.15176715176715178 0.2783018867924528
0 0.11590436590436591 0.860062893081761 0.23180873180873182 0.27672955974842767
0 0.935031185031185 0.9001572327044025 0.12785862785862787 0.19654088050314467
0 0.6159043659043659 0.9213836477987422 0.11954261954261955 0.1540880503144654
0 0.7645530145530145 0.09276729559748427 0.08627858627858628 0.18238993710691823
0 0.19906444906444906 0.09669811320754718 0.0841995841995842 0.19025157232704404
0 0.25363825363825365 0.10220125786163523 0.060291060291060294 0.13836477987421383
0 0.11538461538461539 0.10455974842767296 0.079002079002079 0.2059748427672956
0 0.31548856548856546 0.1069182389937107 0.08835758835758836 0.1949685534591195
0 0.5041580041580042 0.11163522012578617 0.058212058212058215 0.17295597484276728
0 0.8664241164241164 0.11713836477987422 0.0841995841995842 0.13679245283018868
0 0.3804573804573805 0.14544025157232704 0.09771309771309772 0.19654088050314467
0 0.6283783783783784 0.1501572327044025 0.0550935550935551 0.12735849056603774
0 0.23648648648648649 0.15566037735849056 0.16112266112266113 0.27358490566037735