0 0.018028846153846152 0.4495192307692308 0.015625 0.042067307692307696
0 0.051682692307692304 0.49759615384615385 0.042067307692307696 0.12259615384615384
0 0.14423076923076922 0.46033653846153844 0.018028846153846152 0.051682692307692304
0 0.15384615384615385 0.4579326923076923 0.014423076923076924 0.04447115384615385
0 0.15865384615384615 0.5120192307692307 0.13341346153846154 0.5384615384615384
0 0.25 0.6225961538461539 0.09975961538461539 0.3858173076923077
0 0.31850961538461536 0.5877403846153846 0.17908653846153846 0.609375
0 0.46875 0.5841346153846154 0.11177884615384616 0.34975961538461536
0 0.38822115384615385 0.44350961538461536 0.006009615384615385 0.019230769230769232
0 0.4182692307692308 0.4651442307692308 0.02403846153846154 0.0625
0 0.42788461538461536 0.4543269230769231 0.010817307692307692 0.042067307692307696
0 0.4375 0.45913461538461536 0.014423076923076924 0.040865384615384616
0 0.5192307692307693 0.46274038461538464 0.015625 0.056490384615384616
0 0.5324519230769231 0.4639423076923077 0.015625 0.05889423076923077
0 0.5588942307692307 0.5336538461538461 0.07572115384615384 0.1778846153846154
0 0.5721153846153846 0.47115384615384615 0.01201923076923077 0.06009615384615385
0 0.5853365384615384 0.53125 0.02403846153846154 0.16466346153846154
0 0.5913461538461539 0.4519230769230769 0.01201923076923077 0.038461538461538464
0 0.6201923076923077 0.4495192307692308 0.008413461538461538 0.03125
0 0.6310096153846154 0.5252403846153846 0.027644230769230768 0.15745192307692307
0 0.6358173076923077 0.44591346153846156 0.007211538461538462 0.026442307692307692
0 0.640625 0.4483173076923077 0.006009615384615385 0.025240384615384616
0 0.671875 0.5360576923076923 0.039663461538461536 0.21394230769230768
0 0.7103365384615384 0.6490384615384616 0.15865384615384615 0.47716346153846156
0 0.7415865384615384 0.46875 0.015625 0.07572115384615384
0 0.7644230769230769 0.4519230769230769 0.010817307692307692 0.042067307692307696
0 0.7824519230769231 0.4495192307692308 0.007211538461538462 0.03245192307692308
0 0.7896634615384616 0.4519230769230769 0.008413461538461538 0.028846153846153848
0 0.8161057692307693 0.45072115384615385 0.008413461538461538 0.03365384615384615
0 0.8954326923076923 0.45072115384615385 0.009615384615384616 0.03485576923076923
0 0.9182692307692307 0.4723557692307692 0.018028846153846152 0.07211538461538461
0 0.9411057692307693 0.47475961538461536 0.028846153846153848 0.08173076923076923
0 0.9543269230769231 0.47115384615384615 0.014423076923076924 0.0733173076923077
0 0.9639423076923077 0.4723557692307692 0.014423076923076924 0.078125
0 0.9771634615384616 0.47475961538461536 0.03125 0.08774038461538461
0 0.9915865384615384 0.47115384615384615 0.015625 0.07932692307692307
0 0.6141826923076923 0.5540865384615384 0.07451923076923077 0.25240384615384615