0 0.021634615384615384 0.46875 0.018028846153846152 0.08653846153846154
0 0.04326923076923077 0.4675480769230769 0.042067307692307696 0.07692307692307693
0 0.078125 0.47475961538461536 0.038461538461538464 0.11057692307692307
0 0.11899038461538461 0.484375 0.056490384615384616 0.14302884615384615
0 0.15985576923076922 0.4807692307692308 0.042067307692307696 0.14423076923076922
0 0.21514423076923078 0.4579326923076923 0.04326923076923077 0.10576923076923077
0 0.2620192307692308 0.5108173076923077 0.04807692307692308 0.14783653846153846
0 0.3245192307692308 0.46875 0.04927884615384615 0.14903846153846154
0 0.36899038461538464 0.4855769230769231 0.03125 0.1466346153846154
0 0.40384615384615385 0.5348557692307693 0.0625 0.23076923076923078
0 0.46875 0.49399038461538464 0.04326923076923077 0.18028846153846154
0 0.5288461538461539 0.4579326923076923 0.038461538461538464 0.08774038461538461
0 0.5757211538461539 0.43509615384615385 0.040865384615384616 0.06971153846153846
0 0.6670673076923077 0.4699519230769231 0.037259615384615384 0.10096153846153846
0 0.6971153846153846 0.47115384615384615 0.054086538461538464 0.12259615384615384
0 0.8713942307692307 0.4723557692307692 0.04927884615384615 0.1201923076923077
0 0.9507211538461539 0.46033653846153844 0.06370192307692307 0.1346153846153846
0 0.5504807692307693 0.5901442307692307 0.14302884615384615 0.21995192307692307
0 0.6081730769230769 0.6526442307692307 0.15384615384615385 0.27403846153846156
0 0.6237980769230769 0.6646634615384616 0.1935096153846154 0.2644230769230769
0 0.6141826923076923 0.7824519230769231 0.38341346153846156 0.43509615384615385
0 0.7680288461538461 0.5480769230769231 0.05889423076923077 0.109375
0 0.828125 0.5997596153846154 0.12620192307692307 0.1971153846153846
0 0.9026442307692307 0.625 0.17908653846153846 0.24879807692307693
0 0.09735576923076923 0.640625 0.19471153846153846 0.29086538461538464
0 0.15144230769230768 0.65625 0.14903846153846154 0.2439903846153846
0 0.22716346153846154 0.6478365384615384 0.14543269230769232 0.30528846153846156
0 0.2824519230769231 0.6165865384615384 0.171875 0.22956730769230768
0 0.24158653846153846 0.47115384615384615 0.028846153846153848 0.10336538461538461
0 0.29927884615384615 0.45913461538461536 0.014423076923076924 0.052884615384615384
0 0.2776442307692308 0.453125 0.025240384615384616 0.078125
0 0.5637019230769231 0.4338942307692308 0.02403846153846154 0.04807692307692308
0 0.6153846153846154 0.48677884615384615 0.028846153846153848 0.07692307692307693
0 0.7716346153846154 0.4651442307692308 0.02403846153846154 0.09014423076923077
0 0.7920673076923077 0.4651442307692308 0.030048076923076924 0.09375
0 0.8100961538461539 0.4639423076923077 0.015625 0.09014423076923077
0 0.8197115384615384 0.4567307692307692 0.014423076923076924 0.08173076923076923
0 0.8425480769230769 0.4579326923076923 0.015625 0.08774038461538461
0 0.8569711538461539 0.4519230769230769 0.018028846153846152 0.06971153846153846
0 0.9014423076923077 0.453125 0.019230769230769232 0.06009615384615385
0 0.8894230769230769 0.4362980769230769 0.009615384615384616 0.030048076923076924
0 0.9699519230769231 0.45072115384615385 0.04567307692307692 0.14423076923076922