0 0.4625 0.9407971864009379 0.05 0.1160609613130129
0 0.000374755859375 0.0011015531693533203 0.000023193359374999983 0.00014430827546113364
0 0.50625 0.9390386869871044 0.05 0.11957796014067995
0 0.544921875 0.9372801875732708 0.04921875 0.123094958968347
0 0.614453125 0.9425556858147714 0.05078125 0.11254396248534584
0 0.664453125 0.9513481828839391 0.04765625 0.09495896834701055
0 0.754296875 0.9695193434935522 0.04140625 0.05861664712778429
0 0.74921875 0.9396248534583822 0.0140625 0.012895662368112544
0 0.904296875 0.9138335287221571 0.04453125 0.16998827667057445
0 0.0006817626953125 0.0010692556029405903 0.000028076171874999964 0.00020890340828659364
0 0.738671875 0.8464243845252052 0.03515625 0.09378663540445487
0 0.475 0.7373974208675264 0.028125 0.07033997655334115
0 0.61171875 0.6148886283704572 0.0125 0.07151230949589683
0 0.603125 0.5984759671746777 0.0109375 0.041031652989449004
0 0.5140625 0.7133645955451349 0.0234375 0.04337631887456037
0 0.5140625 0.7713950762016413 0.028125 0.1242672919109027
0 0.532421875 0.7772567409144197 0.02421875 0.11488862837045721
0 0.5359375 0.7567409144196952 0.0265625 0.09261430246189918
0 0.522265625 0.7116060961313013 0.01328125 0.05158264947245018
0 0.540234375 0.6987104337631888 0.01484375 0.03048065650644783
0 0.543359375 0.753810082063306 0.01796875 0.10082063305978899
0 0.558984375 0.7596717467760844 0.02578125 0.11723329425556858
0 0.555859375 0.6928487690504103 0.01953125 0.053927315357561546
0 0.56484375 0.664126611957796 0.015625 0.05041031652989449
0 0.571484375 0.6946072684642438 0.01953125 0.09261430246189918
0 0.590234375 0.6781946072684643 0.02265625 0.07620164126611957
0 0.609375 0.6922626025791325 0.01875 0.0738569753810082
0 0.622265625 0.6811254396248535 0.01640625 0.08206330597889801
0 0.624609375 0.6348182883939039 0.01640625 0.04572098475967175
0 0.639453125 0.6524032825322391 0.01796875 0.07620164126611957
0 0.6109375 0.7157092614302462 0.015625 0.041031652989449004
0 0.622265625 0.7432590855803048 0.02890625 0.0914419695193435
0 0.651171875 0.7708089097303634 0.02890625 0.123094958968347
0 0.616015625 0.783704572098476 0.02578125 0.1324736225087925
0 0.571875 0.8300117233294255 0.040625 0.15240328253223914
0 0.637109375 0.8382180539273154 0.03828125 0.16178194607268465
0 0.60703125 0.6664712778429074 0.0171875 0.04572098475967175
0 0.59296875 0.7543962485345839 0.034375 0.12778429073856976