0 0.03125 0.6057692307692307 0.0625 0.5637019230769231
0 0.0889423076923077 0.25 0.1346153846153846 0.5
0 0.19471153846153846 0.08774038461538461 0.09495192307692307 0.17548076923076922
0 0.27163461538461536 0.3870192307692308 0.15264423076923078 0.7415865384615384
0 0.34134615384615385 0.22716346153846154 0.10096153846153846 0.4543269230769231
0 0.4266826923076923 0.2536057692307692 0.15264423076923078 0.5060096153846154
0 0.5252403846153846 0.24278846153846154 0.12259615384615384 0.48197115384615385
0 0.6189903846153846 0.3629807692307692 0.18629807692307693 0.7247596153846154
0 0.703125 0.078125 0.12259615384615384 0.15384615384615385
0 0.7872596153846154 0.15745192307692307 0.10336538461538461 0.30408653846153844
0 0.9110576923076923 0.2956730769230769 0.15264423076923078 0.5913461538461539
0 0.7487980769230769 0.5336538461538461 0.2980769230769231 0.8076923076923077
0 0.828125 0.5060096153846154 0.203125 0.7980769230769231
0 0.9146634615384616 0.5300480769230769 0.17067307692307693 0.7620192307692307
0 0.24519230769230768 0.5841346153846154 0.3894230769230769 0.5024038461538461
0 0.15504807692307693 0.8004807692307693 0.31009615384615385 0.39903846153846156
0 0.38100961538461536 0.53125 0.14423076923076922 0.27403846153846156
0 0.45072115384615385 0.5372596153846154 0.27403846153846156 0.3004807692307692
0 0.3701923076923077 0.8209134615384616 0.203125 0.3581730769230769
0 0.47115384615384615 0.7680288461538461 0.47596153846153844 0.4639423076923077
0 0.15264423076923078 0.28725961538461536 0.2091346153846154 0.4411057692307692