0 0.8425480769230769 0.1622596153846154 0.0733173076923077 0.24519230769230768
0 0.9507211538461539 0.23677884615384615 0.0985576923076923 0.24519230769230768
0 0.5504807692307693 0.21514423076923078 0.10336538461538461 0.43028846153846156
0 0.7536057692307693 0.23317307692307693 0.08052884615384616 0.4375
0 0.7163461538461539 0.20072115384615385 0.171875 0.4014423076923077
0 0.75 0.7584134615384616 0.3858173076923077 0.48197115384615385
0 0.3088942307692308 0.5264423076923077 0.35697115384615385 0.734375
0 0.38221153846153844 0.3942307692307692 0.23197115384615385 0.7884615384615384
0 0.13822115384615385 0.3389423076923077 0.13942307692307693 0.6766826923076923
0 0.02403846153846154 0.20432692307692307 0.04807692307692308 0.40384615384615385
0 0.2764423076923077 0.16826923076923078 0.06009615384615385 0.21875
0 0.7884615384615384 0.36899038461538464 0.2091346153846154 0.46274038461538464