0 0.08653846153846154 0.5721153846153846 0.1466346153846154 0.8557692307692307
0 0.17307692307692307 0.6081730769230769 0.0985576923076923 0.7824519230769231
0 0.24639423076923078 0.6021634615384616 0.11899038461538461 0.7572115384615384
0 0.33653846153846156 0.5985576923076923 0.10576923076923077 0.7331730769230769
0 0.421875 0.5805288461538461 0.109375 0.6959134615384616
0 0.5204326923076923 0.6045673076923077 0.10697115384615384 0.6862980769230769
0 0.6033653846153846 0.5865384615384616 0.10697115384615384 0.6887019230769231
0 0.6814903846153846 0.3629807692307692 0.09495192307692307 0.32572115384615385
0 0.7716346153846154 0.5649038461538461 0.14543269230769232 0.75
0 0.8954326923076923 0.5661057692307693 0.15985576923076922 0.7716346153846154
0 0.3641826923076923 0.7235576923076923 0.16826923076923078 0.5528846153846154
0 0.4831730769230769 0.7007211538461539 0.13942307692307693 0.5985576923076923
0 0.5865384615384616 0.7067307692307693 0.14423076923076922 0.5865384615384616
0 0.6947115384615384 0.6935096153846154 0.13942307692307693 0.6129807692307693