0 0.6262019230769231 0.5108173076923077 0.021634615384615384 0.078125
0 0.6382211538461539 0.5132211538461539 0.020432692307692308 0.0733173076923077
0 0.6081730769230769 0.5180288461538461 0.016826923076923076 0.06971153846153846
0 0.5985576923076923 0.5084134615384616 0.015625 0.07211538461538461
0 0.5901442307692307 0.5072115384615384 0.016826923076923076 0.078125
0 0.5637019230769231 0.5180288461538461 0.019230769230769232 0.06971153846153846
0 0.5204326923076923 0.5072115384615384 0.01201923076923077 0.06009615384615385
0 0.5264423076923077 0.5072115384615384 0.015625 0.06009615384615385
0 0.5372596153846154 0.5084134615384616 0.015625 0.0625
0 0.5492788461538461 0.5072115384615384 0.016826923076923076 0.06971153846153846
0 0.5793269230769231 0.5132211538461539 0.016826923076923076 0.06490384615384616
0 0.6466346153846154 0.4951923076923077 0.015625 0.046875
0 0.3401442307692308 0.6165865384615384 0.03125 0.06490384615384616
0 0.3629807692307692 0.6081730769230769 0.055288461538461536 0.08533653846153846
0 0.4951923076923077 0.6033653846153846 0.06610576923076923 0.09134615384615384