0 0.09375 0.13341346153846154 0.10576923076923077 0.2439903846153846
0 0.21153846153846154 0.12860576923076922 0.12259615384615384 0.23557692307692307
0 0.19951923076923078 0.24639423076923078 0.09615384615384616 0.26322115384615385
0 0.30408653846153844 0.28966346153846156 0.09615384615384616 0.3137019230769231
0 0.41225961538461536 0.11057692307692307 0.11057692307692307 0.22115384615384615
0 0.4026442307692308 0.28125 0.09254807692307693 0.3137019230769231
0 0.49278846153846156 0.28725961538461536 0.09495192307692307 0.34375
0 0.5552884615384616 0.140625 0.11057692307692307 0.28125
0 0.6983173076923077 0.2860576923076923 0.11778846153846154 0.2824519230769231
0 0.7896634615384616 0.23798076923076922 0.12860576923076922 0.2920673076923077
0 0.8425480769230769 0.26802884615384615 0.16947115384615385 0.22235576923076922
0 0.9603365384615384 0.14543269230769232 0.07932692307692307 0.29086538461538464
0 0.03485576923076923 0.44350961538461536 0.06971153846153846 0.34134615384615385
0 0.07932692307692307 0.39903846153846156 0.054086538461538464 0.25
0 0.21754807692307693 0.4807692307692308 0.06490384615384616 0.2536057692307692
0 0.05048076923076923 0.8305288461538461 0.06009615384615385 0.33653846153846156
0 0.25 0.8689903846153846 0.10697115384615384 0.2620192307692308
0 0.20432692307692307 0.640625 0.33774038461538464 0.71875
0 0.2860576923076923 0.6478365384615384 0.46153846153846156 0.703125
0 0.40865384615384615 0.7139423076923077 0.6442307692307693 0.5721153846153846
0 0.6286057692307693 0.6213942307692307 0.578125 0.7572115384615384
0 0.8221153846153846 0.6165865384615384 0.24639423076923078 0.765625