0 0.028846153846153848 0.7355769230769231 0.057692307692307696 0.46153846153846156
0 0.17067307692307693 0.7620192307692307 0.14903846153846154 0.47596153846153844
0 0.20793269230769232 0.6935096153846154 0.07692307692307693 0.421875
0 0.296875 0.671875 0.07572115384615384 0.3581730769230769
0 0.4230769230769231 0.6887019230769231 0.10697115384615384 0.4182692307692308
0 0.5504807692307693 0.6899038461538461 0.13341346153846154 0.3485576923076923
0 0.6682692307692307 0.7331730769230769 0.09254807692307693 0.4182692307692308
0 0.8653846153846154 0.5745192307692307 0.25721153846153844 0.8497596153846154
0 0.5901442307692307 0.6586538461538461 0.037259615384615384 0.1658653846153846
0 0.6117788461538461 0.6646634615384616 0.028846153846153848 0.15384615384615385
0 0.6225961538461539 0.6802884615384616 0.016826923076923076 0.14423076923076922
0 0.7103365384615384 0.6478365384615384 0.030048076923076924 0.12259615384615384
0 0.7379807692307693 0.6502403846153846 0.025240384615384616 0.12620192307692307
0 0.5036057692307693 0.6502403846153846 0.026442307692307692 0.12980769230769232
0 0.47716346153846156 0.6586538461538461 0.037259615384615384 0.16105769230769232
0 0.3798076923076923 0.6586538461538461 0.028846153846153848 0.11658653846153846
0 0.3701923076923077 0.6634615384615384 0.019230769230769232 0.12259615384615384
0 0.5829326923076923 0.5901442307692307 0.015625 0.04447115384615385