0 0.27524038461538464 0.6887019230769231 0.14423076923076922 0.3786057692307692
0 0.3798076923076923 0.7091346153846154 0.16826923076923078 0.4254807692307692
0 0.4579326923076923 0.6838942307692307 0.125 0.359375
0 0.5997596153846154 0.6742788461538461 0.1778846153846154 0.3425480769230769
0 0.7151442307692307 0.6766826923076923 0.17307692307692307 0.39903846153846156
0 0.5432692307692307 0.7439903846153846 0.16466346153846154 0.11177884615384616
0 0.8762019230769231 0.6117788461538461 0.0625 0.06490384615384616
0 0.90625 0.6117788461538461 0.03245192307692308 0.06009615384615385
0 0.9807692307692307 0.5925480769230769 0.038461538461538464 0.030048076923076924
0 0.051682692307692304 0.6610576923076923 0.06850961538461539 0.13701923076923078
0 0.08653846153846154 0.6574519230769231 0.03125 0.09975961538461539
0 0.02283653846153846 0.6442307692307693 0.04447115384615385 0.13341346153846154