0 0.030048076923076924 0.6622596153846154 0.05889423076923077 0.2704326923076923
0 0.042067307692307696 0.5564903846153846 0.039663461538461536 0.09615384615384616
0 0.05889423076923077 0.7572115384615384 0.056490384615384616 0.3485576923076923
0 0.12139423076923077 0.7536057692307693 0.10216346153846154 0.4831730769230769
0 0.16466346153846154 0.5528846153846154 0.03125 0.10576923076923077
0 0.18990384615384615 0.5288461538461539 0.02403846153846154 0.052884615384615384
0 0.21634615384615385 0.5528846153846154 0.028846153846153848 0.109375
0 0.21033653846153846 0.7355769230769231 0.10817307692307693 0.37259615384615385
0 0.3233173076923077 0.6418269230769231 0.04927884615384615 0.22235576923076922
0 0.4074519230769231 0.5733173076923077 0.03245192307692308 0.11177884615384616
0 0.48197115384615385 0.6129807692307693 0.051682692307692304 0.15985576923076922
0 0.9146634615384616 0.5540865384615384 0.013221153846153846 0.06129807692307692
0 0.9338942307692307 0.5564903846153846 0.019230769230769232 0.06610576923076923
0 0.9615384615384616 0.5456730769230769 0.01201923076923077 0.03125