0 0.2956730769230769 0.4254807692307692 0.0889423076923077 0.20673076923076922
0 0.6574519230769231 0.4362980769230769 0.10096153846153846 0.23918269230769232
0 0.8882211538461539 0.43990384615384615 0.13221153846153846 0.296875
0 0.7680288461538461 0.4495192307692308 0.12139423076923077 0.24879807692307693
0 0.06850961538461539 0.5372596153846154 0.13581730769230768 0.5564903846153846
0 0.1875 0.5420673076923077 0.10336538461538461 0.5192307692307693
0 0.2980769230769231 0.5697115384615384 0.10576923076923077 0.5372596153846154
0 0.4338942307692308 0.5769230769230769 0.1045673076923077 0.5588942307692307
0 0.5564903846153846 0.5877403846153846 0.09375 0.5252403846153846
0 0.11538461538461539 0.6394230769230769 0.1346153846153846 0.4735576923076923
0 0.3894230769230769 0.6598557692307693 0.125 0.4807692307692308
0 0.24879807692307693 0.6622596153846154 0.12620192307692307 0.421875
0 0.6526442307692307 0.6742788461538461 0.12139423076923077 0.43028846153846156
0 0.7752403846153846 0.6814903846153846 0.12980769230769232 0.453125
0 0.5192307692307693 0.6862980769230769 0.13701923076923078 0.4387019230769231
0 0.8846153846153846 0.6995192307692307 0.1346153846153846 0.3870192307692308