0 0.8078924544666088 0.8187732342007435 0.07372072853425846 0.3141263940520446
0 0.7419774501300954 0.7927509293680297 0.04423243712055507 0.2843866171003718
0 0.7276669557675629 0.7797397769516728 0.03469210754553339 0.24349442379182157
0 0.7671292281006071 0.7825278810408922 0.03902862098872507 0.2379182156133829
0 0.8868169991326973 0.6635687732342007 0.05117085862966175 0.19330855018587362
0 0.9509973980919341 0.6830855018587361 0.040763226366001735 0.17657992565055763
0 0.9722463139635733 0.6366171003717472 0.045099739809193407 0.1691449814126394
0 0.8824804856895057 0.5808550185873605 0.033824804856895055 0.0724907063197026
0 0.8456201214223764 0.6217472118959108 0.0398959236773634 0.1579925650557621
0 0.8143972246313964 0.6022304832713755 0.03469210754553339 0.14869888475836432
0 0.7983521248915871 0.6115241635687733 0.028620988725065046 0.14869888475836432
0 0.7450130095403296 0.54182156133829 0.022549869904596703 0.08736059479553904
0 0.7549869904596704 0.5306691449814126 0.01647875108412836 0.09107806691449814
0 0.7697311361665221 0.5278810408921933 0.0199479618386817 0.08921933085501858
0 0.7922810060711188 0.54182156133829 0.01821335646140503 0.0687732342007435
0 0.766695576756288 0.6384758364312267 0.022549869904596703 0.07992565055762081
0 0.6938421509106678 0.5241635687732342 0.017346053772766695 0.07806691449814127
0 0.707285342584562 0.5223048327137546 0.014744145706851692 0.07063197026022305
0 0.7172593235039029 0.5195167286245354 0.013876843018213356 0.06505576208178439
0 0.7515177797051171 0.48977695167286245 0.011274934952298352 0.046468401486988845
0 0.7445793581960104 0.4888475836431227 0.009540329575021683 0.05204460966542751
0 0.7701647875108413 0.48234200743494426 0.015611448395490026 0.03903345724907063
0 0.29228100607111884 0.595724907063197 0.027753686036426712 0.13197026022304834
0 0.24024284475281873 0.5464684014869888 0.019080659150043366 0.08178438661710037
0 0.2207285342584562 0.5315985130111525 0.01821335646140503 0.08921933085501858
0 0.21118820468343452 0.5260223048327137 0.0199479618386817 0.09293680297397769
0 0.1448395490026019 0.604089219330855 0.04336513443191674 0.13382899628252787
0 0.13876843018213356 0.5641263940520446 0.024284475281873375 0.120817843866171
0 0.10450997398091934 0.5520446096654275 0.028620988725065046 0.11895910780669144
0 0.07545533391153512 0.5752788104089219 0.027753686036426712 0.120817843866171
0 0.042931483087597574 0.604089219330855 0.028620988725065046 0.1412639405204461
0 0.021248915871639202 0.6152416356877324 0.03555941023417172 0.16728624535315986
0 0.17259323503902863 0.5473977695167286 0.020815264527320035 0.09107806691449814
0 0.2766695576756288 0.5223048327137546 0.012142237640936688 0.07806691449814127
0 0.29444926279271466 0.5195167286245354 0.01821335646140503 0.0762081784386617
0 0.3178664353859497 0.5018587360594795 0.009540329575021683 0.05204460966542751
0 0.32437120555073723 0.49907063197026025 0.008673026886383347 0.046468401486988845
0 0.3425845620121422 0.5176579925650557 0.010407632263660017 0.05390334572490706
0 0.33954900260190807 0.49349442379182157 0.009540329575021683 0.05018587360594796
0 0.35082393755420643 0.4888475836431227 0.011274934952298352 0.02973977695167286
0 0.3647007805724198 0.4879182156133829 0.009540329575021683 0.05390334572490706
0 0.38074588031222895 0.5018587360594795 0.010407632263660017 0.05204460966542751
0 0.39028620988725066 0.49070631970260226 0.012142237640936688 0.048327137546468404
0 0.733304423243712 0.4944237918215613 0.009540329575021683 0.055762081784386616
0 0.7267996530789246 0.48698884758364314 0.008673026886383347 0.048327137546468404
0 0.7181266261925412 0.48234200743494426 0.008673026886383347 0.04275092936802974
0 0.7085862966175195 0.483271375464684 0.006938421509106678 0.03717472118959108
0 0.6886383347788378 0.4758364312267658 0.006938421509106678 0.03717472118959108
0 0.6816999132697311 0.49535315985130113 0.008673026886383347 0.046468401486988845
0 0.09106678230702515 0.5362453531598513 0.022549869904596703 0.0762081784386617
0 0.00823937554206418 0.5780669144981413 0.01647875108412836 0.1895910780669145
0 0.02168256721595837 0.5278810408921933 0.027753686036426712 0.05947955390334572
0 0.04813529921942758 0.5511152416356877 0.0199479618386817 0.05390334572490706
0 0.058109280138768434 0.5520446096654275 0.015611448395490026 0.06319702602230483
0 0.19687771032090198 0.5325278810408922 0.022549869904596703 0.0762081784386617
0 0.4492627927146574 0.47862453531598514 0.006938421509106678 0.04275092936802974
0 0.43668690372940155 0.4721189591078067 0.006071118820468344 0.03717472118959108
0 0.4215091066782307 0.48605947955390333 0.008673026886383347 0.03903345724907063
0 0.6335646140503035 0.4516728624535316 0.006071118820468344 0.026022304832713755
0 0.8633998265394622 0.5408921933085502 0.02168256721595837 0.08178438661710037
0 0.19124024284475283 0.5604089219330854 0.01821335646140503 0.06133828996282528
0 0.4006938421509107 0.4888475836431227 0.008673026886383347 0.048327137546468404
0 0.44232437120555074 0.474907063197026 0.005203816131830009 0.031598513011152414
0 0.3738074588031223 0.49070631970260226 0.008673026886383347 0.04460966542750929
0 0.38248048568950566 0.47769516728624534 0.008673026886383347 0.02973977695167286