0 0.31971153846153844 0.6466346153846154 0.055288461538461536 0.21514423076923078
0 0.49759615384615385 0.5721153846153846 0.018028846153846152 0.07451923076923077
0 0.5168269230769231 0.5769230769230769 0.020432692307692308 0.08774038461538461
0 0.5384615384615384 0.5612980769230769 0.010817307692307692 0.04807692307692308
0 0.5480769230769231 0.5564903846153846 0.009615384615384616 0.03365384615384615
0 0.5540865384615384 0.5492788461538461 0.006009615384615385 0.027644230769230768
0 0.5588942307692307 0.5480769230769231 0.007211538461538462 0.028846153846153848
0 0.5697115384615384 0.5564903846153846 0.008413461538461538 0.03365384615384615
0 0.5793269230769231 0.5504807692307693 0.007211538461538462 0.03125
0 0.6262019230769231 0.5564903846153846 0.009615384615384616 0.039663461538461536
0 0.6454326923076923 0.5757211538461539 0.028846153846153848 0.07451923076923077
0 0.6598557692307693 0.5552884615384616 0.009615384615384616 0.03125
0 0.6646634615384616 0.5528846153846154 0.003605769230769231 0.014423076923076924
0 0.6670673076923077 0.546875 0.004807692307692308 0.021634615384615384
0 0.6610576923076923 0.5408653846153846 0.004807692307692308 0.010817307692307692
0 0.65625 0.5456730769230769 0.006009615384615385 0.019230769230769232
0 0.6538461538461539 0.5444711538461539 0.003605769230769231 0.014423076923076924
0 0.6466346153846154 0.5372596153846154 0.004807692307692308 0.009615384615384616
0 0.6466346153846154 0.5384615384615384 0.002403846153846154 0.003605769230769231
0 0.6959134615384616 0.5576923076923077 0.008413461538461538 0.03125
0 0.7079326923076923 0.5576923076923077 0.010817307692307692 0.03125
0 0.71875 0.5528846153846154 0.006009615384615385 0.02403846153846154
0 0.7139423076923077 0.5444711538461539 0.003605769230769231 0.015625
0 0.7235576923076923 0.5528846153846154 0.008413461538461538 0.025240384615384616
0 0.7367788461538461 0.5528846153846154 0.008413461538461538 0.027644230769230768
0 0.8040865384615384 0.5564903846153846 0.007211538461538462 0.028846153846153848
0 0.8100961538461539 0.5456730769230769 0.004807692307692308 0.009615384615384616
0 0.8221153846153846 0.5480769230769231 0.013221153846153846 0.02403846153846154
0 0.8317307692307693 0.5576923076923077 0.014423076923076924 0.021634615384615384
0 0.8317307692307693 0.5480769230769231 0.007211538461538462 0.018028846153846152
0 0.8161057692307693 0.5721153846153846 0.016826923076923076 0.06129807692307692
0 0.8377403846153846 0.5576923076923077 0.008413461538461538 0.038461538461538464
0 0.8461538461538461 0.5576923076923077 0.008413461538461538 0.03485576923076923
0 0.8449519230769231 0.5492788461538461 0.007211538461538462 0.025240384615384616
0 0.8509615384615384 0.5516826923076923 0.007211538461538462 0.026442307692307692
0 0.8533653846153846 0.5492788461538461 0.004807692307692308 0.025240384615384616
0 0.9831730769230769 0.6201923076923077 0.03365384615384615 0.1875
0 0.921875 0.6189903846153846 0.042067307692307696 0.17307692307692307
0 0.8846153846153846 0.6009615384615384 0.040865384615384616 0.15504807692307693
0 0.9026442307692307 0.5516826923076923 0.008413461538461538 0.021634615384615384
0 0.8966346153846154 0.5408653846153846 0.007211538461538462 0.013221153846153846
0 0.8689903846153846 0.5564903846153846 0.010817307692307692 0.03125
0 0.8641826923076923 0.5625 0.008413461538461538 0.038461538461538464
0 0.8617788461538461 0.5540865384615384 0.006009615384615385 0.025240384615384616
0 0.859375 0.5552884615384616 0.007211538461538462 0.03125
0 0.8569711538461539 0.5444711538461539 0.003605769230769231 0.013221153846153846
0 0.8617788461538461 0.5408653846153846 0.003605769230769231 0.007211538461538462