0 0.3016826923076923 0.3737980769230769 0.03125 0.14302884615384615
0 0.3557692307692308 0.31009615384615385 0.025240384615384616 0.05048076923076923
0 0.33413461538461536 0.36538461538461536 0.042067307692307696 0.12620192307692307
0 0.37740384615384615 0.3858173076923077 0.036057692307692304 0.12259615384615384
0 0.36899038461538464 0.39663461538461536 0.042067307692307696 0.08173076923076923
0 0.35096153846153844 0.4375 0.056490384615384616 0.12860576923076922
0 0.3449519230769231 0.43990384615384615 0.038461538461538464 0.125
0 0.29086538461538464 0.47115384615384615 0.040865384615384616 0.125
0 0.2512019230769231 0.4579326923076923 0.056490384615384616 0.12620192307692307
0 0.25240384615384615 0.48677884615384615 0.038461538461538464 0.06490384615384616
0 0.27403846153846156 0.5865384615384616 0.07211538461538461 0.171875
0 0.3894230769230769 0.5949519230769231 0.03485576923076923 0.140625
0 0.35336538461538464 0.6033653846153846 0.078125 0.30649038461538464
0 0.4495192307692308 0.3918269230769231 0.04567307692307692 0.09134615384615384
0 0.4338942307692308 0.5817307692307693 0.07932692307692307 0.2824519230769231
0 0.40024038461538464 0.4795673076923077 0.04807692307692308 0.18389423076923078
0 0.3137019230769231 0.7331730769230769 0.10336538461538461 0.35216346153846156
0 0.4074519230769231 0.8365384615384616 0.10817307692307693 0.16947115384615385
0 0.31490384615384615 0.9050480769230769 0.06370192307692307 0.0985576923076923
0 0.43028846153846156 0.7427884615384616 0.06850961538461539 0.12259615384615384
0 0.12379807692307693 0.8978365384615384 0.1141826923076923 0.11298076923076923
0 0.24278846153846154 0.9050480769230769 0.14182692307692307 0.18389423076923078
0 0.4074519230769231 0.9074519230769231 0.109375 0.0985576923076923
0 0.5060096153846154 0.8197115384615384 0.11538461538461539 0.2704326923076923
0 0.6189903846153846 0.8713942307692307 0.109375 0.171875
0 0.7512019230769231 0.875 0.12980769230769232 0.24639423076923078
0 0.6814903846153846 0.7355769230769231 0.1045673076923077 0.25600961538461536
0 0.7331730769230769 0.6622596153846154 0.04567307692307692 0.09134615384615384
0 0.7644230769230769 0.7307692307692307 0.09735576923076923 0.2127403846153846
0 0.6394230769230769 0.6983173076923077 0.10336538461538461 0.2776442307692308
0 0.5564903846153846 0.6875 0.10096153846153846 0.328125
0 0.46634615384615385 0.6802884615384616 0.0733173076923077 0.24158653846153846
0 0.5072115384615384 0.6009615384615384 0.06610576923076923 0.20072115384615385
0 0.5925480769230769 0.5396634615384616 0.07451923076923077 0.17908653846153846
0 0.6598557692307693 0.5384615384615384 0.06610576923076923 0.13822115384615385
0 0.7319711538461539 0.5480769230769231 0.06370192307692307 0.171875
0 0.7524038461538461 0.6201923076923077 0.06971153846153846 0.125
0 0.7668269230769231 0.5072115384615384 0.040865384615384616 0.125
0 0.7956730769230769 0.5625 0.055288461538461536 0.14783653846153846
0 0.8269230769230769 0.5144230769230769 0.036057692307692304 0.11057692307692307
0 0.8473557692307693 0.5913461538461539 0.08173076923076923 0.1814903846153846
0 0.8497596153846154 0.6826923076923077 0.078125 0.15504807692307693
0 0.8293269230769231 0.8269230769230769 0.12139423076923077 0.25600961538461536
0 0.5216346153846154 0.5144230769230769 0.078125 0.16706730769230768
0 0.5012019230769231 0.4543269230769231 0.026442307692307692 0.038461538461538464
0 0.49158653846153844 0.41466346153846156 0.038461538461538464 0.06971153846153846
0 0.4543269230769231 0.4579326923076923 0.046875 0.12259615384615384
0 0.5396634615384616 0.4387019230769231 0.04567307692307692 0.12259615384615384
0 0.6730769230769231 0.41225961538461536 0.03485576923076923 0.07932692307692307
0 0.6478365384615384 0.46634615384615385 0.051682692307692304 0.16706730769230768
0 0.6009615384615384 0.4543269230769231 0.042067307692307696 0.1201923076923077
0 0.5637019230769231 0.42908653846153844 0.042067307692307696 0.16947115384615385
0 0.5192307692307693 0.3798076923076923 0.040865384615384616 0.13341346153846154
0 0.5480769230769231 0.34375 0.03485576923076923 0.06009615384615385
0 0.47836538461538464 0.359375 0.037259615384615384 0.11538461538461539
0 0.4567307692307692 0.3557692307692308 0.037259615384615384 0.07451923076923077
0 0.41947115384615385 0.37740384615384615 0.051682692307692304 0.11538461538461539
0 0.4182692307692308 0.3317307692307692 0.03245192307692308 0.09375
0 0.08653846153846154 0.8377403846153846 0.10817307692307693 0.17668269230769232
0 0.038461538461538464 0.84375 0.06971153846153846 0.16466346153846154
0 0.20432692307692307 0.7536057692307693 0.13221153846153846 0.234375
0 0.17067307692307693 0.75 0.12139423076923077 0.22235576923076922
0 0.03245192307692308 0.7103365384615384 0.06370192307692307 0.13822115384615385
0 0.10697115384615384 0.7151442307692307 0.0889423076923077 0.2536057692307692
0 0.12980769230769232 0.6117788461538461 0.056490384615384616 0.13581730769230768
0 0.20793269230769232 0.6622596153846154 0.08413461538461539 0.2439903846153846
0 0.2127403846153846 0.578125 0.08173076923076923 0.140625
0 0.06129807692307692 0.6838942307692307 0.078125 0.24879807692307693
0 0.0673076923076923 0.546875 0.040865384615384616 0.10336538461538461
0 0.14302884615384615 0.5408653846153846 0.055288461538461536 0.15264423076923078
0 0.11057692307692307 0.5432692307692307 0.04326923076923077 0.057692307692307696
0 0.11538461538461539 0.5240384615384616 0.04567307692307692 0.11057692307692307
0 0.19471153846153846 0.49158653846153844 0.040865384615384616 0.12620192307692307
0 0.16947115384615385 0.48197115384615385 0.036057692307692304 0.11298076923076923
0 0.9326923076923077 0.9194711538461539 0.08774038461538461 0.06971153846153846
0 0.8966346153846154 0.8137019230769231 0.09014423076923077 0.19110576923076922
0 0.9158653846153846 0.7103365384615384 0.08653846153846154 0.13341346153846154
0 0.9326923076923077 0.625 0.06610576923076923 0.14302884615384615
0 0.9074519230769231 0.5757211538461539 0.046875 0.18389423076923078
0 0.9747596153846154 0.8377403846153846 0.04807692307692308 0.14783653846153846
0 0.9759615384615384 0.6778846153846154 0.04326923076923077 0.14543269230769232
0 0.9759615384615384 0.6322115384615384 0.04567307692307692 0.15985576923076922
0 0.9759615384615384 0.5516826923076923 0.030048076923076924 0.11298076923076923
0 0.9471153846153846 0.5300480769230769 0.040865384615384616 0.0985576923076923
0 0.8966346153846154 0.49399038461538464 0.03485576923076923 0.08413461538461539
0 0.8557692307692307 0.49158653846153844 0.042067307692307696 0.11298076923076923
0 0.84375 0.4831730769230769 0.025240384615384616 0.11538461538461539
0 0.8137019230769231 0.4567307692307692 0.027644230769230768 0.08173076923076923
0 0.7872596153846154 0.46875 0.037259615384615384 0.13341346153846154
0 0.7427884615384616 0.46274038461538464 0.036057692307692304 0.11298076923076923
0 0.6947115384615384 0.46875 0.04326923076923077 0.13822115384615385
0 0.6322115384615384 0.32211538461538464 0.027644230769230768 0.10336538461538461
0 0.6225961538461539 0.3641826923076923 0.026442307692307692 0.07692307692307693
0 0.6694711538461539 0.3762019230769231 0.036057692307692304 0.07451923076923077
0 0.7475961538461539 0.34615384615384615 0.026442307692307692 0.0889423076923077
0 0.7391826923076923 0.40384615384615385 0.027644230769230768 0.07692307692307693
0 0.6033653846153846 0.32572115384615385 0.026442307692307692 0.10096153846153846
0 0.5961538461538461 0.3401442307692308 0.026442307692307692 0.07211538461538461
0 0.019230769230769232 0.6081730769230769 0.030048076923076924 0.09134615384615384
0 0.10216346153846154 0.7211538461538461 0.0733173076923077 0.2512019230769231
0 0.984375 0.5612980769230769 0.027644230769230768 0.055288461538461536
0 0.9483173076923077 0.5492788461538461 0.037259615384615384 0.06009615384615385
0 0.7620192307692307 0.40384615384615385 0.03485576923076923 0.09615384615384616
0 0.4675480769230769 0.5096153846153846 0.05048076923076923 0.12860576923076922
0 0.4110576923076923 0.4050480769230769 0.04326923076923077 0.0889423076923077