0 0.234375 0.7379807692307693 0.09615384615384616 0.33774038461538464
0 0.29447115384615385 0.7295673076923077 0.13822115384615385 0.33052884615384615
0 0.4483173076923077 0.7115384615384616 0.06009615384615385 0.3016826923076923
0 0.45552884615384615 0.7127403846153846 0.07451923076923077 0.30288461538461536
0 0.546875 0.6947115384615384 0.08653846153846154 0.31490384615384615
0 0.6105769230769231 0.7019230769230769 0.1201923076923077 0.3233173076923077
0 0.6983173076923077 0.6802884615384616 0.021634615384615384 0.04807692307692308
0 0.7487980769230769 0.6971153846153846 0.0889423076923077 0.34615384615384615
0 0.8233173076923077 0.7079326923076923 0.09975961538461539 0.36538461538461536
0 0.8990384615384616 0.6838942307692307 0.026442307692307692 0.09014423076923077
0 0.9399038461538461 0.6959134615384616 0.11899038461538461 0.3329326923076923
0 0.9603365384615384 0.6947115384615384 0.07932692307692307 0.32572115384615385