0 0.1141826923076923 0.8846153846153846 0.21394230769230768 0.23076923076923078
0 0.08052884615384616 0.7776442307692307 0.14423076923076922 0.25
0 0.11778846153846154 0.7199519230769231 0.11057692307692307 0.2512019230769231
0 0.06850961538461539 0.6538461538461539 0.039663461538461536 0.14783653846153846
0 0.03245192307692308 0.6502403846153846 0.056490384615384616 0.14783653846153846
0 0.02403846153846154 0.6430288461538461 0.04807692307692308 0.10216346153846154
0 0.04807692307692308 0.6057692307692307 0.028846153846153848 0.09495192307692307
0 0.09375 0.6057692307692307 0.038461538461538464 0.11778846153846154
0 0.13581730769230768 0.6490384615384616 0.051682692307692304 0.1814903846153846
0 0.21033653846153846 0.8052884615384616 0.23076923076923078 0.3894230769230769
0 0.234375 0.6478365384615384 0.09735576923076923 0.28365384615384615
0 0.25240384615384615 0.6009615384615384 0.0829326923076923 0.28125
0 0.27524038461538464 0.640625 0.10576923076923077 0.3016826923076923
0 0.3161057692307692 0.5637019230769231 0.04807692307692308 0.12980769230769232
0 0.34975961538461536 0.7199519230769231 0.12620192307692307 0.3701923076923077
0 0.3485576923076923 0.5 0.06971153846153846 0.14302884615384615
0 0.3762019230769231 0.5048076923076923 0.054086538461538464 0.16105769230769232
0 0.31971153846153844 0.48197115384615385 0.030048076923076924 0.056490384615384616
0 0.3088942307692308 0.4651442307692308 0.027644230769230768 0.07692307692307693
0 0.390625 0.47475961538461536 0.04567307692307692 0.15144230769230768
0 0.4254807692307692 0.5072115384615384 0.05048076923076923 0.20192307692307693
0 0.46274038461538464 0.46634615384615385 0.040865384615384616 0.12980769230769232
0 0.42908653846153844 0.7800480769230769 0.18028846153846154 0.43990384615384615
0 0.49399038461538464 0.6322115384615384 0.08774038461538461 0.3713942307692308
0 0.5793269230769231 0.7235576923076923 0.15504807692307693 0.44471153846153844
0 0.609375 0.5372596153846154 0.08533653846153846 0.171875
0 0.4951923076923077 0.4110576923076923 0.02403846153846154 0.08413461538461539
0 0.5228365384615384 0.453125 0.03365384615384615 0.15384615384615385
0 0.5336538461538461 0.4098557692307692 0.02403846153846154 0.0889423076923077
0 0.5600961538461539 0.4495192307692308 0.03485576923076923 0.13341346153846154
0 0.5865384615384616 0.4098557692307692 0.038461538461538464 0.09254807692307693
0 0.5853365384615384 0.4651442307692308 0.040865384615384616 0.11298076923076923
0 0.5997596153846154 0.4675480769230769 0.042067307692307696 0.08653846153846154
0 0.640625 0.5036057692307693 0.052884615384615384 0.21754807692307693
0 0.6694711538461539 0.5504807692307693 0.056490384615384616 0.3329326923076923
0 0.6237980769230769 0.43028846153846156 0.04447115384615385 0.06610576923076923
0 0.6322115384615384 0.40384615384615385 0.025240384615384616 0.05889423076923077
0 0.6947115384615384 0.5769230769230769 0.07091346153846154 0.38341346153846156
0 0.7487980769230769 0.5456730769230769 0.05889423076923077 0.2704326923076923
0 0.8004807692307693 0.5396634615384616 0.10336538461538461 0.28966346153846156
0 0.7451923076923077 0.7824519230769231 0.15264423076923078 0.43509615384615385
0 0.8449519230769231 0.7403846153846154 0.15144230769230768 0.4963942307692308
0 0.9411057692307693 0.6442307692307693 0.11778846153846154 0.453125
0 0.921875 0.5901442307692307 0.07692307692307693 0.3473557692307692
0 0.8617788461538461 0.47115384615384615 0.052884615384615384 0.140625
0 0.8653846153846154 0.3629807692307692 0.03125 0.06850961538461539
0 0.9146634615384616 0.4387019230769231 0.046875 0.11057692307692307
0 0.75 0.39663461538461536 0.03365384615384615 0.09495192307692307