0 0.69921875 0.31158357771260997 0.029296875 0.051319648093841645
0 0.0107421875 0.33357771260997066 0.013671875 0.05718475073313783
0 0.6650390625 0.34750733137829914 0.03515625 0.08504398826979472
0 0.03759765625 0.3489736070381232 0.0322265625 0.05278592375366569
0 0.02001953125 0.36656891495601174 0.0205078125 0.08504398826979472
0 0.0068359375 0.36950146627565983 0.013671875 0.07917888563049853
0 0.9794921875 0.37390029325513197 0.0390625 0.1906158357771261
0 0.916015625 0.37316715542521994 0.03515625 0.12756598240469208
0 0.8779296875 0.374633431085044 0.03125 0.1656891495601173
0 0.943359375 0.375366568914956 0.02734375 0.12023460410557185
0 0.859375 0.3812316715542522 0.041015625 0.15249266862170088
0 0.84228515625 0.3848973607038123 0.0244140625 0.15102639296187684
0 0.798828125 0.3885630498533724 0.025390625 0.17595307917888564
0 0.818359375 0.39002932551319647 0.052734375 0.1935483870967742
0 0.54296875 0.4046920821114369 0.033203125 0.21994134897360704
0 0.53369140625 0.40542521994134895 0.0400390625 0.22140762463343108
0 0.75244140625 0.40762463343108507 0.0361328125 0.17302052785923755
0 0.57080078125 0.41642228739002934 0.0419921875 0.21700879765395895
0 0.75244140625 0.41642228739002934 0.0400390625 0.1906158357771261
0 0.49560546875 0.41935483870967744 0.0654296875 0.3020527859237537
0 0.63134765625 0.4244868035190616 0.0341796875 0.2536656891495601
0 0.70361328125 0.4310850439882698 0.0615234375 0.26392961876832843
0 0.77099609375 0.43328445747800587 0.0595703125 0.24193548387096775
0 0.6796875 0.4340175953079179 0.03515625 0.21700879765395895
0 0.22412109375 0.436950146627566 0.0908203125 0.12903225806451613
0 0.61181640625 0.44208211143695014 0.0712890625 0.27126099706744866
0 0.65380859375 0.44208211143695014 0.0283203125 0.17155425219941348
0 0.4296875 0.4501466275659824 0.126953125 0.3284457478005865
0 0.18310546875 0.48607038123167157 0.1767578125 0.4912023460410557