0 0.7740384615384616 0.15985576923076922 0.05048076923076923 0.0889423076923077
0 0.41586538461538464 0.16706730769230768 0.04447115384615385 0.1778846153846154
0 0.9519230769230769 0.16706730769230768 0.039663461538461536 0.0985576923076923
0 0.9591346153846154 0.171875 0.030048076923076924 0.07692307692307693
0 0.9362980769230769 0.17668269230769232 0.025240384615384616 0.11177884615384616
0 0.5961538461538461 0.18870192307692307 0.039663461538461536 0.18870192307692307
0 0.8389423076923077 0.22115384615384615 0.040865384615384616 0.15504807692307693
0 0.9711538461538461 0.22115384615384615 0.03365384615384615 0.1141826923076923
0 0.8112980769230769 0.22956730769230768 0.039663461538461536 0.109375
0 0.8473557692307693 0.234375 0.040865384615384616 0.15504807692307693
0 0.9002403846153846 0.25 0.027644230769230768 0.10817307692307693
0 0.8617788461538461 0.25240384615384615 0.03125 0.12860576923076922
0 0.9771634615384616 0.2548076923076923 0.03125 0.14543269230769232
0 0.8569711538461539 0.3425480769230769 0.036057692307692304 0.08533653846153846
0 0.203125 0.3473557692307692 0.038461538461538464 0.19110576923076922
0 0.3762019230769231 0.34975961538461536 0.036057692307692304 0.19110576923076922
0 0.8689903846153846 0.3641826923076923 0.046875 0.11899038461538461
0 0.6189903846153846 0.3870192307692308 0.052884615384615384 0.18990384615384615
0 0.8786057692307693 0.3918269230769231 0.038461538461538464 0.10576923076923077
0 0.890625 0.4110576923076923 0.051682692307692304 0.0985576923076923
0 0.9074519230769231 0.43028846153846156 0.042067307692307696 0.09134615384615384
0 0.31971153846153844 0.4519230769230769 0.04567307692307692 0.18509615384615385
0 0.9182692307692307 0.46033653846153844 0.04807692307692308 0.10216346153846154
0 0.13221153846153846 0.4807692307692308 0.036057692307692304 0.13701923076923078
0 0.5372596153846154 0.48197115384615385 0.04326923076923077 0.19831730769230768
0 0.9350961538461539 0.5036057692307693 0.057692307692307696 0.11177884615384616
0 0.7439903846153846 0.5120192307692307 0.046875 0.19110576923076922
0 0.8713942307692307 0.052884615384615384 0.021634615384615384 0.06129807692307692
0 0.9555288461538461 0.5264423076923077 0.052884615384615384 0.109375
0 0.1778846153846154 0.052884615384615384 0.03365384615384615 0.10576923076923077
0 0.3641826923076923 0.06129807692307692 0.038461538461538464 0.12259615384615384
0 0.7247596153846154 0.0625 0.037259615384615384 0.09134615384615384
0 0.29927884615384615 0.6442307692307693 0.06129807692307692 0.20673076923076922
0 0.49399038461538464 0.6862980769230769 0.0625 0.21394230769230768
0 0.5300480769230769 0.06971153846153846 0.038461538461538464 0.13942307692307693
0 0.9266826923076923 0.07211538461538461 0.026442307692307692 0.11298076923076923
0 0.7524038461538461 0.07451923076923077 0.028846153846153848 0.036057692307692304
0 0.90625 0.07572115384615384 0.020432692307692308 0.10336538461538461
0 0.040865384615384616 0.08052884615384616 0.04927884615384615 0.15985576923076922
0 0.38461538461538464 0.8449519230769231 0.055288461538461536 0.22115384615384615
0 0.6141826923076923 0.8521634615384616 0.057692307692307696 0.22716346153846154
0 0.19951923076923078 0.08653846153846154 0.04447115384615385 0.17307692307692307
0 0.8942307692307693 0.09134615384615384 0.030048076923076924 0.1141826923076923
0 0.3858173076923077 0.09615384615384616 0.04326923076923077 0.17067307692307693
0 0.9471153846153846 0.10096153846153846 0.025240384615384616 0.055288461538461536
0 0.8870192307692307 0.10336538461538461 0.020432692307692308 0.07091346153846154
0 0.7475961538461539 0.1141826923076923 0.05048076923076923 0.09134615384615384
0 0.5576923076923077 0.11658653846153846 0.04447115384615385 0.17908653846153846
0 0.05889423076923077 0.1201923076923077 0.04567307692307692 0.1778846153846154
0 0.8461538461538461 0.12379807692307693 0.030048076923076924 0.07572115384615384
0 0.22115384615384615 0.125 0.038461538461538464 0.17067307692307693
0 0.8737980769230769 0.1346153846153846 0.030048076923076924 0.12259615384615384
0 0.8173076923076923 0.13701923076923078 0.030048076923076924 0.09134615384615384
0 0.9170673076923077 0.1466346153846154 0.03125 0.10216346153846154