0 0.03125 0.84375 0.0625 0.28846153846153844
0 0.11658653846153846 0.8677884615384616 0.14182692307692307 0.2644230769230769
0 0.1875 0.8701923076923077 0.0673076923076923 0.25961538461538464
0 0.2247596153846154 0.7992788461538461 0.038461538461538464 0.19951923076923078
0 0.16105769230769232 0.7548076923076923 0.028846153846153848 0.08052884615384616
0 0.125 0.7451923076923077 0.03245192307692308 0.052884615384615384
0 0.18389423076923078 0.7427884615384616 0.016826923076923076 0.04807692307692308
0 0.20673076923076922 0.7223557692307693 0.020432692307692308 0.03485576923076923
0 0.24879807692307693 0.7692307692307693 0.020432692307692308 0.0985576923076923
0 0.2644230769230769 0.765625 0.025240384615384616 0.09254807692307693
0 0.23677884615384615 0.7235576923076923 0.01201923076923077 0.018028846153846152
0 0.27163461538461536 0.75 0.018028846153846152 0.05889423076923077
0 0.28365384615384615 0.7379807692307693 0.009615384615384616 0.046875
0 0.29086538461538464 0.7379807692307693 0.013221153846153846 0.04927884615384615
0 0.3004807692307692 0.7403846153846154 0.015625 0.06009615384615385
0 0.3137019230769231 0.7487980769230769 0.02283653846153846 0.07091346153846154
0 0.3389423076923077 0.8509615384615384 0.07692307692307693 0.2860576923076923
0 0.6862980769230769 0.8341346153846154 0.05048076923076923 0.22716346153846154
0 0.7560096153846154 0.8305288461538461 0.09254807692307693 0.26322115384615385
0 0.9266826923076923 0.8641826923076923 0.11778846153846154 0.27163461538461536
0 0.7067307692307693 0.7932692307692307 0.021634615384615384 0.14543269230769232
0 0.5985576923076923 0.7728365384615384 0.03365384615384615 0.10697115384615384
0 0.6394230769230769 0.7632211538461539 0.037259615384615384 0.12259615384615384
0 0.5733173076923077 0.7572115384615384 0.021634615384615384 0.0889423076923077
0 0.6213942307692307 0.7536057692307693 0.015625 0.06850961538461539