0 0.48001973359644795 0.11463187325256291 0.07893438579181056 0.1435228331780056
0 0.7715836211149482 0.11602982292637465 0.026640355204736062 0.049394221808014914
0 0.3211642821904292 0.11929170549860205 0.053280710409472125 0.10997204100652376
0 0.5579674395658609 0.12162162162162163 0.058214109521460285 0.11649580615097857
0 0.6161815490873211 0.14538676607642126 0.023680315737543166 0.07642124883504194
0 0.2809570794277257 0.15890027958993477 0.04193389245189936 0.09226467847157502
0 0.7281697089294524 0.16262814538676607 0.056240749876665025 0.18546132339235788
0 0.14849531327084362 0.16309412861137 0.048347311297483965 0.10251630941286113
0 0.3273310310804144 0.16775396085740912 0.029107054760730142 0.06523765144454799
0 0.5589541193882586 0.17054986020503263 0.03453379378391712 0.1565703634669152
0 0.6253083374444992 0.17520969245107176 0.02713369511593488 0.10997204100652376
0 0.6561420818944252 0.18452935694315004 0.04242723236309817 0.2124883504193849
0 0.8352244696595955 0.1891891891891892 0.03552047360631475 0.19757688723205966
0 0.407498766650222 0.19198508853681268 0.05920078934385792 0.18825722273998136
0 0.530833744449926 0.1924510717614166 0.043413912185495805 0.13886300093196646
0 0.7893438579181056 0.1966449207828518 0.06314750863344845 0.2031686859273066
0 0.6857424765663542 0.19757688723205966 0.04242723236309817 0.21435228331780057
0 0.5781943759250123 0.20037278657968313 0.02960039467192896 0.11556383970177074
0 0.5049333991119882 0.20456663560111835 0.034040453872718306 0.1929170549860205
0 0.8759250123334977 0.2092264678471575 0.0892945239269857 0.2096924510717614
0 0.45288603848051306 0.2096924510717614 0.04045387271830291 0.18266542404473438
0 0.2691169215589541 0.21155638397017706 0.053774050320670945 0.14538676607642126
0 0.19042920572274297 0.212022367194781 0.07202762703502713 0.32152842497670087
0 0.5984213122841638 0.21388630009319665 0.03749383325111001 0.1239515377446412
0 0.23038973852984707 0.21947809878844363 0.046373951652688705 0.2096924510717614
0 0.38135175135668475 0.21947809878844363 0.05525407005426739 0.2022367194780988
0 0.30587074494326594 0.22693383038210624 0.05426739023186976 0.14445479962721341
0 0.4792797237296497 0.22693383038210624 0.03502713369511593 0.18173345759552656
0 0.6262950172668968 0.23159366262814537 0.029107054760730142 0.10904007455731593
0 0.7548100641341885 0.2320596458527493 0.04242723236309817 0.24976700838769805
0 0.28638381845091265 0.23392357875116496 0.04982733103108041 0.1267474370922647
0 0.34755796743956585 0.2418452935694315 0.04292057227429699 0.21342031686859272
0 0.1262950172668969 0.26887232059645855 0.05032067094227923 0.1724137931034483
0 0.1482486433152442 0.2707362534948742 0.11297483966452886 0.2786579683131407
0 0.7380365071534287 0.27586206896551724 0.056240749876665025 0.21621621621621623
0 0.7015293537247164 0.2805219012115564 0.04440059200789344 0.20130475302889095
0 0.8591514553527381 0.2833178005591799 0.045880611741489885 0.13793103448275862
0 0.9079921065614208 0.2833178005591799 0.06265416872224963 0.2385834109972041
0 0.6558954119388258 0.2954333643988816 0.036013813517513565 0.10997204100652376
0 0.40922545633941787 0.30102516309412863 0.02220029600394672 0.13233923578751164
0 0.6941292550567341 0.30288909599254427 0.0493339911198816 0.12861136999068035
0 0.46546620621608287 0.3047530288909599 0.05673408978786384 0.11556383970177074
0 0.5873211642821904 0.30568499534016774 0.06561420818944252 0.1509785647716682
0 0.8260976813024173 0.3061509785647717 0.05476073014306857 0.13886300093196646
0 0.42698569314257523 0.3084808946877912 0.05180069067587568 0.13979496738117428
0 0.5505673408978786 0.3126747437092265 0.051307350764676865 0.20037278657968313
0 0.6248149975333005 0.3136067101584343 0.03798717316230883 0.13327120223671948
0 0.7821904292057228 0.315004659832246 0.043907252096694625 0.1733457595526561
0 0.5115934879131722 0.31547064305684996 0.048347311297483965 0.11463187325256291
0 0.3949185989146522 0.3233923578751165 0.036013813517513565 0.10065237651444547
0 0.20276270350271336 0.3341099720410065 0.053280710409472125 0.157502329916123
0 0.24839664528860383 0.33457595526561046 0.053774050320670945 0.17893755824790308
0 0.3191909225456339 0.3383038210624418 0.05722742969906265 0.19384902143522834
0 0.10088801184015787 0.34808946877912395 0.053774050320670945 0.2320596458527493
0 0.2836704489393192 0.34808946877912395 0.04242723236309817 0.17427772600186392
0 0.36260483473112975 0.34995340167753963 0.04736063147508633 0.17614165890027958
0 0.9255056734089788 0.363932898415657 0.06216082881105081 0.09040074557315937
0 0.15984213122841637 0.37744641192917056 0.058214109521460285 0.12861136999068035
0 0.06956092747903306 0.39701770736253494 0.11840157868771584 0.19944082013047532
0 0.7784903798717316 0.3993476234855545 0.08485446472619634 0.27306616961789376
0 0.2540700542673902 0.40726933830382106 0.0246669955599408 0.07455731593662628
0 0.9045387271830291 0.4193849021435228 0.05476073014306857 0.12861136999068035
0 0.29773063640848546 0.4277726001863933 0.03206709422792304 0.09692451071761417
0 0.6978293043907252 0.43662628145386767 0.08732116428219043 0.1239515377446412
0 0.4807597434632462 0.44175209692451073 0.04785397138628515 0.2423112767940354
0 0.38406512086827826 0.45246971109040074 0.04292057227429699 0.14818266542404473
0 0.5949679329057721 0.4636533084808947 0.025653675382338433 0.1369990680335508
0 0.3209176122348298 0.467381174277726 0.050814010853478045 0.17427772600186392
0 0.426245683275777 0.46924510717614165 0.06808090774543661 0.23578751164958062
0 0.5471139615194869 0.4706430568499534 0.027627035027133696 0.18080149114631874
0 0.6443019240256537 0.47157502329916123 0.043413912185495805 0.15470643056849953
0 0.6783423778983719 0.47530288909599255 0.07992106561420818 0.195712954333644
0 0.22422298963986187 0.47530288909599255 0.05673408978786384 0.29263746505125815
0 0.5189935865811545 0.4767008387698043 0.04440059200789344 0.22273998136067102
0 0.1793290577207696 0.483690587138863 0.04785397138628515 0.24603914259086673
0 0.6218549580661076 0.4902143522833178 0.02713369511593488 0.15843429636533085
0 0.43808584114454857 0.4962721342031687 0.056240749876665025 0.21714818266542404
0 0.3586581154415392 0.4995340167753961 0.04736063147508633 0.21808014911463186
0 0.567094227923039 0.5023299161230196 0.05673408978786384 0.21994408201304752
0 0.9252590034533794 0.5046598322460392 0.080414405525407 0.2637465051258155
0 0.13196842624568328 0.5158434296365331 0.06956092747903306 0.28611369990680335
0 0.8867784903798718 0.516309412861137 0.034040453872718306 0.16961789375582478
0 0.259990133201776 0.5246971109040075 0.05722742969906265 0.2255358807082945
0 0.15022200296003946 0.527493010251631 0.06364084854464726 0.2590866728797763
0 0.02220029600394672 0.5354147250698975 0.04440059200789344 0.2506989748369059
0 0.8300444005920079 0.5377446411929171 0.07844104588061174 0.2739981360671016
0 0.831277750370005 0.5503261882572228 0.0740009866798224 0.2059645852749301
0 0.48618648248643315 0.5526561043802423 0.04982733103108041 0.13047530288909598
0 0.06438085841144549 0.5540540540540541 0.0646275283670449 0.23392357875116496
0 0.6938825851011347 0.5540540540540541 0.06956092747903306 0.13886300093196646
0 0.06586087814504193 0.5587138863000932 0.07449432659102122 0.0754892823858341
0 0.4911198815984213 0.565237651444548 0.04193389245189936 0.10904007455731593
0 0.6425752343364578 0.5657036346691519 0.0833744449925999 0.16589002795899346
0 0.7382831771090281 0.5708294501397949 0.05180069067587568 0.2022367194780988
0 0.5461272816970892 0.5712954333643989 0.06216082881105081 0.15470643056849953
0 0.22940305870744943 0.5731593662628145 0.06018746916625555 0.11929170549860205
0 0.3068574247656635 0.5736253494874185 0.061174148988653185 0.3084808946877912
0 0.5532807104094721 0.5768872320596459 0.07745436605821411 0.15284249767008387
0 0.6070547607301431 0.5820130475302889 0.04193389245189936 0.12954333643988816
0 0.4284657128761717 0.5894687791239516 0.04686729156388752 0.10344827586206896
0 0.3976319684262457 0.5997204100652377 0.046373951652688705 0.17054986020503263
0 0.5123334977799704 0.6239515377446412 0.07054760730143068 0.17427772600186392
0 0.3522446965959546 0.630475302889096 0.06610754810064134 0.11276794035414725
0 0.6346817957572768 0.6393289841565704 0.023186975826344353 0.09133271202236719
0 0.7799703996053281 0.6463187325256291 0.05032067094227923 0.2712022367194781
0 0.4131721756290084 0.6556383970177073 0.0370004933399112 0.06803355079217148
0 0.5710409472126295 0.6663560111835974 0.06660088801184016 0.19384902143522834
0 0.3019240256536754 0.6677539608574091 0.03749383325111001 0.18546132339235788
0 0.32856438085841144 0.6882572227399814 0.07202762703502713 0.1798695246971109
0 0.2565367538233843 0.6910531220876048 0.10754810064134189 0.3103448275862069
0 0.45263936852491365 0.6943150046598322 0.050814010853478045 0.21808014911463186
0 0.18968919585594474 0.7041006523765144 0.058707449432659105 0.22460391425908668
0 0.11938825851011346 0.7106244175209693 0.05032067094227923 0.18359739049394222
0 0.6657622101628021 0.7129543336439889 0.08238776517020227 0.2684063373718546
0 0.4079921065614208 0.7255358807082946 0.06018746916625555 0.2506989748369059
0 0.3818450912678836 0.7325256290773532 0.036507153428712386 0.20689655172413793
0 0.5905278737049827 0.7348555452003728 0.14306857424765665 0.3569431500465983
0 0.3179575727676369 0.7413793103448276 0.1356684755796744 0.424044734389562
0 0.9373458312777504 0.7488350419384903 0.12432165762210162 0.5004659832246039
0 0.2710902812037494 0.7567567567567568 0.058707449432659105 0.21062441752096925
0 0.7955106068080908 0.7614165890027959 0.09225456339417859 0.3168685927306617
0 0.15293537247163297 0.7632805219012115 0.11248149975333005 0.38769804287045667
0 0.8507646768623581 0.766076421248835 0.10212136161815491 0.45293569431500463
0 0.46349284657128764 0.7665424044734389 0.12382831771090282 0.2488350419384902
0 0.06882091761223483 0.7712022367194781 0.07350764676862358 0.3364398881640261
0 0.7215096201282684 0.7735321528424977 0.08534780463739516 0.32805219012115566
0 0.030833744449926 0.7819198508853681 0.061667488899852 0.30941286113699906