0 0.15144230769230768 0.546875 0.17908653846153846 0.3737980769230769
0 0.2800480769230769 0.6310096153846154 0.22235576923076922 0.3894230769230769
0 0.4951923076923077 0.6826923076923077 0.19951923076923078 0.34134615384615385
0 0.5 0.5516826923076923 0.20072115384615385 0.5108173076923077
0 0.5685096153846154 0.5432692307692307 0.18990384615384615 0.5132211538461539
0 0.6514423076923077 0.5324519230769231 0.2091346153846154 0.53125
0 0.8401442307692307 0.44591346153846156 0.13822115384615385 0.3293269230769231
0 0.09134615384615384 0.140625 0.0625 0.13822115384615385
0 0.10697115384615384 0.06370192307692307 0.046875 0.055288461538461536
0 0.14903846153846154 0.09134615384615384 0.04807692307692308 0.12259615384615384
0 0.1466346153846154 0.13942307692307693 0.07932692307692307 0.15745192307692307
0 0.18269230769230768 0.0673076923076923 0.051682692307692304 0.07091346153846154
0 0.21995192307692307 0.15144230769230768 0.055288461538461536 0.15504807692307693
0 0.12259615384615384 0.1814903846153846 0.06009615384615385 0.07572115384615384
0 0.20192307692307693 0.18028846153846154 0.06971153846153846 0.08533653846153846
0 0.3004807692307692 0.18269230769230768 0.06490384615384616 0.0889423076923077
0 0.36538461538461536 0.19471153846153846 0.06129807692307692 0.07451923076923077
0 0.328125 0.1346153846153846 0.0673076923076923 0.1875
0 0.4387019230769231 0.15985576923076922 0.06850961538461539 0.15865384615384615
0 0.5384615384615384 0.203125 0.09975961538461539 0.08413461538461539
0 0.6706730769230769 0.21033653846153846 0.07211538461538461 0.08173076923076923
0 0.7548076923076923 0.21394230769230768 0.078125 0.09134615384615384
0 0.8882211538461539 0.21995192307692307 0.0733173076923077 0.08052884615384616
0 0.9711538461538461 0.22355769230769232 0.057692307692307696 0.09495192307692307
0 0.5841346153846154 0.13942307692307693 0.06490384615384616 0.18509615384615385
0 0.6790865384615384 0.125 0.078125 0.16466346153846154
0 0.7572115384615384 0.15625 0.06490384615384616 0.10216346153846154
0 0.7728365384615384 0.1466346153846154 0.08774038461538461 0.1971153846153846
0 0.8677884615384616 0.17427884615384615 0.06490384615384616 0.15384615384615385
0 0.9350961538461539 0.1502403846153846 0.056490384615384616 0.17067307692307693
0 0.9711538461538461 0.052884615384615384 0.052884615384615384 0.10576923076923077