0 0.1201923076923077 0.609375 0.08774038461538461 0.3641826923076923
0 0.19831730769230768 0.6057692307692307 0.07932692307692307 0.35697115384615385
0 0.2692307692307692 0.6057692307692307 0.078125 0.34615384615384615
0 0.33774038461538464 0.5985576923076923 0.07211538461538461 0.35096153846153844
0 0.39783653846153844 0.6081730769230769 0.06490384615384616 0.33052884615384615
0 0.46153846153846156 0.5853365384615384 0.09735576923076923 0.390625
0 0.5336538461538461 0.6033653846153846 0.07211538461538461 0.34975961538461536
0 0.6021634615384616 0.6057692307692307 0.07451923076923077 0.34134615384615385
0 0.6634615384615384 0.6045673076923077 0.07572115384615384 0.3389423076923077
0 0.7199519230769231 0.5997596153846154 0.06490384615384616 0.3425480769230769
0 0.7836538461538461 0.5961538461538461 0.08533653846153846 0.34615384615384615
0 0.9519230769230769 0.48197115384615385 0.03245192307692308 0.09975961538461539
0 0.9242788461538461 0.48677884615384615 0.028846153846153848 0.10817307692307693
0 0.9038461538461539 0.47716346153846156 0.03245192307692308 0.09014423076923077
0 0.8822115384615384 0.47475961538461536 0.028846153846153848 0.08413461538461539
0 0.8641826923076923 0.4723557692307692 0.04927884615384615 0.078125
0 0.8461538461538461 0.46153846153846156 0.021634615384615384 0.057692307692307696
0 0.6430288461538461 0.4483173076923077 0.03485576923076923 0.09615384615384616
0 0.5060096153846154 0.4423076923076923 0.028846153846153848 0.09495192307692307
0 0.4831730769230769 0.42788461538461536 0.02403846153846154 0.06850961538461539
0 0.4831730769230769 0.3954326923076923 0.025240384615384616 0.04927884615384615
0 0.47115384615384615 0.3858173076923077 0.013221153846153846 0.030048076923076924
0 0.453125 0.4074519230769231 0.02403846153846154 0.08653846153846154
0 0.4338942307692308 0.4266826923076923 0.019230769230769232 0.078125
0 0.3954326923076923 0.4266826923076923 0.028846153846153848 0.0829326923076923
0 0.37259615384615385 0.4266826923076923 0.02403846153846154 0.07692307692307693
0 0.38221153846153844 0.39903846153846156 0.010817307692307692 0.013221153846153846
0 0.3557692307692308 0.4110576923076923 0.028846153846153848 0.07451923076923077
0 0.3389423076923077 0.4098557692307692 0.018028846153846152 0.04326923076923077
0 0.35697115384615385 0.3894230769230769 0.027644230769230768 0.042067307692307696
0 0.32211538461538464 0.4326923076923077 0.028846153846153848 0.10096153846153846
0 0.33413461538461536 0.3858173076923077 0.013221153846153846 0.019230769230769232
0 0.3016826923076923 0.4326923076923077 0.030048076923076924 0.11538461538461539
0 0.3161057692307692 0.3918269230769231 0.018028846153846152 0.04927884615384615
0 0.3942307692307692 0.42427884615384615 0.027644230769230768 0.07451923076923077