0 0.03245192307692308 0.6165865384615384 0.051682692307692304 0.4026442307692308
0 0.0625 0.6057692307692307 0.09975961538461539 0.4423076923076923
0 0.12259615384615384 0.6262019230769231 0.10096153846153846 0.3870192307692308
0 0.24158653846153846 0.6033653846153846 0.09014423076923077 0.41947115384615385
0 0.3076923076923077 0.6057692307692307 0.1310096153846154 0.421875
0 0.359375 0.6129807692307693 0.0625 0.3894230769230769
0 0.5336538461538461 0.5300480769230769 0.1045673076923077 0.6826923076923077
0 0.6586538461538461 0.4951923076923077 0.11298076923076923 0.7896634615384616
0 0.7512019230769231 0.46875 0.1346153846153846 0.9375
0 0.8774038461538461 0.5 0.1622596153846154 1
0 0.2956730769230769 0.7283653846153846 0.021634615384615384 0.08413461538461539