0 0.8858173076923077 0.390625 0.12259615384615384 0.36177884615384615
0 0.7379807692307693 0.38221153846153844 0.1201923076923077 0.36899038461538464
0 0.7283653846153846 0.22355769230769232 0.10697115384615384 0.2403846153846154
0 0.5961538461538461 0.2980769230769231 0.09014423076923077 0.265625
0 0.5889423076923077 0.23076923076923078 0.11778846153846154 0.21754807692307693
0 0.5144230769230769 0.4879807692307692 0.1935096153846154 0.7776442307692307
0 0.28125 0.765625 0.21153846153846154 0.46875
0 0.5841346153846154 0.7055288461538461 0.12620192307692307 0.5889423076923077
0 0.5889423076923077 0.6923076923076923 0.27884615384615385 0.6153846153846154
0 0.2920673076923077 0.35216346153846156 0.17548076923076922 0.40625
0 0.4014423076923077 0.3233173076923077 0.11177884615384616 0.46153846153846156
0 0.14302884615384615 0.47716346153846156 0.11538461538461539 0.15865384615384615
0 0.040865384615384616 0.4807692307692308 0.08052884615384616 0.15264423076923078
0 0.14903846153846154 0.21514423076923078 0.13942307692307693 0.39903846153846156
0 0.037259615384615384 0.21394230769230768 0.07451923076923077 0.38461538461538464
0 0.1875 0.1201923076923077 0.1141826923076923 0.23557692307692307
0 0.08653846153846154 0.06490384615384616 0.08653846153846154 0.12980769230769232