0 0.046875 0.4963942307692308 0.09254807692307693 0.4963942307692308
0 0.13221153846153846 0.5024038461538461 0.10697115384615384 0.4807692307692308
0 0.19591346153846154 0.5060096153846154 0.08653846153846154 0.47115384615384615
0 0.2704326923076923 0.4891826923076923 0.09735576923076923 0.5024038461538461
0 0.35697115384615385 0.6105769230769231 0.11298076923076923 0.5108173076923077
0 0.4639423076923077 0.6009615384615384 0.11177884615384616 0.5444711538461539
0 0.5600961538461539 0.6177884615384616 0.10096153846153846 0.5216346153846154
0 0.6670673076923077 0.625 0.11177884615384616 0.5096153846153846
0 0.7920673076923077 0.5396634615384616 0.11778846153846154 0.5060096153846154
0 0.8858173076923077 0.5324519230769231 0.08653846153846154 0.5180288461538461
0 0.8725961538461539 0.5649038461538461 0.09134615384615384 0.47115384615384615
0 0.9411057692307693 0.5588942307692307 0.0889423076923077 0.4879807692307692
0 0.4423076923076923 0.44471153846153844 0.10216346153846154 0.5012019230769231
0 0.5048076923076923 0.46875 0.08052884615384616 0.4519230769230769
0 0.5504807692307693 0.3269230769230769 0.07932692307692307 0.24759615384615385
0 0.6237980769230769 0.4411057692307692 0.09134615384615384 0.4951923076923077