0 0.9146634615384616 0.5997596153846154 0.06370192307692307 0.22235576923076922
0 0.7415865384615384 0.6754807692307693 0.10336538461538461 0.3449519230769231
0 0.8401442307692307 0.6237980769230769 0.055288461538461536 0.19591346153846154
0 0.6670673076923077 0.6310096153846154 0.052884615384615384 0.1658653846153846
0 0.6117788461538461 0.6286057692307693 0.055288461538461536 0.17427884615384615
0 0.5576923076923077 0.6274038461538461 0.056490384615384616 0.1658653846153846
0 0.49759615384615385 0.6286057692307693 0.055288461538461536 0.15745192307692307
0 0.4026442307692308 0.6153846153846154 0.03245192307692308 0.14543269230769232
0 0.3713942307692308 0.6237980769230769 0.04326923076923077 0.15625
0 0.3293269230769231 0.625 0.04807692307692308 0.15985576923076922
0 0.24278846153846154 0.6454326923076923 0.17067307692307693 0.4891826923076923
0 0.20072115384615385 0.5192307692307693 0.0625 0.28365384615384615
0 0.038461538461538464 0.6009615384615384 0.052884615384615384 0.18870192307692307
0 0.009615384615384616 0.6346153846153846 0.019230769230769232 0.10697115384615384
0 0.12980769230769232 0.6105769230769231 0.056490384615384616 0.15985576923076922
0 0.3004807692307692 0.6502403846153846 0.019230769230769232 0.056490384615384616
0 0.5865384615384616 0.6033653846153846 0.02403846153846154 0.08774038461538461
0 0.8701923076923077 0.6514423076923077 0.015625 0.06009615384615385
0 0.6887019230769231 0.6983173076923077 0.019230769230769232 0.036057692307692304
0 0.5913461538461539 0.6887019230769231 0.04447115384615385 0.04567307692307692
0 0.47115384615384615 0.6911057692307693 0.054086538461538464 0.10096153846153846
0 0.39783653846153844 0.6850961538461539 0.02403846153846154 0.03125
0 0.4855769230769231 0.375 0.1935096153846154 0.7367788461538461
0 0.6490384615384616 0.6213942307692307 0.03125 0.12740384615384615
0 0.43028846153846156 0.6346153846153846 0.04927884615384615 0.13701923076923078