0 0.19471153846153846 0.609375 0.03365384615384615 0.203125
0 0.21394230769230768 0.6298076923076923 0.0733173076923077 0.28846153846153844
0 0.26322115384615385 0.6274038461538461 0.06370192307692307 0.19951923076923078
0 0.30528846153846156 0.6177884615384616 0.05889423076923077 0.23317307692307693
0 0.36538461538461536 0.6334134615384616 0.03125 0.14543269230769232
0 0.39302884615384615 0.6045673076923077 0.021634615384615384 0.09495192307692307
0 0.39783653846153844 0.6346153846153846 0.06370192307692307 0.19951923076923078
0 0.4362980769230769 0.6310096153846154 0.07692307692307693 0.2644230769230769
0 0.49399038461538464 0.6442307692307693 0.06129807692307692 0.2644230769230769
0 0.5336538461538461 0.6057692307692307 0.02403846153846154 0.15985576923076922
0 0.5745192307692307 0.6418269230769231 0.1935096153846154 0.5949519230769231
0 0.6706730769230769 0.6646634615384616 0.14423076923076922 0.6358173076923077
0 0.7439903846153846 0.6430288461538461 0.027644230769230768 0.1466346153846154
0 0.7644230769230769 0.6057692307692307 0.020432692307692308 0.055288461538461536
0 0.7872596153846154 0.5889423076923077 0.052884615384615384 0.078125
0 0.8185096153846154 0.6081730769230769 0.014423076923076924 0.037259615384615384
0 0.8365384615384616 0.6237980769230769 0.016826923076923076 0.08413461538461539
0 0.8461538461538461 0.6358173076923077 0.019230769230769232 0.109375
0 0.859375 0.6033653846153846 0.01201923076923077 0.030048076923076924
0 0.859375 0.6394230769230769 0.03245192307692308 0.06370192307692307
0 0.8870192307692307 0.6538461538461539 0.040865384615384616 0.125
0 0.9014423076923077 0.6418269230769231 0.05048076923076923 0.17307692307692307
0 0.9170673076923077 0.6334134615384616 0.07091346153846154 0.19591346153846154
0 0.9459134615384616 0.6141826923076923 0.019230769230769232 0.04326923076923077
0 0.9471153846153846 0.640625 0.016826923076923076 0.052884615384615384
0 0.9627403846153846 0.640625 0.020432692307692308 0.0625
0 0.9783653846153846 0.6177884615384616 0.02403846153846154 0.10697115384615384
0 0.9891826923076923 0.6514423076923077 0.021634615384615384 0.18269230769230768
0 0.7319711538461539 0.5721153846153846 0.007211538461538462 0.03125
0 0.7560096153846154 0.6370192307692307 0.03125 0.1346153846153846