0 0.3401442307692308 0.14783653846153846 0.05889423076923077 0.11177884615384616
0 0.34975961538461536 0.1778846153846154 0.06009615384615385 0.11057692307692307
0 0.3894230769230769 0.1814903846153846 0.040865384615384616 0.08173076923076923
0 0.14903846153846154 0.19591346153846154 0.036057692307692304 0.054086538461538464
0 0.9603365384615384 0.19831730769230768 0.0625 0.11538461538461539
0 0.08052884615384616 0.20072115384615385 0.08533653846153846 0.14783653846153846
0 0.9122596153846154 0.21153846153846154 0.06610576923076923 0.23317307692307693
0 0.46153846153846156 0.21514423076923078 0.039663461538461536 0.09495192307692307
0 0.5600961538461539 0.22596153846153846 0.06009615384615385 0.10576923076923077
0 0.5072115384615384 0.23197115384615385 0.05889423076923077 0.15625
0 0.4110576923076923 0.25240384615384615 0.03365384615384615 0.10096153846153846
0 0.3425480769230769 0.2620192307692308 0.09375 0.16105769230769232
0 0.8377403846153846 0.26322115384615385 0.07451923076923077 0.17427884615384615
0 0.8870192307692307 0.26322115384615385 0.04927884615384615 0.27163461538461536
0 0.06129807692307692 0.2776442307692308 0.12259615384615384 0.23918269230769232
0 0.3858173076923077 0.28846153846153844 0.036057692307692304 0.11538461538461539
0 0.9603365384615384 0.30408653846153844 0.05048076923076923 0.12379807692307693
0 0.5360576923076923 0.30649038461538464 0.04807692307692308 0.11658653846153846
0 0.27884615384615385 0.32091346153846156 0.05048076923076923 0.12980769230769232
0 0.3762019230769231 0.3233173076923077 0.06490384615384616 0.11538461538461539
0 0.4026442307692308 0.3269230769230769 0.026442307692307692 0.06009615384615385
0 0.9483173076923077 0.328125 0.03365384615384615 0.09735576923076923
0 0.46033653846153844 0.3329326923076923 0.09975961538461539 0.20793269230769232
0 0.9038461538461539 0.3329326923076923 0.07451923076923077 0.16706730769230768
0 0.7295673076923077 0.33653846153846156 0.08653846153846154 0.19951923076923078
0 0.5877403846153846 0.33653846153846156 0.10576923076923077 0.20432692307692307
0 0.04326923076923077 0.33774038461538464 0.08653846153846154 0.171875
0 0.5889423076923077 0.33774038461538464 0.09975961538461539 0.19471153846153846
0 0.6875 0.3918269230769231 0.12139423076923077 0.19831730769230768
0 0.3581730769230769 0.3942307692307692 0.0829326923076923 0.08173076923076923
0 0.33774038461538464 0.39903846153846156 0.078125 0.19110576923076922
0 0.7367788461538461 0.4110576923076923 0.1502403846153846 0.38461538461538464
0 0.4266826923076923 0.4182692307692308 0.06370192307692307 0.13942307692307693
0 0.0889423076923077 0.41947115384615385 0.07451923076923077 0.2247596153846154
0 0.14783653846153846 0.4206730769230769 0.09495192307692307 0.17668269230769232
0 0.25721153846153844 0.4266826923076923 0.10336538461538461 0.24639423076923078
0 0.8185096153846154 0.4266826923076923 0.12860576923076922 0.3076923076923077
0 0.9242788461538461 0.4411057692307692 0.08774038461538461 0.2692307692307692
0 0.5108173076923077 0.45552884615384615 0.06850961538461539 0.15504807692307693
0 0.8245192307692307 0.4735576923076923 0.11899038461538461 0.23197115384615385
0 0.038461538461538464 0.48197115384615385 0.07572115384615384 0.18028846153846154
0 0.20673076923076922 0.484375 0.0889423076923077 0.23076923076923078
0 0.11778846153846154 0.5060096153846154 0.12379807692307693 0.19591346153846154
0 0.3870192307692308 0.5216346153846154 0.16105769230769232 0.2403846153846154
0 0.6045673076923077 0.5372596153846154 0.14783653846153846 0.36778846153846156
0 0.9266826923076923 0.5733173076923077 0.11899038461538461 0.20673076923076922
0 0.46634615384615385 0.5769230769230769 0.20673076923076922 0.29927884615384615
0 0.7379807692307693 0.6189903846153846 0.12139423076923077 0.27163461538461536
0 0.6899038461538461 0.6923076923076923 0.13822115384615385 0.3605769230769231
0 0.2800480769230769 0.6947115384615384 0.10096153846153846 0.20072115384615385
0 0.5012019230769231 0.7019230769230769 0.12980769230769232 0.28966346153846156
0 0.13822115384615385 0.7127403846153846 0.11899038461538461 0.4795673076923077
0 0.14182692307692307 0.7235576923076923 0.265625 0.5492788461538461
0 0.2512019230769231 0.7379807692307693 0.12860576923076922 0.22115384615384615
0 0.8725961538461539 0.7788461538461539 0.15985576923076922 0.36177884615384615
0 0.49399038461538464 0.7920673076923077 0.24639423076923078 0.41225961538461536
0 0.9158653846153846 0.828125 0.1658653846153846 0.3401442307692308
0 0.2644230769230769 0.8533653846153846 0.17908653846153846 0.2283653846153846
0 0.7151442307692307 0.8557692307692307 0.13581730769230768 0.2848557692307692
0 0.3112980769230769 0.8966346153846154 0.26802884615384615 0.20432692307692307
0 0.39663461538461536 0.1310096153846154 0.054086538461538464 0.12259615384615384