0 0.6838942307692307 0.6237980769230769 0.038461538461538464 0.140625
0 0.6574519230769231 0.6105769230769231 0.025240384615384616 0.109375
0 0.6370192307692307 0.6009615384615384 0.018028846153846152 0.10216346153846154
0 0.5084134615384616 0.5985576923076923 0.02403846153846154 0.09134615384615384
0 0.06971153846153846 0.6490384615384616 0.13942307692307693 0.7019230769230769
0 0.10697115384615384 0.7139423076923077 0.08533653846153846 0.5721153846153846
0 0.17668269230769232 0.6478365384615384 0.109375 0.7043269230769231
0 0.24759615384615385 0.6598557692307693 0.18509615384615385 0.6802884615384616
0 0.3088942307692308 0.6382211538461539 0.11899038461538461 0.7235576923076923
0 0.41346153846153844 0.37740384615384615 0.09735576923076923 0.19951923076923078
0 0.4050480769230769 0.5576923076923077 0.1935096153846154 0.8846153846153846
0 0.5733173076923077 0.5048076923076923 0.15745192307692307 0.9903846153846154
0 0.8197115384615384 0.5228365384615384 0.359375 0.9543269230769231
0 0.7644230769230769 0.6274038461538461 0.1466346153846154 0.7319711538461539