0 0.1141826923076923 0.546875 0.056490384615384616 0.13581730769230768
0 0.17067307692307693 0.5336538461538461 0.052884615384615384 0.14543269230769232
0 0.21634615384615385 0.53125 0.04927884615384615 0.14302884615384615
0 0.2620192307692308 0.5348557692307693 0.04326923076923077 0.13221153846153846
0 0.3088942307692308 0.5288461538461539 0.057692307692307696 0.13221153846153846
0 0.35697115384615385 0.5180288461538461 0.04927884615384615 0.14783653846153846
0 0.40384615384615385 0.5132211538461539 0.046875 0.15504807692307693
0 0.43990384615384615 0.5168269230769231 0.03485576923076923 0.13581730769230768
0 0.4795673076923077 0.5096153846153846 0.046875 0.1502403846153846
0 0.5192307692307693 0.5084134615384616 0.05048076923076923 0.15745192307692307
0 0.5600961538461539 0.5108173076923077 0.04326923076923077 0.13942307692307693
0 0.5961538461538461 0.5168269230769231 0.04807692307692308 0.13942307692307693
0 0.6418269230769231 0.5132211538461539 0.04807692307692308 0.13942307692307693
0 0.6947115384615384 0.5 0.057692307692307696 0.16346153846153846
0 0.7439903846153846 0.5036057692307693 0.05889423076923077 0.15745192307692307
0 0.7920673076923077 0.49759615384615385 0.051682692307692304 0.16105769230769232
0 0.8413461538461539 0.48197115384615385 0.06490384615384616 0.18389423076923078
0 0.890625 0.49278846153846156 0.06370192307692307 0.171875
0 0.8485576923076923 0.3894230769230769 0.055288461538461536 0.125
0 0.7992788461538461 0.4362980769230769 0.055288461538461536 0.22115384615384615
0 0.7572115384615384 0.40625 0.05048076923076923 0.13221153846153846
0 0.7151442307692307 0.40625 0.055288461538461536 0.12980769230769232
0 0.7307692307692307 0.33774038461538464 0.04927884615384615 0.07091346153846154
0 0.671875 0.4338942307692308 0.037259615384615384 0.09735576923076923
0 0.6382211538461539 0.4387019230769231 0.04927884615384615 0.10697115384615384
0 0.5889423076923077 0.4326923076923077 0.04807692307692308 0.14543269230769232
0 0.5384615384615384 0.41586538461538464 0.04567307692307692 0.11057692307692307
0 0.4963942307692308 0.43990384615384615 0.03485576923076923 0.08052884615384616
0 0.4362980769230769 0.45552884615384615 0.04326923076923077 0.06971153846153846
0 0.3798076923076923 0.4495192307692308 0.038461538461538464 0.09375
0 0.4891826923076923 0.4375 0.04927884615384615 0.08774038461538461
0 0.3449519230769231 0.4699519230769231 0.040865384615384616 0.11658653846153846
0 0.3088942307692308 0.46033653846153844 0.04447115384615385 0.09134615384615384
0 0.27403846153846156 0.49038461538461536 0.03485576923076923 0.14182692307692307
0 0.21875 0.47115384615384615 0.04567307692307692 0.08774038461538461
0 0.16706730769230768 0.48677884615384615 0.051682692307692304 0.12740384615384615
0 0.15144230769230768 0.4254807692307692 0.06129807692307692 0.1814903846153846
0 0.21394230769230768 0.4182692307692308 0.046875 0.12379807692307693
0 0.2536057692307692 0.4266826923076923 0.040865384615384616 0.15384615384615385
0 0.2980769230769231 0.4014423076923077 0.052884615384615384 0.12259615384615384
0 0.34975961538461536 0.40625 0.04567307692307692 0.1141826923076923
0 0.390625 0.38822115384615385 0.04927884615384615 0.11658653846153846
0 0.4375 0.3894230769230769 0.04567307692307692 0.08413461538461539
0 0.4831730769230769 0.375 0.052884615384615384 0.10697115384615384
0 0.5661057692307693 0.3762019230769231 0.03365384615384615 0.06971153846153846
0 0.6838942307692307 0.36177884615384615 0.06129807692307692 0.12379807692307693
0 0.6502403846153846 0.36899038461538464 0.06129807692307692 0.125
0 0.6057692307692307 0.3894230769230769 0.051682692307692304 0.14423076923076922
0 0.5288461538461539 0.3762019230769231 0.05048076923076923 0.12379807692307693
0 0.4543269230769231 0.38461538461538464 0.042067307692307696 0.1778846153846154
0 0.3954326923076923 0.3485576923076923 0.055288461538461536 0.07572115384615384
0 0.3269230769230769 0.39302884615384615 0.038461538461538464 0.12980769230769232
0 0.34134615384615385 0.3425480769230769 0.051682692307692304 0.09735576923076923
0 0.29447115384615385 0.35336538461538464 0.05048076923076923 0.08533653846153846
0 0.25600961538461536 0.34975961538461536 0.040865384615384616 0.07451923076923077
0 0.21875 0.3713942307692308 0.05048076923076923 0.057692307692307696
0 0.18870192307692307 0.36177884615384615 0.06971153846153846 0.11658653846153846