0 0.49158653846153844 0.7704326923076923 0.04326923076923077 0.09735576923076923
0 0.5276442307692307 0.765625 0.036057692307692304 0.10336538461538461
0 0.3894230769230769 0.7139423076923077 0.02283653846153846 0.0829326923076923
0 0.4699519230769231 0.7259615384615384 0.026442307692307692 0.05048076923076923
0 0.49278846153846156 0.7055288461538461 0.025240384615384616 0.07451923076923077
0 0.484375 0.6983173076923077 0.015625 0.0625
0 0.46274038461538464 0.6610576923076923 0.030048076923076924 0.06370192307692307
0 0.515625 0.6418269230769231 0.021634615384615384 0.06129807692307692
0 0.49759615384615385 0.625 0.016826923076923076 0.04447115384615385
0 0.484375 0.6225961538461539 0.016826923076923076 0.037259615384615384
0 0.4639423076923077 0.5709134615384616 0.009615384615384616 0.028846153846153848
0 0.47475961538461536 0.5709134615384616 0.009615384615384616 0.027644230769230768