0 0.9435096153846154 0.8004807692307693 0.04927884615384615 0.203125
0 0.9026442307692307 0.765625 0.06129807692307692 0.2548076923076923
0 0.8581730769230769 0.7692307692307693 0.046875 0.22115384615384615
0 0.8125 0.7235576923076923 0.04326923076923077 0.18509615384615385
0 0.7463942307692307 0.7115384615384616 0.028846153846153848 0.16105769230769232
0 0.7764423076923077 0.7079326923076923 0.021634615384615384 0.1310096153846154
0 0.7223557692307693 0.7235576923076923 0.046875 0.18629807692307693
0 0.6983173076923077 0.7572115384615384 0.04927884615384615 0.2091346153846154
0 0.6826923076923077 0.7055288461538461 0.028846153846153848 0.12860576923076922
0 0.6550480769230769 0.7127403846153846 0.038461538461538464 0.171875
0 0.6310096153846154 0.7163461538461539 0.028846153846153848 0.16105769230769232
0 0.6045673076923077 0.7163461538461539 0.04567307692307692 0.1778846153846154
0 0.5757211538461539 0.7103365384615384 0.030048076923076924 0.14783653846153846
0 0.5552884615384616 0.7235576923076923 0.028846153846153848 0.20673076923076922
0 0.5288461538461539 0.6634615384615384 0.03125 0.08173076923076923
0 0.49158653846153844 0.7151442307692307 0.042067307692307696 0.18269230769230768
0 0.5168269230769231 0.78125 0.05048076923076923 0.140625
0 0.4326923076923077 0.6971153846153846 0.055288461538461536 0.12259615384615384
0 0.4110576923076923 0.7103365384615384 0.04567307692307692 0.17427884615384615
0 0.421875 0.8485576923076923 0.06971153846153846 0.3016826923076923
0 0.46153846153846156 0.8305288461538461 0.06009615384615385 0.33774038461538464
0 0.38100961538461536 0.7235576923076923 0.03125 0.14543269230769232
0 0.34615384615384615 0.6911057692307693 0.030048076923076924 0.140625
0 0.3629807692307692 0.6826923076923077 0.020432692307692308 0.10817307692307693
0 0.32211538461538464 0.7319711538461539 0.039663461538461536 0.16947115384615385
0 0.3076923076923077 0.7223557692307693 0.03125 0.1502403846153846
0 0.2704326923076923 0.7584134615384616 0.06370192307692307 0.21394230769230768
0 0.26322115384615385 0.6658653846153846 0.02403846153846154 0.05889423076923077
0 0.23317307692307693 0.7139423076923077 0.038461538461538464 0.15384615384615385
0 0.20673076923076922 0.7427884615384616 0.052884615384615384 0.12860576923076922
0 0.19831730769230768 0.7475961538461539 0.055288461538461536 0.20793269230769232
0 0.1778846153846154 0.6778846153846154 0.030048076923076924 0.07692307692307693
0 0.14543269230769232 0.7211538461538461 0.037259615384615384 0.15625
0 0.1045673076923077 0.7644230769230769 0.06850961538461539 0.23557692307692307
0 0.08052884615384616 0.6790865384615384 0.03245192307692308 0.07692307692307693
0 0.05048076923076923 0.6742788461538461 0.02403846153846154 0.10336538461538461
0 0.037259615384615384 0.6502403846153846 0.016826923076923076 0.057692307692307696
0 0.07211538461538461 0.6550480769230769 0.015625 0.06129807692307692
0 0.0625 0.6490384615384616 0.009615384615384616 0.056490384615384616
0 0.021634615384615384 0.7295673076923077 0.04326923076923077 0.20793269230769232
0 0.8473557692307693 0.6490384615384616 0.021634615384615384 0.037259615384615384
0 0.16346153846153846 0.6598557692307693 0.015625 0.038461538461538464
0 0.1310096153846154 0.6514423076923077 0.016826923076923076 0.052884615384615384
0 0.09975961538461539 0.6634615384615384 0.018028846153846152 0.054086538461538464
0 0.30288461538461536 0.6610576923076923 0.030048076923076924 0.057692307692307696
0 0.47475961538461536 0.6538461538461539 0.015625 0.039663461538461536
0 0.5949519230769231 0.6694711538461539 0.02283653846153846 0.051682692307692304
0 0.8569711538461539 0.6610576923076923 0.026442307692307692 0.06370192307692307
0 0.8317307692307693 0.6706730769230769 0.027644230769230768 0.0673076923076923
0 0.8846153846153846 0.7439903846153846 0.03365384615384615 0.20793269230769232
0 0.953125 0.6850961538461539 0.026442307692307692 0.06009615384615385