0 0.04326923076923077 0.7043269230769231 0.08533653846153846 0.5913461538461539
0 0.15504807692307693 0.6274038461538461 0.2283653846153846 0.7451923076923077
0 0.3233173076923077 0.6322115384615384 0.12980769230769232 0.5252403846153846
0 0.4254807692307692 0.6634615384615384 0.17307692307692307 0.6730769230769231
0 0.5456730769230769 0.6875 0.24639423076923078 0.625
0 0.8016826923076923 0.7175480769230769 0.31971153846153844 0.5649038461538461
0 0.9302884615384616 0.49399038461538464 0.057692307692307696 0.10216346153846154
0 0.6394230769230769 0.6394230769230769 0.13701923076923078 0.7199519230769231
0 0.7151442307692307 0.6274038461538461 0.07572115384615384 0.375
0 0.7848557692307693 0.5733173076923077 0.07692307692307693 0.31971153846153844
0 0.703125 0.4639423076923077 0.03365384615384615 0.09134615384615384
0 0.7247596153846154 0.4495192307692308 0.03485576923076923 0.125
0 0.7427884615384616 0.46033653846153844 0.03125 0.15144230769230768