0 0.765625 0.13822115384615385 0.027644230769230768 0.057692307692307696
0 0.8149038461538461 0.14182692307692307 0.026442307692307692 0.06009615384615385
0 0.84375 0.14182692307692307 0.03365384615384615 0.056490384615384616
0 0.7908653846153846 0.1466346153846154 0.025240384615384616 0.056490384615384616
0 0.8990384615384616 0.14903846153846154 0.039663461538461536 0.07692307692307693
0 0.25600961538461536 0.15865384615384615 0.020432692307692308 0.08052884615384616
0 0.26802884615384615 0.15985576923076922 0.018028846153846152 0.07692307692307693
0 0.30288461538461536 0.1622596153846154 0.028846153846153848 0.08052884615384616
0 0.9375 0.1658653846153846 0.03245192307692308 0.09014423076923077
0 0.9675480769230769 0.17307692307692307 0.03125 0.12139423076923077
0 0.08774038461538461 0.24639423076923078 0.03365384615384615 0.09254807692307693
0 0.027644230769230768 0.25721153846153844 0.046875 0.15264423076923078
0 0.12980769230769232 0.30408653846153844 0.07572115384615384 0.21394230769230768
0 0.34375 0.31009615384615385 0.11057692307692307 0.1814903846153846
0 0.15504807692307693 0.3112980769230769 0.057692307692307696 0.2848557692307692
0 0.19831730769230768 0.328125 0.04326923076923077 0.2536057692307692
0 0.9338942307692307 0.35216346153846156 0.11057692307692307 0.2764423076923077
0 0.11899038461538461 0.3762019230769231 0.09375 0.36658653846153844
0 0.28966346153846156 0.3858173076923077 0.08173076923076923 0.3858173076923077
0 0.40865384615384615 0.3858173076923077 0.08052884615384616 0.36658653846153844
0 0.22596153846153846 0.42788461538461536 0.11298076923076923 0.421875
0 0.027644230769230768 0.4338942307692308 0.054086538461538464 0.32572115384615385
0 0.44591346153846156 0.44471153846153844 0.08173076923076923 0.36899038461538464
0 0.10096153846153846 0.45552884615384615 0.09495192307692307 0.3701923076923077
0 0.35216346153846156 0.47836538461538464 0.09735576923076923 0.421875
0 0.5012019230769231 0.5 0.10817307692307693 0.4579326923076923
0 0.5925480769230769 0.5300480769230769 0.1201923076923077 0.4723557692307692
0 0.7788461538461539 0.5733173076923077 0.09375 0.421875
0 0.6730769230769231 0.5889423076923077 0.15264423076923078 0.5456730769230769
0 0.36778846153846156 0.6057692307692307 0.11298076923076923 0.5120192307692307
0 0.8966346153846154 0.7091346153846154 0.20673076923076922 0.43149038461538464