0 0.020432692307692308 0.5901442307692307 0.040865384615384616 0.13221153846153846
0 0.05889423076923077 0.5721153846153846 0.07091346153846154 0.12740384615384615
0 0.09495192307692307 0.5588942307692307 0.052884615384615384 0.10336538461538461
0 0.20072115384615385 0.5396634615384616 0.03485576923076923 0.07211538461538461
0 0.203125 0.5300480769230769 0.030048076923076924 0.0733173076923077
0 0.23677884615384615 0.6009615384615384 0.046875 0.24639423076923078
0 0.28125 0.6009615384615384 0.0625 0.25600961538461536
0 0.32091346153846156 0.6045673076923077 0.046875 0.27163461538461536
0 0.37259615384615385 0.5901442307692307 0.054086538461538464 0.2800480769230769
0 0.42788461538461536 0.5961538461538461 0.051682692307692304 0.24759615384615385
0 0.48677884615384615 0.6177884615384616 0.04927884615384615 0.2247596153846154
0 0.5480769230769231 0.5817307692307693 0.046875 0.29447115384615385
0 0.5925480769230769 0.609375 0.04447115384615385 0.2512019230769231
0 0.6454326923076923 0.5973557692307693 0.055288461538461536 0.28966346153846156
0 0.7007211538461539 0.578125 0.052884615384615384 0.28365384615384615
0 0.7596153846153846 0.5901442307692307 0.057692307692307696 0.2644230769230769
0 0.8341346153846154 0.5889423076923077 0.0625 0.2860576923076923
0 0.25600961538461536 0.5288461538461539 0.02283653846153846 0.1201923076923077
0 0.3894230769230769 0.484375 0.014423076923076924 0.03485576923076923
0 0.40865384615384615 0.5 0.021634615384615384 0.06009615384615385
0 0.4423076923076923 0.49038461538461536 0.018028846153846152 0.0625
0 0.4579326923076923 0.5144230769230769 0.018028846153846152 0.08413461538461539
0 0.47475961538461536 0.5024038461538461 0.016826923076923076 0.06610576923076923
0 0.49278846153846156 0.4987980769230769 0.018028846153846152 0.0625
0 0.5120192307692307 0.5072115384615384 0.019230769230769232 0.09375
0 0.5252403846153846 0.5120192307692307 0.013221153846153846 0.08653846153846154
0 0.5709134615384616 0.5096153846153846 0.015625 0.08774038461538461
0 0.59375 0.49038461538461536 0.016826923076923076 0.06129807692307692
0 0.41586538461538464 0.36538461538461536 0.010817307692307692 0.020432692307692308
0 0.4230769230769231 0.3545673076923077 0.01201923076923077 0.021634615384615384
0 0.4254807692307692 0.36778846153846156 0.010817307692307692 0.02403846153846154
0 0.44591346153846156 0.359375 0.013221153846153846 0.038461538461538464
0 0.4651442307692308 0.3581730769230769 0.010817307692307692 0.03365384615384615
0 0.4855769230769231 0.359375 0.01201923076923077 0.03125
0 0.4951923076923077 0.3545673076923077 0.013221153846153846 0.02283653846153846
0 0.5108173076923077 0.3581730769230769 0.01201923076923077 0.03365384615384615
0 0.5252403846153846 0.3605769230769231 0.010817307692307692 0.03365384615384615
0 0.5012019230769231 0.3401442307692308 0.01201923076923077 0.055288461538461536
0 0.5396634615384616 0.34615384615384615 0.01201923076923077 0.054086538461538464
0 0.5841346153846154 0.3605769230769231 0.013221153846153846 0.04326923076923077
0 0.5961538461538461 0.3641826923076923 0.01201923076923077 0.04326923076923077
0 0.6069711538461539 0.3641826923076923 0.014423076923076924 0.03365384615384615
0 0.6225961538461539 0.3605769230769231 0.01201923076923077 0.039663461538461536
0 0.6442307692307693 0.3557692307692308 0.014423076923076924 0.03365384615384615
0 0.6478365384615384 0.3317307692307692 0.013221153846153846 0.027644230769230768
0 0.6598557692307693 0.3485576923076923 0.010817307692307692 0.030048076923076924
0 0.6682692307692307 0.35697115384615385 0.009615384615384616 0.03485576923076923
0 0.6826923076923077 0.359375 0.013221153846153846 0.037259615384615384
0 0.6923076923076923 0.3629807692307692 0.015625 0.026442307692307692
0 0.7043269230769231 0.35697115384615385 0.010817307692307692 0.036057692307692304
0 0.7512019230769231 0.35336538461538464 0.008413461538461538 0.018028846153846152
0 0.7608173076923077 0.375 0.010817307692307692 0.027644230769230768
0 0.7704326923076923 0.3798076923076923 0.010817307692307692 0.03485576923076923
0 0.6334134615384616 0.4807692307692308 0.009615384615384616 0.025240384615384616