0 0.06850961538461539 0.37259615384615385 0.13221153846153846 0.5805288461538461
0 0.1045673076923077 0.27884615384615385 0.10096153846153846 0.47716346153846156
0 0.1502403846153846 0.3233173076923077 0.07572115384615384 0.36538461538461536
0 0.1875 0.3076923076923077 0.06850961538461539 0.3449519230769231
0 0.2644230769230769 0.27283653846153844 0.16466346153846154 0.5084134615384616
0 0.3088942307692308 0.22596153846153846 0.09014423076923077 0.2956730769230769
0 0.30528846153846156 0.08052884615384616 0.07451923076923077 0.11658653846153846
0 0.2920673076923077 0.6682692307692307 0.1622596153846154 0.5793269230769231
0 0.47475961538461536 0.5264423076923077 0.30649038461538464 0.8701923076923077
0 0.6598557692307693 0.6286057692307693 0.18509615384615385 0.6706730769230769
0 0.3894230769230769 0.5288461538461539 0.17427884615384615 0.8305288461538461
0 0.3317307692307692 0.4987980769230769 0.18509615384615385 0.7055288461538461
0 0.6274038461538461 0.2776442307692308 0.13701923076923078 0.2512019230769231
0 0.7524038461538461 0.46033653846153844 0.14302884615384615 0.5649038461538461
0 0.7908653846153846 0.21153846153846154 0.056490384615384616 0.140625
0 0.8173076923076923 0.4387019230769231 0.06009615384615385 0.5600961538461539
0 0.9122596153846154 0.4639423076923077 0.17427884615384615 0.9122596153846154