0 0.9723557692307693 0.4230769230769231 0.008413461538461538 0.037259615384615384
0 0.9819711538461539 0.4230769230769231 0.007211538461538462 0.03485576923076923
0 0.9603365384615384 0.43028846153846156 0.008413461538461538 0.040865384615384616
0 0.9519230769230769 0.4326923076923077 0.008413461538461538 0.040865384615384616
0 0.9411057692307693 0.4387019230769231 0.008413461538461538 0.04447115384615385
0 0.9230769230769231 0.44350961538461536 0.010817307692307692 0.052884615384615384
0 0.8485576923076923 0.44471153846153844 0.007211538461538462 0.03485576923076923
0 0.9026442307692307 0.44471153846153844 0.01201923076923077 0.06129807692307692
0 0.8413461538461539 0.44711538461538464 0.008413461538461538 0.036057692307692304
0 0.8858173076923077 0.4519230769230769 0.010817307692307692 0.0625
0 0.8930288461538461 0.453125 0.010817307692307692 0.06490384615384616
0 0.8762019230769231 0.45552884615384615 0.008413461538461538 0.06610576923076923
0 0.8233173076923077 0.45552884615384615 0.007211538461538462 0.052884615384615384
0 0.8317307692307693 0.4567307692307692 0.01201923076923077 0.05048076923076923
0 0.8557692307692307 0.45913461538461536 0.01201923076923077 0.055288461538461536
0 0.8701923076923077 0.45913461538461536 0.014423076923076924 0.07091346153846154
0 0.6538461538461539 0.4651442307692308 0.014423076923076924 0.042067307692307696
0 0.8161057692307693 0.4735576923076923 0.019230769230769232 0.08413461538461539
0 0.7932692307692307 0.4831730769230769 0.021634615384615384 0.10817307692307693
0 0.765625 0.49278846153846156 0.02403846153846154 0.12620192307692307
0 0.7439903846153846 0.49759615384615385 0.030048076923076924 0.1310096153846154
0 0.7211538461538461 0.5036057692307693 0.03245192307692308 0.13701923076923078
0 0.7043269230769231 0.5132211538461539 0.036057692307692304 0.140625
0 0.6838942307692307 0.5192307692307693 0.028846153846153848 0.14423076923076922
0 0.6225961538461539 0.5228365384615384 0.030048076923076924 0.16346153846153846
0 0.6598557692307693 0.5240384615384616 0.025240384615384616 0.1201923076923077
0 0.17067307692307693 0.53125 0.03365384615384615 0.07932692307692307
0 0.6129807692307693 0.5420673076923077 0.046875 0.16826923076923078
0 0.12259615384615384 0.5444711538461539 0.03245192307692308 0.10096153846153846
0 0.5901442307692307 0.5444711538461539 0.03245192307692308 0.17548076923076922
0 0.5769230769230769 0.5516826923076923 0.04447115384615385 0.1814903846153846
0 0.5264423076923077 0.5564903846153846 0.042067307692307696 0.21875
0 0.5108173076923077 0.5733173076923077 0.04447115384615385 0.19831730769230768
0 0.4879807692307692 0.5745192307692307 0.04447115384615385 0.21634615384615385
0 0.4675480769230769 0.578125 0.040865384615384616 0.2283653846153846
0 0.4483173076923077 0.5925480769230769 0.04807692307692308 0.21033653846153846
0 0.4206730769230769 0.59375 0.051682692307692304 0.23918269230769232
0 0.3870192307692308 0.5961538461538461 0.06850961538461539 0.2548076923076923
0 0.32211538461538464 0.6189903846153846 0.054086538461538464 0.27884615384615385
0 0.3557692307692308 0.6213942307692307 0.056490384615384616 0.25240384615384615
0 0.2980769230769231 0.6274038461538461 0.078125 0.29927884615384615
0 0.2620192307692308 0.6526442307692307 0.05889423076923077 0.2824519230769231
0 0.22235576923076922 0.6598557692307693 0.07091346153846154 0.3137019230769231
0 0.11298076923076923 0.6766826923076923 0.04927884615384615 0.3137019230769231
0 0.11778846153846154 0.6814903846153846 0.05889423076923077 0.31850961538461536
0 0.08653846153846154 0.6814903846153846 0.051682692307692304 0.3125
0 0.16346153846153846 0.6850961538461539 0.06850961538461539 0.3076923076923077
0 0.03485576923076923 0.7115384615384616 0.0673076923076923 0.3425480769230769