0 0.0673076923076923 0.026442307692307692 0.01201923076923077 0.051682692307692304
0 0.06009615384615385 0.037259615384615384 0.019230769230769232 0.07451923076923077
0 0.04927884615384615 0.042067307692307696 0.021634615384615384 0.07091346153846154
0 0.19110576923076922 0.7175480769230769 0.0985576923076923 0.2848557692307692
0 0.3473557692307692 0.7151442307692307 0.0985576923076923 0.2127403846153846
0 0.4675480769230769 0.5697115384615384 0.04326923076923077 0.15264423076923078
0 0.5192307692307693 0.5612980769230769 0.055288461538461536 0.15865384615384615
0 0.46875 0.3161057692307692 0.021634615384615384 0.07211538461538461
0 0.49278846153846156 0.31971153846153844 0.021634615384615384 0.07692307692307693
0 0.49278846153846156 0.3112980769230769 0.025240384615384616 0.06490384615384616
0 0.46875 0.3581730769230769 0.028846153846153848 0.0889423076923077
0 0.4879807692307692 0.3545673076923077 0.021634615384615384 0.07211538461538461
0 0.5360576923076923 0.3329326923076923 0.016826923076923076 0.08774038461538461
0 0.5480769230769231 0.3401442307692308 0.027644230769230768 0.08413461538461539
0 0.5685096153846154 0.36177884615384615 0.020432692307692308 0.08173076923076923
0 0.6045673076923077 0.359375 0.020432692307692308 0.06370192307692307
0 0.6189903846153846 0.3293269230769231 0.021634615384615384 0.08774038461538461
0 0.6334134615384616 0.33653846153846156 0.021634615384615384 0.08413461538461539
0 0.6490384615384616 0.3076923076923077 0.019230769230769232 0.06971153846153846
0 0.6658653846153846 0.33653846153846156 0.021634615384615384 0.08173076923076923
0 0.6850961538461539 0.33774038461538464 0.02283653846153846 0.06850961538461539
0 0.6947115384615384 0.3293269230769231 0.021634615384615384 0.08533653846153846
0 0.7055288461538461 0.33413461538461536 0.020432692307692308 0.08413461538461539
0 0.7175480769230769 0.34134615384615385 0.025240384615384616 0.06129807692307692
0 0.7163461538461539 0.29447115384615385 0.016826923076923076 0.04326923076923077
0 0.5841346153846154 0.3894230769230769 0.025240384615384616 0.055288461538461536
0 0.6995192307692307 0.28125 0.015625 0.042067307692307696
0 0.5144230769230769 0.38341346153846156 0.019230769230769232 0.055288461538461536
0 0.5264423076923077 0.41586538461538464 0.021634615384615384 0.09375
0 0.4855769230769231 0.42788461538461536 0.036057692307692304 0.10576923076923077
0 0.5120192307692307 0.42908653846153844 0.030048076923076924 0.09134615384615384
0 0.4879807692307692 0.46033653846153844 0.037259615384615384 0.12740384615384615
0 0.5108173076923077 0.46875 0.027644230769230768 0.037259615384615384
0 0.5600961538461539 0.45552884615384615 0.03365384615384615 0.10817307692307693
0 0.5444711538461539 0.4230769230769231 0.030048076923076924 0.11057692307692307
0 0.5817307692307693 0.453125 0.025240384615384616 0.09014423076923077
0 0.6117788461538461 0.5300480769230769 0.06610576923076923 0.21033653846153846
0 0.5841346153846154 0.6538461538461539 0.07692307692307693 0.29927884615384615
0 0.6658653846153846 0.5300480769230769 0.052884615384615384 0.15985576923076922
0 0.6923076923076923 0.5456730769230769 0.08052884615384616 0.21033653846153846
0 0.7307692307692307 0.5180288461538461 0.037259615384615384 0.16466346153846154
0 0.7475961538461539 0.33533653846153844 0.020432692307692308 0.06490384615384616