0 0.08774038461538461 0.6778846153846154 0.17548076923076922 0.5997596153846154
0 0.19951923076923078 0.6466346153846154 0.14783653846153846 0.41466346153846156
0 0.10576923076923077 0.4543269230769231 0.08173076923076923 0.15865384615384615
0 0.15504807692307693 0.4254807692307692 0.06370192307692307 0.11057692307692307
0 0.29086538461538464 0.6069711538461539 0.14783653846153846 0.43149038461538464
0 0.38221153846153844 0.6550480769230769 0.17307692307692307 0.6189903846153846
0 0.5649038461538461 0.5661057692307693 0.1502403846153846 0.4807692307692308
0 0.5649038461538461 0.5637019230769231 0.15264423076923078 0.4795673076923077
0 0.24278846153846154 0.43509615384615385 0.06850961538461539 0.13942307692307693
0 0.34375 0.4879807692307692 0.1045673076923077 0.28725961538461536
0 0.28125 0.40024038461538464 0.040865384615384616 0.1141826923076923
0 0.49759615384615385 0.43028846153846156 0.04807692307692308 0.140625
0 0.6478365384615384 0.41346153846153844 0.06370192307692307 0.21754807692307693
0 0.7055288461538461 0.5504807692307693 0.13221153846153846 0.4543269230769231
0 0.7776442307692307 0.43149038461538464 0.07451923076923077 0.21033653846153846
0 0.8930288461538461 0.49399038461538464 0.171875 0.3954326923076923
0 0.953125 0.49399038461538464 0.09375 0.3954326923076923
0 0.53125 0.3269230769230769 0.037259615384615384 0.06610576923076923