0 0.020432692307692308 0.5132211538461539 0.039663461538461536 0.21634615384615385
0 0.052884615384615384 0.6141826923076923 0.10576923076923077 0.43509615384615385
0 0.08173076923076923 0.40865384615384615 0.04447115384615385 0.11658653846153846
0 0.10817307692307693 0.5853365384615384 0.0985576923076923 0.4110576923076923
0 0.1141826923076923 0.7127403846153846 0.15384615384615385 0.3942307692307692
0 0.15504807692307693 0.4879807692307692 0.06610576923076923 0.23197115384615385
0 0.19951923076923078 0.5685096153846154 0.08052884615384616 0.2764423076923077
0 0.20072115384615385 0.4543269230769231 0.07932692307692307 0.13581730769230768
0 0.2091346153846154 0.4182692307692308 0.05048076923076923 0.10336538461538461
0 0.2704326923076923 0.43509615384615385 0.08653846153846154 0.18870192307692307
0 0.2932692307692308 0.6310096153846154 0.09014423076923077 0.4110576923076923
0 0.27283653846153844 0.6778846153846154 0.171875 0.46153846153846156
0 0.3245192307692308 0.44711538461538464 0.0733173076923077 0.20673076923076922
0 0.39903846153846156 0.46033653846153844 0.042067307692307696 0.15625
0 0.4182692307692308 0.6610576923076923 0.1201923076923077 0.42788461538461536
0 0.4855769230769231 0.6153846153846154 0.08052884615384616 0.41586538461538464
0 0.4567307692307692 0.42427884615384615 0.06490384615384616 0.10576923076923077
0 0.46274038461538464 0.38461538461538464 0.04567307692307692 0.06850961538461539
0 0.5060096153846154 0.43149038461538464 0.04326923076923077 0.11658653846153846
0 0.5072115384615384 0.36899038461538464 0.02283653846153846 0.027644230769230768
0 0.5228365384615384 0.5552884615384616 0.0673076923076923 0.34375
0 0.5552884615384616 0.6129807692307693 0.0829326923076923 0.4254807692307692
0 0.5913461538461539 0.6490384615384616 0.11899038461538461 0.42427884615384615
0 0.5853365384615384 0.421875 0.02403846153846154 0.06971153846153846
0 0.6081730769230769 0.45552884615384615 0.05889423076923077 0.14423076923076922
0 0.6334134615384616 0.41346153846153844 0.04927884615384615 0.109375
0 0.6538461538461539 0.41346153846153844 0.026442307692307692 0.07451923076923077
0 0.6790865384615384 0.5408653846153846 0.08413461538461539 0.3798076923076923
0 0.7115384615384616 0.6225961538461539 0.11057692307692307 0.43149038461538464
0 0.7632211538461539 0.5228365384615384 0.05048076923076923 0.27403846153846156
0 0.7884615384615384 0.5504807692307693 0.0625 0.3293269230769231
0 0.7944711538461539 0.4026442307692308 0.04567307692307692 0.08052884615384616
0 0.8197115384615384 0.5661057692307693 0.09975961538461539 0.4098557692307692
0 0.8413461538461539 0.6370192307692307 0.10336538461538461 0.40865384615384615
0 0.8918269230769231 0.5685096153846154 0.05889423076923077 0.33653846153846156
0 0.9362980769230769 0.6502403846153846 0.12740384615384615 0.45552884615384615
0 0.9723557692307693 0.5673076923076923 0.055288461538461536 0.359375
0 0.9747596153846154 0.38221153846153844 0.02403846153846154 0.03485576923076923
0 0.9891826923076923 0.40024038461538464 0.021634615384615384 0.11298076923076923
0 0.6586538461538461 0.5384615384615384 0.08533653846153846 0.28725961538461536