0 0.4266826923076923 0.7560096153846154 0.11658653846153846 0.4795673076923077
0 0.234375 0.5600961538461539 0.04567307692307692 0.15384615384615385
0 0.265625 0.5817307692307693 0.03485576923076923 0.15985576923076922
0 0.28125 0.5456730769230769 0.018028846153846152 0.09375
0 0.32211538461538464 0.5997596153846154 0.05048076923076923 0.23197115384615385
0 0.30288461538461536 0.578125 0.030048076923076924 0.18028846153846154
0 0.3016826923076923 0.5036057692307693 0.010817307692307692 0.03365384615384615
0 0.39663461538461536 0.6826923076923077 0.06490384615384616 0.43509615384615385
0 0.37259615384615385 0.59375 0.05048076923076923 0.265625
0 0.3557692307692308 0.5168269230769231 0.036057692307692304 0.08653846153846154
0 0.3485576923076923 0.5324519230769231 0.018028846153846152 0.09134615384615384
0 0.49278846153846156 0.6430288461538461 0.06971153846153846 0.3161057692307692
0 0.46033653846153844 0.5408653846153846 0.039663461538461536 0.09735576923076923
0 0.6862980769230769 0.7560096153846154 0.1466346153846154 0.4879807692307692
0 0.5336538461538461 0.6105769230769231 0.06490384615384616 0.30528846153846156
0 0.5865384615384616 0.6262019230769231 0.05048076923076923 0.29086538461538464
0 0.5420673076923077 0.4855769230769231 0.018028846153846152 0.039663461538461536
0 0.5576923076923077 0.6105769230769231 0.02403846153846154 0.22596153846153846
0 0.6153846153846154 0.5997596153846154 0.027644230769230768 0.2247596153846154
0 0.6514423076923077 0.6598557692307693 0.07091346153846154 0.3293269230769231
0 0.6430288461538461 0.5264423076923077 0.05889423076923077 0.13822115384615385
0 0.671875 0.5204326923076923 0.03365384615384615 0.08052884615384616
0 0.7043269230769231 0.5144230769230769 0.03365384615384615 0.04807692307692308
0 0.7451923076923077 0.6189903846153846 0.06971153846153846 0.30528846153846156
0 0.8762019230769231 0.7572115384615384 0.18028846153846154 0.4855769230769231
0 0.8233173076923077 0.6526442307692307 0.0889423076923077 0.28125
0 0.7860576923076923 0.53125 0.04447115384615385 0.17548076923076922
0 0.8125 0.5396634615384616 0.06370192307692307 0.15625
0 0.8786057692307693 0.5252403846153846 0.06971153846153846 0.15745192307692307
0 0.9387019230769231 0.5552884615384616 0.052884615384615384 0.1466346153846154
0 0.9735576923076923 0.5492788461538461 0.04447115384615385 0.13701923076923078
0 0.9579326923076923 0.7391826923076923 0.0829326923076923 0.5204326923076923