0 0.78125 0.09735576923076923 0.052884615384615384 0.19471153846153846
0 0.9519230769230769 0.3954326923076923 0.06009615384615385 0.1310096153846154
0 0.8233173076923077 0.37740384615384615 0.052884615384615384 0.13822115384615385
0 0.8233173076923077 0.3762019230769231 0.057692307692307696 0.14182692307692307
0 0.7992788461538461 0.25600961538461536 0.056490384615384616 0.12259615384615384
0 0.8305288461538461 0.3762019230769231 0.038461538461538464 0.13581730769230768
0 0.8774038461538461 0.11538461538461539 0.038461538461538464 0.08533653846153846
0 0.96875 0.11778846153846154 0.030048076923076924 0.07572115384615384
0 0.8990384615384616 0.13341346153846154 0.046875 0.09014423076923077
0 0.9423076923076923 0.14783653846153846 0.04447115384615385 0.09254807692307693
0 0.9807692307692307 0.14302884615384615 0.038461538461538464 0.09615384615384616
0 0.9723557692307693 0.21153846153846154 0.037259615384615384 0.12259615384615384
0 0.9194711538461539 0.1814903846153846 0.03365384615384615 0.0889423076923077
0 0.9435096153846154 0.21754807692307693 0.055288461538461536 0.1045673076923077
0 0.890625 0.2283653846153846 0.046875 0.0985576923076923
0 0.8569711538461539 0.27403846153846156 0.055288461538461536 0.15745192307692307
0 0.9098557692307693 0.29086538461538464 0.06009615384615385 0.12980769230769232
0 0.9591346153846154 0.296875 0.04447115384615385 0.12259615384615384
0 0.9795673076923077 0.33052884615384615 0.039663461538461536 0.14302884615384615
0 0.9194711538461539 0.3473557692307692 0.04927884615384615 0.1346153846153846
0 0.6802884615384616 0.16466346153846154 0.03485576923076923 0.14903846153846154
0 0.6742788461538461 0.038461538461538464 0.052884615384615384 0.07451923076923077
0 0.6742788461538461 0.06610576923076923 0.04807692307692308 0.10576923076923077
0 0.6382211538461539 0.054086538461538464 0.036057692307692304 0.07572115384615384
0 0.6009615384615384 0.046875 0.04447115384615385 0.0733173076923077
0 0.5456730769230769 0.046875 0.04447115384615385 0.078125
0 0.47836538461538464 0.04807692307692308 0.04927884615384615 0.06971153846153846
0 0.4170673076923077 0.04807692307692308 0.054086538461538464 0.07451923076923077
0 0.375 0.046875 0.054086538461538464 0.09254807692307693
0 0.3088942307692308 0.056490384615384616 0.040865384615384616 0.11298076923076923
0 0.25 0.0889423076923077 0.057692307692307696 0.1778846153846154
0 0.054086538461538464 0.10216346153846154 0.04807692307692308 0.1045673076923077
0 0.10096153846153846 0.109375 0.038461538461538464 0.09615384615384616
0 0.1935096153846154 0.12259615384615384 0.027644230769230768 0.12860576923076922
0 0.17548076923076922 0.13341346153846154 0.036057692307692304 0.10817307692307693
0 0.12139423076923077 0.13822115384615385 0.054086538461538464 0.12139423076923077
0 0.019230769230769232 0.17427884615384615 0.038461538461538464 0.10576923076923077
0 0.06009615384615385 0.15745192307692307 0.038461538461538464 0.0733173076923077
0 0.08052884615384616 0.203125 0.052884615384615384 0.10096153846153846
0 0.15745192307692307 0.17067307692307693 0.04326923076923077 0.09615384615384616
0 0.1971153846153846 0.23317307692307693 0.039663461538461536 0.10336538461538461
0 0.12860576923076922 0.2247596153846154 0.056490384615384616 0.12139423076923077
0 0.15625 0.27163461538461536 0.051682692307692304 0.1466346153846154
0 0.08533653846153846 0.30649038461538464 0.06490384615384616 0.12740384615384615
0 0.03125 0.2932692307692308 0.056490384615384616 0.09014423076923077
0 0.05048076923076923 0.24879807692307693 0.03485576923076923 0.07692307692307693
0 0.010817307692307692 0.25 0.021634615384615384 0.10576923076923077
0 0.030048076923076924 0.29086538461538464 0.055288461538461536 0.09014423076923077
0 0.03365384615384615 0.36899038461538464 0.0673076923076923 0.12740384615384615
0 0.18028846153846154 0.3605769230769231 0.06009615384615385 0.15264423076923078
0 0.1310096153846154 0.3737980769230769 0.06490384615384616 0.12379807692307693
0 0.19951923076923078 0.3173076923076923 0.026442307692307692 0.07091346153846154
0 0.1875 0.48197115384615385 0.054086538461538464 0.26802884615384615
0 0.2932692307692308 0.5024038461538461 0.21394230769230768 0.8737980769230769
0 0.40865384615384615 0.5228365384615384 0.16947115384615385 0.7944711538461539
0 0.5576923076923077 0.5240384615384616 0.21033653846153846 0.8209134615384616
0 0.6923076923076923 0.5384615384615384 0.21394230769230768 0.8545673076923077
0 0.8846153846153846 0.17307692307692307 0.04807692307692308 0.0985576923076923
0 0.19591346153846154 0.46274038461538464 0.03365384615384615 0.30288461538461536