0 0.9098958333333333 0.6115160349854227 0.16145833333333334 0.5029154518950437
0 0.7463541666666667 0.642128279883382 0.153125 0.5787172011661808
0 0.6338541666666667 0.7084548104956269 0.13645833333333332 0.33527696793002915
0 0.5369791666666667 0.7332361516034985 0.09270833333333334 0.3498542274052478
0 0.4942708333333333 0.7711370262390671 0.046875 0.1836734693877551
0 0.5828125 0.7354227405247813 0.040625 0.2230320699708455
0 0.4354166666666667 0.7762390670553936 0.0875 0.24052478134110788
0 0.3359375 0.7769679300291545 0.084375 0.27113702623906705
0 0.28125 0.8032069970845481 0.05416666666666667 0.21865889212827988
0 0.20885416666666667 0.826530612244898 0.08854166666666667 0.21865889212827988
0 0.1359375 0.8367346938775511 0.09270833333333334 0.25072886297376096
0 0.09791666666666667 0.8250728862973761 0.09166666666666666 0.2536443148688047
0 0.04114583333333333 0.8739067055393586 0.071875 0.19970845481049562
0 0.3802083333333333 0.8010204081632653 0.041666666666666664 0.1967930029154519
0 0.16822916666666668 0.7208454810495627 0.046875 0.10349854227405247
0 0.09427083333333333 0.7048104956268222 0.03854166666666667 0.07725947521865889
0 0.128125 0.6946064139941691 0.04375 0.08892128279883382
0 0.17239583333333333 0.6516034985422741 0.042708333333333334 0.08746355685131195
0 0.24166666666666667 0.6946064139941691 0.04791666666666667 0.12682215743440234
0 0.26979166666666665 0.6661807580174927 0.0375 0.08746355685131195
0 0.27708333333333335 0.6333819241982507 0.041666666666666664 0.08309037900874636
0 0.3072916666666667 0.6450437317784257 0.05 0.12973760932944606
0 0.24114583333333334 0.6100583090379009 0.036458333333333336 0.10932944606413994
0 0.39739583333333334 0.7849854227405247 0.03229166666666667 0.19387755102040816
0 0.39739583333333334 0.6916909620991254 0.036458333333333336 0.07725947521865889
0 0.4552083333333333 0.6253644314868805 0.03958333333333333 0.08454810495626822
0 0.40625 0.641399416909621 0.04375 0.08163265306122448
0 0.37864583333333335 0.652332361516035 0.030208333333333334 0.11807580174927114
0 0.36302083333333335 0.6705539358600583 0.034375 0.07871720116618076
0 0.29583333333333334 0.5663265306122449 0.025 0.06268221574344024
0 0.36770833333333336 0.564868804664723 0.029166666666666667 0.10641399416909621
0 0.3984375 0.5874635568513119 0.034375 0.07871720116618076
0 0.42916666666666664 0.6056851311953353 0.027083333333333334 0.10641399416909621
0 0.44427083333333334 0.6115160349854227 0.028125 0.11224489795918367
0 0.6015625 0.5860058309037901 0.019791666666666666 0.11370262390670553
0 0.6270833333333333 0.5706997084548106 0.022916666666666665 0.06268221574344024
0 0.4661458333333333 0.5830903790087464 0.030208333333333334 0.10495626822157435
0 0.4390625 0.5539358600583091 0.03229166666666667 0.04956268221574344
0 0.4276041666666667 0.5400874635568513 0.028125 0.06559766763848396
0 0.40572916666666664 0.5502915451895044 0.023958333333333335 0.09183673469387756
0 0.4796875 0.5677842565597667 0.021875 0.09766763848396501
0 0.4895833333333333 0.5568513119533528 0.01875 0.08454810495626822
0 0.46145833333333336 0.532798833819242 0.025 0.05393586005830904
0 0.31354166666666666 0.532798833819242 0.027083333333333334 0.09475218658892129
0 0.3302083333333333 0.5255102040816326 0.020833333333333332 0.09475218658892129
0 0.5135416666666667 0.5349854227405247 0.022916666666666665 0.08746355685131195
0 0.5265625 0.5247813411078717 0.021875 0.09037900874635568
0 0.5765625 0.5051020408163265 0.011458333333333333 0.08017492711370262
0 0.7963541666666667 0.5335276967930029 0.023958333333333335 0.09329446064139942
0 0.6052083333333333 0.4970845481049563 0.01875 0.08746355685131195
0 0.6265625 0.5174927113702624 0.021875 0.061224489795918366
0 0.0703125 0.5801749271137027 0.036458333333333336 0.11078717201166181
0 0.10572916666666667 0.5779883381924198 0.03229166666666667 0.11224489795918367
0 0.14270833333333333 0.5597667638483965 0.03125 0.10204081632653061
0 0.17552083333333332 0.5495626822157434 0.030208333333333334 0.09037900874635568
0 0.21927083333333333 0.5488338192419825 0.021875 0.06559766763848396
0 0.2546875 0.5532069970845481 0.019791666666666666 0.09183673469387756