0 0.26802884615384615 0.1814903846153846 0.02283653846153846 0.07091346153846154
0 0.28966346153846156 0.19110576923076922 0.03125 0.10216346153846154
0 0.17908653846153846 0.5661057692307693 0.12139423076923077 0.75
0 0.2608173076923077 0.5661057692307693 0.09735576923076923 0.6838942307692307
0 0.33774038461538464 0.5252403846153846 0.0889423076923077 0.6646634615384616
0 0.4050480769230769 0.28725961538461536 0.08173076923076923 0.19951923076923078
0 0.46634615384615385 0.26322115384615385 0.08173076923076923 0.20793269230769232
0 0.5180288461538461 0.30408653846153844 0.055288461538461536 0.21995192307692307
0 0.609375 0.29086538461538464 0.0673076923076923 0.17427884615384615
0 0.6838942307692307 0.5865384615384616 0.1502403846153846 0.6995192307692307
0 0.6862980769230769 0.6021634615384616 0.1466346153846154 0.7956730769230769
0 0.8125 0.5889423076923077 0.16346153846153846 0.8221153846153846
0 0.5745192307692307 0.5432692307692307 0.12139423076923077 0.6875
0 0.47596153846153844 0.5649038461538461 0.09615384615384616 0.5997596153846154
0 0.3894230769230769 0.5721153846153846 0.07211538461538461 0.6105769230769231