0 0.7716346153846154 0.6502403846153846 0.3088942307692308 0.5985576923076923
0 0.6826923076923077 0.6514423076923077 0.36658653846153844 0.5600961538461539
0 0.5637019230769231 0.6754807692307693 0.14302884615384615 0.5264423076923077
0 0.39903846153846156 0.6610576923076923 0.23677884615384615 0.5396634615384616
0 0.31009615384615385 0.65625 0.1935096153846154 0.578125
0 0.10216346153846154 0.5060096153846154 0.15865384615384615 0.7524038461538461
0 0.2091346153846154 0.53125 0.14182692307692307 0.6862980769230769
0 0.30528846153846156 0.5384615384615384 0.11057692307692307 0.6237980769230769
0 0.3858173076923077 0.5384615384615384 0.09134615384615384 0.5997596153846154
0 0.47475961538461536 0.37740384615384615 0.10817307692307693 0.29927884615384615
0 0.5600961538461539 0.3762019230769231 0.11177884615384616 0.328125
0 0.6538461538461539 0.3629807692307692 0.12259615384615384 0.3004807692307692
0 0.7560096153846154 0.5276442307692307 0.11538461538461539 0.6394230769230769
0 0.8629807692307693 0.5348557692307693 0.14543269230769232 0.6790865384615384