0 0.019230769230769232 0.6911057692307693 0.038461538461538464 0.21394230769230768
0 0.04927884615384615 0.7163461538461539 0.07091346153846154 0.16346153846153846
0 0.019230769230769232 0.5120192307692307 0.038461538461538464 0.2764423076923077
0 0.0829326923076923 0.5480769230769231 0.15504807692307693 0.7103365384615384
0 0.11298076923076923 0.5817307692307693 0.06971153846153846 0.4375
0 0.15865384615384615 0.6141826923076923 0.04927884615384615 0.3605769230769231
0 0.171875 0.6009615384615384 0.06971153846153846 0.3942307692307692
0 0.21514423076923078 0.5949519230769231 0.04326923076923077 0.3786057692307692
0 0.27403846153846156 0.5805288461538461 0.15625 0.6778846153846154
0 0.33413461538461536 0.5817307692307693 0.037259615384615384 0.3954326923076923
0 0.35336538461538464 0.5901442307692307 0.04447115384615385 0.38221153846153844
0 0.36658653846153844 0.5973557692307693 0.03365384615384615 0.31850961538461536
0 0.40024038461538464 0.6105769230769231 0.051682692307692304 0.33774038461538464
0 0.45552884615384615 0.5432692307692307 0.140625 0.7055288461538461
0 0.5168269230769231 0.44471153846153844 0.06370192307692307 0.15985576923076922
0 0.5264423076923077 0.6009615384615384 0.07091346153846154 0.38100961538461536
0 0.5612980769230769 0.609375 0.0673076923076923 0.3701923076923077
0 0.625 0.5625 0.11658653846153846 0.5865384615384616
0 0.6850961538461539 0.5829326923076923 0.09495192307692307 0.21033653846153846
0 0.6971153846153846 0.4567307692307692 0.04326923076923077 0.17548076923076922
0 0.7740384615384616 0.5336538461538461 0.14543269230769232 0.7572115384615384
0 0.8509615384615384 0.6983173076923077 0.06129807692307692 0.16706730769230768
0 0.8509615384615384 0.6117788461538461 0.04927884615384615 0.34615384615384615
0 0.8545673076923077 0.5829326923076923 0.04927884615384615 0.375
0 0.9134615384615384 0.5661057692307693 0.14423076923076922 0.6646634615384616