0 0.12620192307692307 0.5564903846153846 0.039663461538461536 0.13221153846153846
0 0.1935096153846154 0.5456730769230769 0.051682692307692304 0.14182692307692307
0 0.3401442307692308 0.5360576923076923 0.04447115384615385 0.1201923076923077
0 0.578125 0.5576923076923077 0.036057692307692304 0.140625
0 0.6526442307692307 0.5612980769230769 0.04567307692307692 0.13581730769230768
0 0.7223557692307693 0.5733173076923077 0.052884615384615384 0.15745192307692307
0 0.7367788461538461 0.6081730769230769 0.054086538461538464 0.203125
0 0.8389423076923077 0.5564903846153846 0.057692307692307696 0.25721153846153844
0 0.9254807692307693 0.6454326923076923 0.08774038461538461 0.21875
0 0.8100961538461539 0.6754807692307693 0.078125 0.234375
0 0.7403846153846154 0.7463942307692307 0.13581730769230768 0.1658653846153846
0 0.6021634615384616 0.7463942307692307 0.07451923076923077 0.32091346153846156
0 0.4639423076923077 0.7536057692307693 0.10576923076923077 0.3870192307692308
0 0.3545673076923077 0.7848557692307693 0.1045673076923077 0.40865384615384615
0 0.3076923076923077 0.5564903846153846 0.13341346153846154 0.296875