0 0.08413461538461539 0.8485576923076923 0.0985576923076923 0.08774038461538461
0 0.15264423076923078 0.9014423076923077 0.12259615384615384 0.18389423076923078
0 0.28966346153846156 0.9014423076923077 0.1778846153846154 0.19591346153846154
0 0.3557692307692308 0.8713942307692307 0.06490384615384616 0.19591346153846154
0 0.5348557692307693 0.9302884615384616 0.12259615384615384 0.13942307692307693
0 0.47115384615384615 0.8894230769230769 0.12379807692307693 0.21033653846153846
0 0.4807692307692308 0.7247596153846154 0.02403846153846154 0.039663461538461536
0 0.44471153846153844 0.8245192307692307 0.06009615384615385 0.14543269230769232
0 0.5288461538461539 0.8413461538461539 0.07692307692307693 0.17067307692307693
0 0.5721153846153846 0.8125 0.06370192307692307 0.140625
0 0.5072115384615384 0.7764423076923077 0.03365384615384615 0.07091346153846154
0 0.4831730769230769 0.7632211538461539 0.040865384615384616 0.08413461538461539
0 0.5240384615384616 0.7379807692307693 0.036057692307692304 0.04567307692307692
0 0.5444711538461539 0.7427884615384616 0.04326923076923077 0.04807692307692308
0 0.6899038461538461 0.8978365384615384 0.10697115384615384 0.20432692307692307
0 0.765625 0.9038461538461539 0.09375 0.19230769230769232
0 0.6658653846153846 0.8461538461538461 0.07211538461538461 0.14423076923076922
0 0.7115384615384616 0.8353365384615384 0.07211538461538461 0.14543269230769232
0 0.7980769230769231 0.8461538461538461 0.0889423076923077 0.20673076923076922
0 0.9555288461538461 0.8605769230769231 0.0889423076923077 0.20192307692307693
0 0.9266826923076923 0.7704326923076923 0.03125 0.052884615384615384
0 0.8653846153846154 0.8028846153846154 0.07091346153846154 0.14423076923076922
0 0.6550480769230769 0.7716346153846154 0.04807692307692308 0.07692307692307693
0 0.6850961538461539 0.7560096153846154 0.04326923076923077 0.0625
0 0.6634615384615384 0.7271634615384616 0.021634615384615384 0.03365384615384615
0 0.6682692307692307 0.7199519230769231 0.038461538461538464 0.028846153846153848
0 0.6995192307692307 0.7331730769230769 0.021634615384615384 0.04567307692307692
0 0.7019230769230769 0.734375 0.026442307692307692 0.04567307692307692
0 0.7175480769230769 0.7223557692307693 0.026442307692307692 0.03245192307692308
0 0.7283653846153846 0.7692307692307693 0.042067307692307696 0.10336538461538461
0 0.7584134615384616 0.7716346153846154 0.039663461538461536 0.07572115384615384
0 0.75 0.7307692307692307 0.03245192307692308 0.028846153846153848
0 0.78125 0.7451923076923077 0.04567307692307692 0.04807692307692308
0 0.7644230769230769 0.7223557692307693 0.02283653846153846 0.03125
0 0.8016826923076923 0.7463942307692307 0.03125 0.04807692307692308
0 0.7860576923076923 0.7283653846153846 0.025240384615384616 0.025240384615384616
0 0.7860576923076923 0.7139423076923077 0.026442307692307692 0.021634615384615384
0 0.8329326923076923 0.7932692307692307 0.0625 0.11298076923076923
0 0.9134615384615384 0.7704326923076923 0.027644230769230768 0.07211538461538461
0 0.8425480769230769 0.7403846153846154 0.025240384615384616 0.030048076923076924
0 0.8810096153846154 0.7572115384615384 0.042067307692307696 0.052884615384615384
0 0.8076923076923077 0.7283653846153846 0.03125 0.02283653846153846
0 0.796875 0.7103365384615384 0.014423076923076924 0.009615384615384616
0 0.8173076923076923 0.7247596153846154 0.018028846153846152 0.027644230769230768
0 0.8389423076923077 0.7295673076923077 0.019230769230769232 0.026442307692307692
0 0.8629807692307693 0.7259615384615384 0.03125 0.025240384615384616
0 0.9182692307692307 0.7463942307692307 0.051682692307692304 0.055288461538461536
0 0.9519230769230769 0.7475961538461539 0.04326923076923077 0.05048076923076923
0 0.9879807692307693 0.7596153846153846 0.02283653846153846 0.06610576923076923
0 0.9639423076923077 0.7524038461538461 0.039663461538461536 0.06009615384615385
0 0.8978365384615384 0.7259615384615384 0.020432692307692308 0.025240384615384616
0 0.9182692307692307 0.7259615384615384 0.03245192307692308 0.02283653846153846
0 0.9338942307692307 0.7199519230769231 0.02283653846153846 0.020432692307692308
0 0.9651442307692307 0.7271634615384616 0.03485576923076923 0.038461538461538464
0 0.9807692307692307 0.7271634615384616 0.02283653846153846 0.042067307692307696
0 0.9350961538461539 0.7115384615384616 0.025240384615384616 0.018028846153846152
0 0.8221153846153846 0.7151442307692307 0.025240384615384616 0.03245192307692308
0 0.8449519230769231 0.7079326923076923 0.021634615384615384 0.014423076923076924
0 0.8473557692307693 0.7163461538461539 0.014423076923076924 0.020432692307692308
0 0.8629807692307693 0.7139423076923077 0.013221153846153846 0.021634615384615384
0 0.8389423076923077 0.7295673076923077 0.019230769230769232 0.025240384615384616
0 0.8774038461538461 0.7247596153846154 0.02403846153846154 0.042067307692307696
0 0.9014423076923077 0.7091346153846154 0.019230769230769232 0.02283653846153846
0 0.8834134615384616 0.7043269230769231 0.010817307692307692 0.018028846153846152
0 0.8737980769230769 0.6983173076923077 0.01201923076923077 0.015625
0 0.96875 0.7103365384615384 0.019230769230769232 0.015625
0 0.9783653846153846 0.7055288461538461 0.016826923076923076 0.014423076923076924
0 0.9242788461538461 0.7067307692307693 0.014423076923076924 0.021634615384615384
0 0.9411057692307693 0.703125 0.02403846153846154 0.020432692307692308