0 0.10817307692307693 0.5817307692307693 0.21634615384615385 0.8365384615384616
0 0.1814903846153846 0.4831730769230769 0.09134615384615384 0.23798076923076922
0 0.23918269230769232 0.6766826923076923 0.12860576923076922 0.6454326923076923
0 0.296875 0.4170673076923077 0.07692307692307693 0.25961538461538464
0 0.3485576923076923 0.6682692307692307 0.17908653846153846 0.6634615384615384
0 0.4651442307692308 0.6911057692307693 0.41225961538461536 0.6177884615384616
0 0.5709134615384616 0.5432692307692307 0.09014423076923077 0.34615384615384615
0 0.6490384615384616 0.5384615384615384 0.17548076923076922 0.5120192307692307
0 0.7932692307692307 0.34975961538461536 0.09254807692307693 0.1622596153846154
0 0.7956730769230769 0.7091346153846154 0.375 0.5805288461538461
0 0.9603365384615384 0.49759615384615385 0.07932692307692307 0.44711538461538464
0 0.47596153846153844 0.3473557692307692 0.06610576923076923 0.12379807692307693