0 0.8653846153846154 0.33653846153846156 0.037259615384615384 0.20552884615384615
0 0.8052884615384616 0.3954326923076923 0.03485576923076923 0.265625
0 0.7211538461538461 0.4807692307692308 0.23557692307692307 0.8137019230769231
0 0.5949519230769231 0.35096153846153844 0.07692307692307693 0.2247596153846154
0 0.5673076923076923 0.28365384615384615 0.020432692307692308 0.054086538461538464
0 0.546875 0.3557692307692308 0.04567307692307692 0.2247596153846154
0 0.49038461538461536 0.3894230769230769 0.08774038461538461 0.3425480769230769
0 0.43509615384615385 0.28365384615384615 0.04567307692307692 0.1814903846153846
0 0.4110576923076923 0.390625 0.08413461538461539 0.3425480769230769
0 0.3629807692307692 0.35336538461538464 0.04326923076923077 0.22956730769230768
0 0.33533653846153844 0.3629807692307692 0.016826923076923076 0.15264423076923078
0 0.32572115384615385 0.37740384615384615 0.027644230769230768 0.1875
0 0.28365384615384615 0.3737980769230769 0.08173076923076923 0.36538461538461536
0 0.23076923076923078 0.3798076923076923 0.04326923076923077 0.2824519230769231
0 0.21754807692307693 0.31009615384615385 0.030048076923076924 0.0985576923076923
0 0.15745192307692307 0.3713942307692308 0.08173076923076923 0.2920673076923077
0 0.0889423076923077 0.36899038461538464 0.09134615384615384 0.3762019230769231
0 0.03365384615384615 0.37740384615384615 0.04807692307692308 0.27884615384615385