0 0.6742788461538461 0.6538461538461539 0.20192307692307693 0.6538461538461539
0 0.26802884615384615 0.578125 0.22956730769230768 0.6742788461538461
0 0.6213942307692307 0.46274038461538464 0.23918269230769232 0.7956730769230769
0 0.46634615384615385 0.4735576923076923 0.18269230769230768 0.7644230769230769
0 0.34134615384615385 0.43149038461538464 0.1310096153846154 0.6742788461538461
0 0.1935096153846154 0.42908653846153844 0.15745192307692307 0.7331730769230769
0 0.90625 0.36658653846153844 0.13701923076923078 0.3641826923076923
0 0.7512019230769231 0.40024038461538464 0.09735576923076923 0.5324519230769231
0 0.04927884615384615 0.5420673076923077 0.0985576923076923 0.49759615384615385
0 0.06971153846153846 0.38822115384615385 0.09375 0.41466346153846156
0 0.06009615384615385 0.29086538461538464 0.06971153846153846 0.21995192307692307
0 0.9747596153846154 0.49399038461538464 0.04927884615384615 0.4411057692307692
0 0.8185096153846154 0.3425480769230769 0.08653846153846154 0.3076923076923077
0 0.11778846153846154 0.24879807692307693 0.04807692307692308 0.15144230769230768
0 0.24879807692307693 0.19471153846153846 0.057692307692307696 0.11177884615384616
0 0.5576923076923077 0.17307692307692307 0.042067307692307696 0.06490384615384616