0 0.6766826923076923 0.6646634615384616 0.21875 0.5264423076923077
0 0.5204326923076923 0.6430288461538461 0.14543269230769232 0.5228365384615384
0 0.3737980769230769 0.6442307692307693 0.18990384615384615 0.5120192307692307
0 0.7992788461538461 0.5372596153846154 0.11177884615384616 0.7235576923076923
0 0.7091346153846154 0.5144230769230769 0.12259615384615384 0.6213942307692307
0 0.6213942307692307 0.3762019230769231 0.11658653846153846 0.33653846153846156
0 0.5240384615384616 0.36778846153846156 0.13822115384615385 0.28966346153846156
0 0.4170673076923077 0.3713942307692308 0.125 0.33052884615384615
0 0.3004807692307692 0.5216346153846154 0.15625 0.6394230769230769
0 0.20673076923076922 0.5060096153846154 0.09615384615384616 0.6177884615384616
0 0.12379807692307693 0.5444711538461539 0.13341346153846154 0.6394230769230769