0 0.03125 0.5024038461538461 0.05048076923076923 0.17307692307692307
0 0.0733173076923077 0.4326923076923077 0.04447115384615385 0.09975961538461539
0 0.18389423076923078 0.43990384615384615 0.056490384615384616 0.10216346153846154
0 0.22716346153846154 0.5793269230769231 0.09134615384615384 0.3485576923076923
0 0.08653846153846154 0.734375 0.16826923076923078 0.53125
0 0.16105769230769232 0.7331730769230769 0.13221153846153846 0.5336538461538461
0 0.3233173076923077 0.46153846153846156 0.11538461538461539 0.4735576923076923
0 0.40024038461538464 0.7680288461538461 0.19951923076923078 0.4639423076923077
0 0.6995192307692307 0.7367788461538461 0.1935096153846154 0.5264423076923077
0 0.6382211538461539 0.6862980769230769 0.11658653846153846 0.5600961538461539
0 0.35697115384615385 0.5805288461538461 0.0985576923076923 0.2932692307692308
0 0.5048076923076923 0.5192307692307693 0.06490384615384616 0.29086538461538464
0 0.5288461538461539 0.40865384615384615 0.02403846153846154 0.08052884615384616
0 0.5504807692307693 0.43149038461538464 0.04326923076923077 0.12860576923076922
0 0.5769230769230769 0.45913461538461536 0.05048076923076923 0.1622596153846154
0 0.7836538461538461 0.49759615384615385 0.08774038461538461 0.16947115384615385
0 0.8209134615384616 0.4675480769230769 0.078125 0.18870192307692307
0 0.8846153846153846 0.6081730769230769 0.11778846153846154 0.4639423076923077
0 0.8641826923076923 0.5012019230769231 0.056490384615384616 0.24639423076923078
0 0.5757211538461539 0.4110576923076923 0.021634615384615384 0.0889423076923077