0 0.040865384615384616 0.5913461538461539 0.08173076923076923 0.8173076923076923
0 0.16466346153846154 0.6502403846153846 0.18629807692307693 0.6995192307692307
0 0.29086538461538464 0.6418269230769231 0.14783653846153846 0.7151442307692307
0 0.40384615384615385 0.5588942307692307 0.12139423076923077 0.8798076923076923
0 0.5216346153846154 0.6310096153846154 0.12259615384615384 0.7367788461538461
0 0.5889423076923077 0.5925480769230769 0.10817307692307693 0.734375
0 0.6875 0.6382211538461539 0.12860576923076922 0.5192307692307693
0 0.7151442307692307 0.5528846153846154 0.1045673076923077 0.5829326923076923
0 0.765625 0.5432692307692307 0.1045673076923077 0.5060096153846154
0 0.8088942307692307 0.5673076923076923 0.10336538461538461 0.3918269230769231
0 0.8329326923076923 0.4230769230769231 0.06129807692307692 0.08413461538461539
0 0.8689903846153846 0.5300480769230769 0.06850961538461539 0.25600961538461536
0 0.9519230769230769 0.6382211538461539 0.09495192307692307 0.7235576923076923
0 0.9050480769230769 0.5108173076923077 0.038461538461538464 0.24639423076923078
0 0.8978365384615384 0.546875 0.0625 0.2127403846153846
0 0.9471153846153846 0.578125 0.03485576923076923 0.07572115384615384