0 0.12139423076923077 0.8052884615384616 0.24158653846153846 0.38822115384615385
0 0.08052884615384616 0.421875 0.16105769230769232 0.4639423076923077
0 0.19110576923076922 0.44711538461538464 0.16706730769230768 0.6706730769230769
0 0.3629807692307692 0.5877403846153846 0.18870192307692307 0.5612980769230769
0 0.052884615384615384 0.16466346153846154 0.08052884615384616 0.09014423076923077
0 0.33774038461538464 0.2800480769230769 0.14543269230769232 0.2692307692307692
0 0.4338942307692308 0.42427884615384615 0.15384615384615385 0.43149038461538464
0 0.4639423076923077 0.3942307692307692 0.0829326923076923 0.4807692307692308
0 0.5492788461538461 0.38341346153846156 0.11057692307692307 0.4699519230769231
0 0.6262019230769231 0.38341346153846156 0.07692307692307693 0.36899038461538464
0 0.8125 0.5060096153846154 0.36778846153846156 0.9338942307692307
0 0.9723557692307693 0.44711538461538464 0.055288461538461536 0.4182692307692308
0 0.8966346153846154 0.3389423076923077 0.10096153846153846 0.4050480769230769
0 0.9182692307692307 0.2932692307692308 0.051682692307692304 0.1814903846153846
0 0.9290865384615384 0.31009615384615385 0.039663461538461536 0.21514423076923078
0 0.9651442307692307 0.3233173076923077 0.04567307692307692 0.23557692307692307