0 0.037259615384615384 0.8293269230769231 0.06009615384615385 0.12620192307692307
0 0.13701923076923078 0.8497596153846154 0.08052884615384616 0.13581730769230768
0 0.15745192307692307 0.8221153846153846 0.039663461538461536 0.140625
0 0.203125 0.8377403846153846 0.04567307692307692 0.10216346153846154
0 0.2776442307692308 0.8677884615384616 0.04567307692307692 0.10697115384615384
0 0.06850961538461539 0.5913461538461539 0.038461538461538464 0.14302884615384615
0 0.0889423076923077 0.6382211538461539 0.04326923076923077 0.15144230769230768
0 0.11778846153846154 0.5841346153846154 0.02283653846153846 0.125
0 0.17427884615384615 0.5865384615384616 0.03125 0.1201923076923077
0 0.17427884615384615 0.5240384615384616 0.019230769230769232 0.02283653846153846
0 0.15384615384615385 0.5300480769230769 0.025240384615384616 0.10697115384615384
0 0.16466346153846154 0.5288461538461539 0.025240384615384616 0.109375
0 0.14903846153846154 0.47836538461538464 0.019230769230769232 0.07692307692307693
0 0.1658653846153846 0.49038461538461536 0.027644230769230768 0.056490384615384616
0 0.17668269230769232 0.4795673076923077 0.02283653846153846 0.06129807692307692
0 0.18870192307692307 0.5192307692307693 0.02283653846153846 0.10096153846153846
0 0.203125 0.49278846153846156 0.018028846153846152 0.10216346153846154
0 0.21394230769230768 0.4951923076923077 0.01201923076923077 0.08533653846153846
0 0.22596153846153846 0.5048076923076923 0.027644230769230768 0.07692307692307693
0 0.22235576923076922 0.46274038461538464 0.013221153846153846 0.021634615384615384
0 0.22716346153846154 0.5012019230769231 0.02403846153846154 0.0829326923076923
0 0.21754807692307693 0.44471153846153844 0.015625 0.027644230769230768
0 0.2608173076923077 0.5132211538461539 0.03125 0.11298076923076923
0 0.26322115384615385 0.45552884615384615 0.02283653846153846 0.06009615384615385
0 0.31850961538461536 0.5516826923076923 0.027644230769230768 0.09134615384615384
0 0.34134615384615385 0.6069711538461539 0.03125 0.07932692307692307
0 0.41586538461538464 0.5444711538461539 0.03365384615384615 0.0829326923076923
0 0.4519230769230769 0.5324519230769231 0.019230769230769232 0.052884615384615384
0 0.48197115384615385 0.45072115384615385 0.019230769230769232 0.03125
0 0.296875 0.453125 0.02283653846153846 0.09134615384615384
0 0.3125 0.44711538461538464 0.027644230769230768 0.10216346153846154
0 0.2848557692307692 0.40625 0.021634615384615384 0.08653846153846154
0 0.31850961538461536 0.39302884615384615 0.02283653846153846 0.046875
0 0.33533653846153844 0.4230769230769231 0.02283653846153846 0.08533653846153846
0 0.34615384615384615 0.4170673076923077 0.018028846153846152 0.07451923076923077
0 0.34375 0.40865384615384615 0.016826923076923076 0.07692307692307693
0 0.3641826923076923 0.3942307692307692 0.02403846153846154 0.078125
0 0.27283653846153844 0.3641826923076923 0.02403846153846154 0.040865384615384616
0 0.2956730769230769 0.3701923076923077 0.021634615384615384 0.06850961538461539
0 0.2776442307692308 0.3473557692307692 0.018028846153846152 0.037259615384615384
0 0.2776442307692308 0.35096153846153844 0.014423076923076924 0.06850961538461539
0 0.3125 0.3629807692307692 0.021634615384615384 0.04807692307692308
0 0.32572115384615385 0.37259615384615385 0.013221153846153846 0.06370192307692307
0 0.3485576923076923 0.3545673076923077 0.020432692307692308 0.06370192307692307
0 0.41947115384615385 0.3713942307692308 0.019230769230769232 0.04447115384615385
0 0.4567307692307692 0.39302884615384615 0.02403846153846154 0.051682692307692304
0 0.46875 0.35697115384615385 0.018028846153846152 0.07451923076923077
0 0.47836538461538464 0.34375 0.018028846153846152 0.06370192307692307
0 0.5264423076923077 0.3173076923076923 0.014423076923076924 0.04447115384615385
0 0.5348557692307693 0.3173076923076923 0.010817307692307692 0.055288461538461536
0 0.5288461538461539 0.296875 0.013221153846153846 0.028846153846153848
0 0.5144230769230769 0.2932692307692308 0.018028846153846152 0.04567307692307692
0 0.5637019230769231 0.34134615384615385 0.013221153846153846 0.03245192307692308
0 0.5685096153846154 0.3245192307692308 0.013221153846153846 0.04567307692307692
0 0.5793269230769231 0.3329326923076923 0.016826923076923076 0.05889423076923077
0 0.5697115384615384 0.31009615384615385 0.014423076923076924 0.054086538461538464
0 0.5961538461538461 0.3125 0.013221153846153846 0.051682692307692304
0 0.6117788461538461 0.359375 0.018028846153846152 0.0673076923076923
0 0.6237980769230769 0.3581730769230769 0.015625 0.0673076923076923
0 0.6694711538461539 0.35096153846153844 0.02283653846153846 0.05889423076923077
0 0.7632211538461539 0.6538461538461539 0.03245192307692308 0.17668269230769232
0 0.7115384615384616 0.5264423076923077 0.027644230769230768 0.1045673076923077
0 0.7019230769230769 0.4423076923076923 0.020432692307692308 0.08413461538461539
0 0.8040865384615384 0.3713942307692308 0.027644230769230768 0.06971153846153846
0 0.265625 0.27884615384615385 0.013221153846153846 0.04447115384615385
0 0.2512019230769231 0.25 0.015625 0.040865384615384616
0 0.25721153846153844 0.2512019230769231 0.010817307692307692 0.036057692307692304
0 0.3245192307692308 0.2704326923076923 0.013221153846153846 0.046875
0 0.36899038461538464 0.2644230769230769 0.016826923076923076 0.025240384615384616
0 0.421875 0.24759615384615385 0.015625 0.040865384615384616
0 0.44591346153846156 0.24639423076923078 0.016826923076923076 0.039663461538461536
0 0.5108173076923077 0.2800480769230769 0.013221153846153846 0.054086538461538464
0 0.5420673076923077 0.27163461538461536 0.013221153846153846 0.046875
0 0.5564903846153846 0.27283653846153844 0.018028846153846152 0.052884615384615384
0 0.5673076923076923 0.2956730769230769 0.010817307692307692 0.040865384615384616
0 0.5793269230769231 0.26322115384615385 0.013221153846153846 0.051682692307692304
0 0.515625 0.2403846153846154 0.010817307692307692 0.036057692307692304
0 0.5600961538461539 0.2403846153846154 0.008413461538461538 0.027644230769230768
0 0.5889423076923077 0.2439903846153846 0.01201923076923077 0.036057692307692304
0 0.5901442307692307 0.23076923076923078 0.007211538461538462 0.03125
0 0.6165865384615384 0.28365384615384615 0.013221153846153846 0.04807692307692308
0 0.6262019230769231 0.2800480769230769 0.014423076923076924 0.04807692307692308
0 0.6286057692307693 0.22956730769230768 0.009615384615384616 0.036057692307692304
0 0.6706730769230769 0.2403846153846154 0.010817307692307692 0.038461538461538464
0 0.6814903846153846 0.25600961538461536 0.014423076923076924 0.04326923076923077
0 0.6959134615384616 0.24519230769230768 0.013221153846153846 0.02283653846153846
0 0.6862980769230769 0.3137019230769231 0.014423076923076924 0.06129807692307692
0 0.6959134615384616 0.3125 0.014423076923076924 0.06009615384615385
0 0.6887019230769231 0.30528846153846156 0.014423076923076924 0.06009615384615385
0 0.6959134615384616 0.27283653846153844 0.016826923076923076 0.052884615384615384
0 0.7091346153846154 0.25 0.010817307692307692 0.027644230769230768
0 0.7091346153846154 0.27884615384615385 0.013221153846153846 0.06009615384615385
0 0.7199519230769231 0.2824519230769231 0.013221153846153846 0.05889423076923077
0 0.7331730769230769 0.22716346153846154 0.009615384615384616 0.038461538461538464
0 0.75 0.23317307692307693 0.009615384615384616 0.038461538461538464
0 0.7512019230769231 0.22596153846153846 0.010817307692307692 0.037259615384615384
0 0.7367788461538461 0.25240384615384615 0.01201923076923077 0.040865384615384616
0 0.7403846153846154 0.27884615384615385 0.01201923076923077 0.052884615384615384
0 0.7463942307692307 0.2800480769230769 0.008413461538461538 0.04807692307692308
0 0.7524038461538461 0.27884615384615385 0.009615384615384616 0.055288461538461536
0 0.7596153846153846 0.2764423076923077 0.013221153846153846 0.054086538461538464
0 0.7596153846153846 0.25721153846153844 0.009615384615384616 0.038461538461538464
0 0.7860576923076923 0.31490384615384615 0.016826923076923076 0.0625
0 0.8004807692307693 0.3088942307692308 0.018028846153846152 0.06129807692307692
0 0.8064903846153846 0.29447115384615385 0.013221153846153846 0.054086538461538464
0 0.8329326923076923 0.3112980769230769 0.014423076923076924 0.04927884615384615
0 0.9182692307692307 0.3485576923076923 0.016826923076923076 0.06850961538461539
0 0.9411057692307693 0.35697115384615385 0.020432692307692308 0.02403846153846154
0 0.9699519230769231 0.38341346153846156 0.021634615384615384 0.07091346153846154
0 0.9519230769230769 0.32572115384615385 0.018028846153846152 0.039663461538461536
0 0.9771634615384616 0.34375 0.018028846153846152 0.05889423076923077
0 0.9399038461538461 0.33533653846153844 0.016826923076923076 0.05889423076923077