0 0.9098557692307693 0.6117788461538461 0.16105769230769232 0.5024038461538461
0 0.7463942307692307 0.6418269230769231 0.15264423076923078 0.578125
0 0.6334134615384616 0.7079326923076923 0.13701923076923078 0.33533653846153844
0 0.5372596153846154 0.7331730769230769 0.09254807692307693 0.34975961538461536
0 0.49399038461538464 0.7716346153846154 0.046875 0.18389423076923078
0 0.5829326923076923 0.7355769230769231 0.040865384615384616 0.22355769230769232
0 0.43509615384615385 0.7764423076923077 0.08774038461538461 0.2403846153846154
0 0.33653846153846156 0.7764423076923077 0.08413461538461539 0.27163461538461536
0 0.28125 0.8028846153846154 0.054086538461538464 0.21875
0 0.2091346153846154 0.8269230769230769 0.0889423076923077 0.21875
0 0.13581730769230768 0.8365384615384616 0.09254807692307693 0.2512019230769231
0 0.09735576923076923 0.8245192307692307 0.09134615384615384 0.2536057692307692
0 0.040865384615384616 0.8737980769230769 0.07211538461538461 0.19951923076923078
0 0.3798076923076923 0.8004807692307693 0.042067307692307696 0.1971153846153846
0 0.16826923076923078 0.7211538461538461 0.046875 0.10336538461538461
0 0.09375 0.7043269230769231 0.038461538461538464 0.07692307692307693
0 0.12860576923076922 0.6947115384615384 0.04326923076923077 0.0889423076923077
0 0.171875 0.6514423076923077 0.04326923076923077 0.08774038461538461
0 0.24158653846153846 0.6947115384615384 0.04807692307692308 0.12740384615384615
0 0.2692307692307692 0.6658653846153846 0.037259615384615384 0.08774038461538461
0 0.2776442307692308 0.6334134615384616 0.042067307692307696 0.0829326923076923
0 0.3076923076923077 0.6454326923076923 0.05048076923076923 0.12980769230769232
0 0.24158653846153846 0.6105769230769231 0.036057692307692304 0.109375
0 0.39783653846153844 0.7848557692307693 0.03245192307692308 0.1935096153846154
0 0.39783653846153844 0.6911057692307693 0.036057692307692304 0.07692307692307693
0 0.45552884615384615 0.625 0.039663461538461536 0.08413461538461539
0 0.40625 0.6418269230769231 0.04326923076923077 0.08173076923076923
0 0.3786057692307692 0.6526442307692307 0.030048076923076924 0.11778846153846154
0 0.3629807692307692 0.6706730769230769 0.03485576923076923 0.078125
0 0.2956730769230769 0.5661057692307693 0.025240384615384616 0.0625
0 0.36778846153846156 0.5649038461538461 0.028846153846153848 0.10697115384615384
0 0.39903846153846156 0.5877403846153846 0.03485576923076923 0.078125
0 0.42908653846153844 0.6057692307692307 0.027644230769230768 0.10697115384615384
0 0.44471153846153844 0.6117788461538461 0.027644230769230768 0.11177884615384616
0 0.6009615384615384 0.5865384615384616 0.019230769230769232 0.1141826923076923
0 0.6274038461538461 0.5709134615384616 0.02283653846153846 0.0625
0 0.46634615384615385 0.5829326923076923 0.030048076923076924 0.1045673076923077
0 0.4387019230769231 0.5540865384615384 0.03245192307692308 0.04927884615384615
0 0.42788461538461536 0.5396634615384616 0.027644230769230768 0.06610576923076923
0 0.40625 0.5504807692307693 0.02403846153846154 0.09134615384615384
0 0.4795673076923077 0.5673076923076923 0.021634615384615384 0.09735576923076923
0 0.4891826923076923 0.5564903846153846 0.019230769230769232 0.08413461538461539
0 0.46153846153846156 0.5324519230769231 0.025240384615384616 0.054086538461538464
0 0.3137019230769231 0.5324519230769231 0.027644230769230768 0.09495192307692307
0 0.33052884615384615 0.5252403846153846 0.020432692307692308 0.09495192307692307
0 0.5132211538461539 0.5348557692307693 0.02283653846153846 0.08774038461538461
0 0.5264423076923077 0.5252403846153846 0.021634615384615384 0.09014423076923077
0 0.5769230769230769 0.5048076923076923 0.01201923076923077 0.08052884615384616
0 0.796875 0.5336538461538461 0.02403846153846154 0.09375
0 0.6057692307692307 0.49759615384615385 0.019230769230769232 0.08774038461538461
0 0.6262019230769231 0.5180288461538461 0.021634615384615384 0.06129807692307692
0 0.06971153846153846 0.5805288461538461 0.036057692307692304 0.11057692307692307
0 0.10576923076923077 0.578125 0.03245192307692308 0.11177884615384616
0 0.14302884615384615 0.5600961538461539 0.03125 0.10216346153846154
0 0.17548076923076922 0.5492788461538461 0.030048076923076924 0.09014423076923077
0 0.21875 0.5492788461538461 0.021634615384615384 0.06610576923076923
0 0.2548076923076923 0.5528846153846154 0.019230769230769232 0.09134615384615384