0 0.8112980769230769 0.7524038461538461 0.19951923076923078 0.4951923076923077
0 0.875 0.7211538461538461 0.109375 0.5480769230769231
0 0.9615384615384616 0.49038461538461536 0.07211538461538461 0.38100961538461536
0 0.8545673076923077 0.47115384615384615 0.15985576923076922 0.5985576923076923
0 0.8942307692307693 0.29086538461538464 0.03245192307692308 0.11298076923076923
0 0.7403846153846154 0.4266826923076923 0.052884615384615384 0.3161057692307692
0 0.6766826923076923 0.34975961538461536 0.040865384615384616 0.15384615384615385
0 0.6454326923076923 0.36658653846153844 0.04807692307692308 0.16466346153846154
0 0.5997596153846154 0.36778846153846156 0.038461538461538464 0.18870192307692307
0 0.5697115384615384 0.5625 0.109375 0.41466346153846156
0 0.4326923076923077 0.6911057692307693 0.14543269230769232 0.5949519230769231
0 0.08533653846153846 0.6033653846153846 0.16826923076923078 0.38100961538461536
0 0.171875 0.5805288461538461 0.1502403846153846 0.375
0 0.19951923076923078 0.44350961538461536 0.07451923076923077 0.22355769230769232
0 0.08774038461538461 0.4110576923076923 0.057692307692307696 0.2439903846153846
0 0.038461538461538464 0.2704326923076923 0.06129807692307692 0.2620192307692308
0 0.09975961538461539 0.29086538461538464 0.057692307692307696 0.25841346153846156
0 0.27403846153846156 0.3954326923076923 0.051682692307692304 0.28365384615384615
0 0.3485576923076923 0.4831730769230769 0.09735576923076923 0.32572115384615385
0 0.3449519230769231 0.3125 0.051682692307692304 0.25600961538461536
0 0.3173076923076923 0.3161057692307692 0.04807692307692308 0.37259615384615385
0 0.4519230769230769 0.29086538461538464 0.0733173076923077 0.31009615384615385
0 0.5480769230769231 0.3329326923076923 0.06971153846153846 0.44471153846153844
0 0.4891826923076923 0.4230769230769231 0.040865384615384616 0.3125
0 0.4182692307692308 0.23197115384615385 0.018028846153846152 0.08052884615384616
0 0.48677884615384615 0.23677884615384615 0.02283653846153846 0.10576923076923077
0 0.5144230769230769 0.2091346153846154 0.02403846153846154 0.07932692307692307
0 0.5024038461538461 0.2848557692307692 0.021634615384615384 0.109375
0 0.18629807692307693 0.2764423076923077 0.028846153846153848 0.14903846153846154
0 0.13942307692307693 0.234375 0.019230769230769232 0.06610576923076923
0 0.9387019230769231 0.41466346153846156 0.04807692307692308 0.2764423076923077
0 0.4831730769230769 0.5985576923076923 0.0985576923076923 0.49158653846153844