0 0.921875 0.5961538461538461 0.03365384615384615 0.055288461538461536
0 0.9855769230769231 0.5528846153846154 0.02403846153846154 0.08653846153846154
0 0.9495192307692307 0.5228365384615384 0.030048076923076924 0.056490384615384616
0 0.8978365384615384 0.5528846153846154 0.021634615384615384 0.07451923076923077
0 0.8125 0.5288461538461539 0.018028846153846152 0.04326923076923077
0 0.7824519230769231 0.546875 0.018028846153846152 0.05889423076923077
0 0.33413461538461536 0.5649038461538461 0.015625 0.09014423076923077
0 0.7932692307692307 0.5588942307692307 0.015625 0.09735576923076923
0 0.3137019230769231 0.5673076923076923 0.026442307692307692 0.08052884615384616
0 0.27524038461538464 0.5649038461538461 0.030048076923076924 0.08653846153846154
0 0.27403846153846156 0.5649038461538461 0.037259615384615384 0.08774038461538461
0 0.24278846153846154 0.5709134615384616 0.02403846153846154 0.09975961538461539
0 0.15264423076923078 0.5576923076923077 0.019230769230769232 0.07572115384615384
0 0.12139423076923077 0.5697115384615384 0.03365384615384615 0.07572115384615384
0 0.09975961538461539 0.5600961538461539 0.019230769230769232 0.06850961538461539
0 0.11057692307692307 0.5564903846153846 0.013221153846153846 0.0625
0 0.12980769230769232 0.5408653846153846 0.020432692307692308 0.055288461538461536
0 0.07572115384615384 0.5600961538461539 0.015625 0.06490384615384616
0 0.0673076923076923 0.5492788461538461 0.013221153846153846 0.06490384615384616
0 0.05048076923076923 0.5588942307692307 0.014423076923076924 0.06610576923076923
0 0.038461538461538464 0.5612980769230769 0.019230769230769232 0.07211538461538461