0 0.08642578125 0.06076388888888889 0.0498046875 0.12152777777777778
0 0.0380859375 0.1362847222222222 0.0546875 0.24479166666666666
0 0.08740234375 0.16145833333333334 0.0595703125 0.19444444444444445
0 0.13525390625 0.1657986111111111 0.0478515625 0.1857638888888889
0 0.1337890625 0.059027777777777776 0.0390625 0.11805555555555555
0 0.1796875 0.08246527777777778 0.0546875 0.16493055555555555
0 0.234375 0.0642361111111111 0.044921875 0.1284722222222222
0 0.20361328125 0.3263888888888889 0.0537109375 0.22916666666666666
0 0.26220703125 0.2960069444444444 0.0478515625 0.1892361111111111
0 0.29833984375 0.3532986111111111 0.0517578125 0.13368055555555555
0 0.39453125 0.3333333333333333 0.10546875 0.2222222222222222
0 0.40771484375 0.2777777777777778 0.0380859375 0.12152777777777778
0 0.47509765625 0.3541666666666667 0.0654296875 0.2465277777777778
0 0.53515625 0.3411458333333333 0.056640625 0.21006944444444445
0 0.48291015625 0.12152777777777778 0.0576171875 0.1527777777777778
0 0.52978515625 0.07552083333333333 0.0361328125 0.10243055555555555
0 0.54638671875 0.15885416666666666 0.0712890625 0.22395833333333334
0 0.61572265625 0.16319444444444445 0.0615234375 0.2152777777777778
0 0.69287109375 0.11371527777777778 0.0673828125 0.22743055555555555
0 0.7109375 0.1779513888888889 0.044921875 0.203125
0 0.751953125 0.09722222222222222 0.048828125 0.18055555555555555
0 0.78173828125 0.1675347222222222 0.0712890625 0.2309027777777778
0 0.83349609375 0.0842013888888889 0.0615234375 0.1684027777777778
0 0.84228515625 0.1701388888888889 0.0458984375 0.2152777777777778
0 0.89306640625 0.1467013888888889 0.0576171875 0.2621527777777778
0 0.95556640625 0.1623263888888889 0.0517578125 0.2482638888888889
0 0.93115234375 0.06163194444444445 0.0380859375 0.11979166666666667
0 0.2451171875 0.6388888888888888 0.220703125 0.4548611111111111
0 0.23974609375 0.4027777777777778 0.1162109375 0.2986111111111111
0 0.2294921875 0.6875 0.15234375 0.3576388888888889
0 0.38671875 0.6345486111111112 0.09765625 0.4670138888888889
0 0.34228515625 0.7100694444444444 0.0810546875 0.3194444444444444
0 0.38916015625 0.6345486111111112 0.0732421875 0.4704861111111111
0 0.40625 0.7013888888888888 0.078125 0.3576388888888889
0 0.4453125 0.7161458333333334 0.083984375 0.3072916666666667
0 0.45166015625 0.5173611111111112 0.0712890625 0.1701388888888889
0 0.50634765625 0.4670138888888889 0.0478515625 0.13541666666666666
0 0.52392578125 0.7092013888888888 0.0888671875 0.3385416666666667
0 0.51904296875 0.5642361111111112 0.0791015625 0.2048611111111111
0 0.5625 0.4800347222222222 0.056640625 0.1267361111111111
0 0.6123046875 0.5373263888888888 0.07421875 0.171875
0 0.59423828125 0.7074652777777778 0.0712890625 0.328125
0 0.65771484375 0.7126736111111112 0.0712890625 0.3350694444444444
0 0.60009765625 0.4340277777777778 0.0654296875 0.19791666666666666
0 0.6923828125 0.6553819444444444 0.1171875 0.4427083333333333
0 0.736328125 0.5277777777777778 0.0703125 0.2534722222222222
0 0.31640625 0.6484375 0.080078125 0.4322916666666667