0 0.48333333333333334 0.18833333333333332 0.042222222222222223 0.08333333333333333
0 0.5166666666666667 0.2758333333333333 0.051111111111111114 0.195
0 0.4666666666666667 0.29083333333333333 0.05555555555555555 0.215
0 0.5505555555555556 0.34833333333333333 0.052222222222222225 0.20666666666666667
0 0.9672222222222222 0.38 0.06333333333333334 0.07333333333333333
0 0.8955555555555555 0.3908333333333333 0.09555555555555556 0.14833333333333334
0 0.7911111111111111 0.4025 0.08444444444444445 0.08166666666666667
0 0.4222222222222222 0.42583333333333334 0.07555555555555556 0.12166666666666667
0 0.8694444444444445 0.44 0.04111111111111111 0.07666666666666666
0 0.7461111111111111 0.45166666666666666 0.07 0.10333333333333333
0 0.9244444444444444 0.4583333333333333 0.11555555555555555 0.08333333333333333
0 0.695 0.4716666666666667 0.05444444444444444 0.10333333333333333
0 0.9177777777777778 0.4841666666666667 0.06444444444444444 0.055
0 0.8127777777777778 0.4925 0.08777777777777777 0.12833333333333333
0 0.6483333333333333 0.49916666666666665 0.04555555555555556 0.18833333333333332
0 0.42388888888888887 0.5025 0.06333333333333334 0.14833333333333334
0 0.37222222222222223 0.5058333333333334 0.06888888888888889 0.14166666666666666
0 0.5316666666666666 0.5108333333333334 0.07 0.115
0 0.30944444444444447 0.5125 0.05 0.095
0 0.9577777777777777 0.515 0.08222222222222222 0.08333333333333333
0 0.8761111111111111 0.5183333333333333 0.09666666666666666 0.08333333333333333
0 0.4766666666666667 0.525 0.05333333333333334 0.15333333333333332
0 0.8005555555555556 0.5258333333333334 0.06111111111111111 0.08833333333333333
0 0.7433333333333333 0.5291666666666667 0.06 0.09833333333333333
0 0.2611111111111111 0.5441666666666667 0.06888888888888889 0.105
0 0.6127777777777778 0.5516666666666666 0.052222222222222225 0.16
0 0.6892111111111111 0.5516666666666666 0.06333333333333334 0.10333333333333333
0 0.21666666666666667 0.5575 0.07555555555555556 0.09833333333333333
0 0.36444444444444446 0.5583333333333333 0.07555555555555556 0.10666666666666667
0 0.14055555555555554 0.5616666666666666 0.08555555555555555 0.09666666666666666
0 0.5411111111111111 0.5725 0.051111111111111114 0.125
0 0.9838888888888889 0.5741666666666667 0.03 0.075
0 0.8733333333333333 0.5758333333333333 0.09333333333333334 0.08166666666666667
0 0.9461111111111111 0.585 0.06777777777777778 0.08666666666666667
0 0.4122222222222222 0.5866666666666667 0.06666666666666667 0.15
0 0.78 0.5925 0.06222222222222222 0.085
0 0.33055555555555555 0.5958333333333333 0.058888888888888886 0.095
0 0.29833333333333334 0.6216666666666667 0.056666666666666664 0.09666666666666666
0 0.17833333333333334 0.6258333333333334 0.09666666666666666 0.11166666666666666
0 0.45944444444444443 0.6333333333333333 0.056666666666666664 0.14
0 0.11277777777777778 0.6375 0.09888888888888889 0.11166666666666666
0 0.8227777777777778 0.64 0.09 0.07333333333333333
0 0.5705555555555556 0.6433333333333333 0.06555555555555556 0.1
0 0.8944444444444445 0.6441666666666667 0.07777777777777778 0.09166666666666666
0 0.41444444444444445 0.65 0.04666666666666667 0.11
0 0.22777777777777777 0.6508333333333334 0.07777777777777778 0.10833333333333334
0 0.7244444444444444 0.6641666666666667 0.08222222222222222 0.12166666666666667
0 0.36333333333333334 0.665 0.07111111111111111 0.12666666666666668
0 0.5122222222222222 0.6691666666666667 0.04666666666666667 0.09833333333333333
0 0.6416666666666667 0.6983333333333334 0.09444444444444444 0.11666666666666667
0 0.295 0.715 0.07444444444444444 0.11
0 0.9583333333333334 0.7191666666666666 0.0811111111111111 0.08833333333333333
0 0.7983333333333333 0.7191666666666666 0.09444444444444444 0.115
0 0.22555555555555556 0.7241666666666666 0.12222222222222222 0.11166666666666666
0 0.4483333333333333 0.7266666666666667 0.06333333333333334 0.11666666666666667
0 0.5572222222222222 0.7275 0.07222222222222222 0.095
0 0.8833333333333333 0.7341666666666666 0.08666666666666667 0.09833333333333333
0 0.48944444444444446 0.7458333333333333 0.06111111111111111 0.115
0 0.34944444444444445 0.7608333333333334 0.0811111111111111 0.15166666666666667
0 0.6755555555555556 0.7725 0.07555555555555556 0.095
0 0.17666666666666667 0.7858333333333334 0.08666666666666667 0.12166666666666667
0 0.08388888888888889 0.7916666666666666 0.16777777777777778 0.12333333333333334
0 0.9511111111111111 0.8058333333333333 0.09555555555555556 0.10833333333333334
0 0.2722222222222222 0.8258333333333333 0.13777777777777778 0.13833333333333334
0 0.4027777777777778 0.8291666666666667 0.0811111111111111 0.175
0 0.5605555555555556 0.8341666666666666 0.07666666666666666 0.10833333333333334
0 0.7338888888888889 0.8391666666666666 0.11888888888888889 0.10833333333333334
0 0.8561111111111112 0.845 0.1411111111111111 0.08666666666666667
0 0.6338888888888888 0.8483333333333334 0.07444444444444444 0.18
0 0.4622222222222222 0.86 0.06888888888888889 0.13
0 0.5844444444444444 0.9383333333333334 0.08444444444444445 0.12
0 0.5166666666666667 0.95 0.08222222222222222 0.09666666666666666