0 0.9703333333333334 0.8265867066466767 0.058666666666666666 0.26186906546726635
0 0.00033133333333333333 0.00040834155635825265 0.000004222222222222202 0.00012087909068953781
0 0.969 0.8258370814592704 0.04666666666666667 0.24737631184407796
0 0.9295 0.8340829585207397 0.03966666666666667 0.24887556221889057
0 0.89 0.8070964517741129 0.05533333333333333 0.28585707146426786
0 0.8958333333333334 0.8188405797101449 0.07966666666666666 0.26636681659170414
0 0.87 0.8033483258370815 0.03133333333333333 0.23138430784607697
0 0.847 0.8238380809595203 0.056666666666666664 0.2783608195902049
0 0.7766666666666666 0.8248375812093953 0.08133333333333333 0.2493753123438281
0 0.7848333333333334 0.8125937031484258 0.07566666666666666 0.24587706146926536
0 0.7773333333333333 0.7086456771614192 0.034 0.06096951524237881
0 0.7305 0.8268365817091454 0.09233333333333334 0.26036981509245377
0 0.6895 0.8148425787106447 0.05566666666666667 0.26636681659170414
0 0.6531666666666667 0.8138430784607696 0.051 0.2683658170914543
0 0.6763333333333333 0.809095452273863 0.034666666666666665 0.2518740629685157
0 0.6093333333333333 0.8235882058970515 0.05333333333333334 0.22588705647176413
0 0.5841666666666666 0.8095952023988006 0.07433333333333333 0.2368815592203898
0 0.5316666666666666 0.8030984507746127 0.04466666666666667 0.24287856071964017
0 0.48783333333333334 0.8040979510244878 0.09766666666666667 0.2898550724637681
0 0.4528333333333333 0.8275862068965517 0.085 0.25787106446776614
0 0.42233333333333334 0.8173413293353323 0.07 0.2273863068465767
0 0.3446666666666667 0.8228385807096452 0.08666666666666667 0.2683658170914543
0 0.3335 0.7396301849075462 0.03966666666666667 0.10694652673663169
0 0.38366666666666666 0.8243378310844578 0.07733333333333334 0.25737131434282856
0 0.2846666666666667 0.8175912043978011 0.042 0.24087956021989004
0 0.27066666666666667 0.8193403298350824 0.07333333333333333 0.2753623188405797
0 0.24983333333333332 0.7218890554722639 0.019666666666666666 0.0734632683658171
0 0.2015 0.8148425787106447 0.09233333333333334 0.30334832583708143
0 0.16533333333333333 0.7948525737131434 0.042666666666666665 0.2463768115942029
0 0.13866666666666666 0.8245877061469266 0.05333333333333334 0.24087956021989004
0 0.11316666666666667 0.8228385807096452 0.083 0.26436781609195403
0 0.063 0.8303348325837081 0.09 0.2673663168415792
0 0.04716666666666667 0.8193403298350824 0.04566666666666667 0.2723638180909545