0 0.027644230769230768 0.19831730769230768 0.009615384615384616 0.03245192307692308
0 0.052884615384615384 0.28725961538461536 0.018028846153846152 0.046875
0 0.07932692307692307 0.2920673076923077 0.020432692307692308 0.04927884615384615
0 0.06370192307692307 0.3557692307692308 0.02283653846153846 0.05889423076923077
0 0.24519230769230768 0.24639423076923078 0.013221153846153846 0.042067307692307696
0 0.2548076923076923 0.24278846153846154 0.014423076923076924 0.04447115384615385
0 0.2668269230769231 0.24519230769230768 0.013221153846153846 0.038461538461538464
0 0.23197115384615385 0.1658653846153846 0.007211538461538462 0.02283653846153846
0 0.44711538461538464 0.2247596153846154 0.010817307692307692 0.037259615384615384
0 0.48677884615384615 0.24158653846153846 0.01201923076923077 0.037259615384615384
0 0.6045673076923077 0.1875 0.009615384615384616 0.027644230769230768
0 0.7836538461538461 0.13341346153846154 0.007211538461538462 0.020432692307692308
0 0.25240384615384615 0.33052884615384615 0.028846153846153848 0.06009615384615385
0 0.23677884615384615 0.4338942307692308 0.027644230769230768 0.07211538461538461
0 0.3329326923076923 0.3762019230769231 0.03125 0.06610576923076923
0 0.3798076923076923 0.36778846153846156 0.02283653846153846 0.06490384615384616
0 0.40625 0.3786057692307692 0.02283653846153846 0.07692307692307693
0 0.4230769230769231 0.3329326923076923 0.019230769230769232 0.06009615384615385
0 0.45072115384615385 0.3557692307692308 0.03365384615384615 0.06850961538461539
0 0.4543269230769231 0.3473557692307692 0.025240384615384616 0.06009615384615385
0 0.4951923076923077 0.38822115384615385 0.020432692307692308 0.0625
0 0.4951923076923077 0.359375 0.014423076923076924 0.026442307692307692
0 0.5096153846153846 0.3641826923076923 0.021634615384615384 0.06009615384615385
0 0.5012019230769231 0.34615384615384615 0.01201923076923077 0.052884615384615384
0 0.49278846153846156 0.33413461538461536 0.015625 0.052884615384615384
0 0.546875 0.38341346153846156 0.026442307692307692 0.0733173076923077
0 0.5408653846153846 0.3762019230769231 0.019230769230769232 0.06850961538461539
0 0.5384615384615384 0.34375 0.015625 0.03485576923076923
0 0.5480769230769231 0.3401442307692308 0.015625 0.052884615384615384
0 0.5576923076923077 0.3605769230769231 0.018028846153846152 0.06850961538461539
0 0.6105769230769231 0.3870192307692308 0.027644230769230768 0.06850961538461539
0 0.6225961538461539 0.35096153846153844 0.020432692307692308 0.05889423076923077
0 0.6009615384615384 0.3329326923076923 0.016826923076923076 0.057692307692307696
0 0.6706730769230769 0.3762019230769231 0.016826923076923076 0.0673076923076923
0 0.6887019230769231 0.4182692307692308 0.021634615384615384 0.07091346153846154
0 0.7283653846153846 0.4326923076923077 0.019230769230769232 0.06850961538461539
0 0.6225961538461539 0.25841346153846156 0.01201923076923077 0.04447115384615385
0 0.6286057692307693 0.2668269230769231 0.018028846153846152 0.04927884615384615
0 0.640625 0.28125 0.01201923076923077 0.04567307692307692
0 0.7632211538461539 0.32211538461538464 0.02403846153846154 0.056490384615384616
0 0.7740384615384616 0.328125 0.018028846153846152 0.05048076923076923
0 0.9423076923076923 0.28125 0.015625 0.04567307692307692
0 0.5168269230769231 0.6334134615384616 0.040865384615384616 0.10697115384615384
0 0.6105769230769231 0.625 0.03365384615384615 0.11658653846153846
0 0.6129807692307693 0.5408653846153846 0.026442307692307692 0.07572115384615384
0 0.6598557692307693 0.6322115384615384 0.036057692307692304 0.11899038461538461
0 0.6814903846153846 0.5540865384615384 0.028846153846153848 0.10697115384615384
0 0.7151442307692307 0.49759615384615385 0.03485576923076923 0.08413461538461539
0 0.7019230769230769 0.5889423076923077 0.03485576923076923 0.10096153846153846
0 0.7283653846153846 0.5865384615384616 0.03125 0.057692307692307696
0 0.7283653846153846 0.640625 0.037259615384615384 0.10096153846153846
0 0.7451923076923077 0.5300480769230769 0.025240384615384616 0.09254807692307693
0 0.7608173076923077 0.4891826923076923 0.020432692307692308 0.05048076923076923
0 0.7596153846153846 0.5588942307692307 0.028846153846153848 0.09615384615384616
0 0.7980769230769231 0.7800480769230769 0.04447115384615385 0.11899038461538461
0 0.8161057692307693 0.6334134615384616 0.03485576923076923 0.10216346153846154
0 0.8112980769230769 0.5661057692307693 0.03365384615384615 0.0889423076923077
0 0.8052884615384616 0.46033653846153844 0.03365384615384615 0.09254807692307693
0 0.8677884615384616 0.42908653846153844 0.026442307692307692 0.07451923076923077
0 0.8966346153846154 0.41947115384615385 0.021634615384615384 0.0733173076923077
0 0.9158653846153846 0.4254807692307692 0.026442307692307692 0.08052884615384616
0 0.8918269230769231 0.4807692307692308 0.026442307692307692 0.08413461538461539
0 0.9110576923076923 0.4951923076923077 0.026442307692307692 0.06009615384615385
0 0.9326923076923077 0.4951923076923077 0.027644230769230768 0.0829326923076923
0 0.8365384615384616 0.5408653846153846 0.03125 0.09134615384615384
0 0.8521634615384616 0.5949519230769231 0.036057692307692304 0.11057692307692307
0 0.8677884615384616 0.5456730769230769 0.020432692307692308 0.06370192307692307
0 0.8918269230769231 0.5949519230769231 0.04447115384615385 0.11658653846153846
0 0.9242788461538461 0.5709134615384616 0.036057692307692304 0.09134615384615384
0 0.9507211538461539 0.5841346153846154 0.042067307692307696 0.0829326923076923
0 0.9795673076923077 0.5661057692307693 0.027644230769230768 0.08533653846153846
0 0.9411057692307693 0.6550480769230769 0.042067307692307696 0.10817307692307693
0 0.9783653846153846 0.6682692307692307 0.042067307692307696 0.11778846153846154