0 0.5600961538461539 0.7367788461538461 0.2932692307692308 0.5252403846153846
0 0.9098557692307693 0.7247596153846154 0.17548076923076922 0.5504807692307693
0 0.8533653846153846 0.6490384615384616 0.1658653846153846 0.6201923076923077
0 0.7163461538461539 0.6550480769230769 0.13341346153846154 0.47716346153846156
0 0.4326923076923077 0.6935096153846154 0.1814903846153846 0.6105769230769231
0 0.31971153846153844 0.6646634615384616 0.15144230769230768 0.5949519230769231
0 0.1045673076923077 0.6838942307692307 0.14423076923076922 0.6081730769230769
0 0.23197115384615385 0.5444711538461539 0.07451923076923077 0.36177884615384615
0 0.2824519230769231 0.5480769230769231 0.056490384615384616 0.35096153846153844
0 0.39783653846153844 0.44471153846153844 0.06129807692307692 0.1814903846153846
0 0.5745192307692307 0.3918269230769231 0.08413461538461539 0.19471153846153846
0 0.640625 0.4182692307692308 0.06370192307692307 0.21754807692307693
0 0.6706730769230769 0.5492788461538461 0.08173076923076923 0.39302884615384615
0 0.7295673076923077 0.39903846153846156 0.06370192307692307 0.09134615384615384
0 0.7800480769230769 0.4807692307692308 0.11057692307692307 0.2764423076923077
0 0.5192307692307693 0.4675480769230769 0.09014423076923077 0.22596153846153846
0 0.16706730769230768 0.4807692307692308 0.06370192307692307 0.265625
0 0.20072115384615385 0.47475961538461536 0.040865384615384616 0.21995192307692307
0 0.020432692307692308 0.43028846153846156 0.040865384615384616 0.11538461538461539
0 0.04326923076923077 0.39783653846153844 0.03245192307692308 0.08413461538461539
0 0.10697115384615384 0.3918269230769231 0.036057692307692304 0.1141826923076923
0 0.14302884615384615 0.38822115384615385 0.030048076923076924 0.10096153846153846
0 0.35336538461538464 0.41225961538461536 0.037259615384615384 0.14423076923076922
0 0.4807692307692308 0.3762019230769231 0.07211538461538461 0.15264423076923078
0 0.59375 0.35096153846153844 0.04567307692307692 0.08173076923076923
0 0.7319711538461539 0.3485576923076923 0.05889423076923077 0.10096153846153846
0 0.796875 0.35216346153846156 0.07572115384615384 0.17548076923076922
0 0.9158653846153846 0.31490384615384615 0.09134615384615384 0.17427884615384615
0 0.9663461538461539 0.32091346153846156 0.03245192307692308 0.1045673076923077
0 0.8581730769230769 0.3137019230769231 0.037259615384615384 0.06490384615384616
0 0.25721153846153844 0.4098557692307692 0.06490384615384616 0.12740384615384615
0 0.026442307692307692 0.4519230769230769 0.052884615384615384 0.15745192307692307
0 0.0673076923076923 0.3629807692307692 0.021634615384615384 0.03125
0 0.7067307692307693 0.3269230769230769 0.037259615384615384 0.07932692307692307
0 0.7716346153846154 0.33774038461538464 0.03245192307692308 0.08653846153846154
0 0.8317307692307693 0.2860576923076923 0.030048076923076924 0.07211538461538461
0 0.8774038461538461 0.3076923076923077 0.030048076923076924 0.07451923076923077
0 0.6237980769230769 0.32572115384615385 0.028846153846153848 0.08774038461538461
0 0.40384615384615385 0.3389423076923077 0.04567307692307692 0.08653846153846154
0 0.42788461538461536 0.3641826923076923 0.020432692307692308 0.07932692307692307
0 0.37740384615384615 0.3389423076923077 0.025240384615384616 0.04927884615384615
0 0.36778846153846156 0.3942307692307692 0.042067307692307696 0.14903846153846154
0 0.32211538461538464 0.34375 0.037259615384615384 0.06971153846153846
0 0.6346153846153846 0.3317307692307692 0.040865384615384616 0.08533653846153846
0 0.6682692307692307 0.34615384615384615 0.030048076923076924 0.0673076923076923
0 0.6850961538461539 0.3245192307692308 0.025240384615384616 0.06370192307692307
0 0.4519230769230769 0.3629807692307692 0.036057692307692304 0.08653846153846154
0 0.3449519230769231 0.328125 0.018028846153846152 0.038461538461538464
0 0.5240384615384616 0.3473557692307692 0.03485576923076923 0.0625
0 0.9447115384615384 0.41225961538461536 0.09735576923076923 0.17908653846153846