0 0.546875 0.17067307692307693 0.028846153846153848 0.10096153846153846
0 0.36538461538461536 0.18629807692307693 0.028846153846153848 0.06129807692307692
0 0.5360576923076923 0.27524038461538464 0.03245192307692308 0.05889423076923077
0 0.4266826923076923 0.3245192307692308 0.03125 0.1346153846153846
0 0.4891826923076923 0.33533653846153844 0.03365384615384615 0.1310096153846154
0 0.4338942307692308 0.3557692307692308 0.021634615384615384 0.04927884615384615
0 0.5204326923076923 0.36658653846153844 0.03365384615384615 0.08533653846153846
0 0.4182692307692308 0.3798076923076923 0.021634615384615384 0.11778846153846154
0 0.7079326923076923 0.390625 0.03125 0.10096153846153846
0 0.2980769230769231 0.39783653846153844 0.028846153846153848 0.1141826923076923
0 0.32572115384615385 0.4014423076923077 0.027644230769230768 0.025240384615384616
0 0.6766826923076923 0.4182692307692308 0.026442307692307692 0.09495192307692307
0 0.46274038461538464 0.42788461538461536 0.03365384615384615 0.109375
0 0.6189903846153846 0.04447115384615385 0.03245192307692308 0.0889423076923077
0 0.16826923076923078 0.453125 0.038461538461538464 0.09014423076923077
0 0.3293269230769231 0.4951923076923077 0.020432692307692308 0.06129807692307692
0 0.46875 0.5132211538461539 0.042067307692307696 0.10216346153846154
0 0.40384615384615385 0.5168269230769231 0.039663461538461536 0.1201923076923077
0 0.23677884615384615 0.5324519230769231 0.02403846153846154 0.07692307692307693
0 0.25721153846153844 0.5348557692307693 0.040865384615384616 0.10697115384615384
0 0.34975961538461536 0.5528846153846154 0.039663461538461536 0.140625
0 0.3798076923076923 0.5637019230769231 0.028846153846153848 0.13581730769230768
0 0.17668269230769232 0.5841346153846154 0.039663461538461536 0.09975961538461539
0 0.4110576923076923 0.5877403846153846 0.039663461538461536 0.14302884615384615
0 0.4326923076923077 0.6141826923076923 0.04447115384615385 0.14302884615384615
0 0.1141826923076923 0.6802884615384616 0.038461538461538464 0.078125
0 0.1045673076923077 0.08173076923076923 0.03485576923076923 0.08774038461538461
0 0.7740384615384616 0.0829326923076923 0.04326923076923077 0.1201923076923077