0 0.109375 0.734375 0.0733173076923077 0.3473557692307692
0 0.18629807692307693 0.48677884615384615 0.06971153846153846 0.1971153846153846
0 0.39903846153846156 0.5396634615384616 0.08774038461538461 0.22115384615384615
0 0.43990384615384615 0.5889423076923077 0.057692307692307696 0.25
0 0.5360576923076923 0.5384615384615384 0.09495192307692307 0.20673076923076922
0 0.41225961538461536 0.4026442307692308 0.03485576923076923 0.13221153846153846
0 0.49399038461538464 0.3762019230769231 0.03485576923076923 0.12379807692307693
0 0.5192307692307693 0.3425480769230769 0.030048076923076924 0.12740384615384615
0 0.5841346153846154 0.3713942307692308 0.04807692307692308 0.10817307692307693
0 0.5925480769230769 0.32572115384615385 0.021634615384615384 0.09014423076923077
0 0.6009615384615384 0.3112980769230769 0.026442307692307692 0.08774038461538461
0 0.6430288461538461 0.29927884615384615 0.015625 0.06610576923076923
0 0.7163461538461539 0.3112980769230769 0.019230769230769232 0.07211538461538461
0 0.8581730769230769 0.3401442307692308 0.027644230769230768 0.08413461538461539
0 0.8581730769230769 0.4579326923076923 0.0673076923076923 0.21394230769230768
0 0.9891826923076923 0.3713942307692308 0.021634615384615384 0.10336538461538461
0 0.7223557692307693 0.5504807692307693 0.06009615384615385 0.2512019230769231
0 0.9338942307692307 0.7932692307692307 0.1310096153846154 0.3629807692307692
0 0.9807692307692307 0.5973557692307693 0.037259615384615384 0.18389423076923078
0 0.5552884615384616 0.25961538461538464 0.014423076923076924 0.021634615384615384
0 0.5264423076923077 0.24639423076923078 0.004807692307692308 0.013221153846153846