0 0.3137019230769231 0.6454326923076923 0.09495192307692307 0.5733173076923077
0 0.38341346153846156 0.6923076923076923 0.08413461538461539 0.49399038461538464
0 0.46153846153846156 0.53125 0.15745192307692307 0.8725961538461539
0 0.5709134615384616 0.6862980769230769 0.11057692307692307 0.4735576923076923
0 0.6466346153846154 0.6502403846153846 0.09975961538461539 0.6274038461538461
0 0.234375 0.23918269230769232 0.03485576923076923 0.11298076923076923
0 0.3004807692307692 0.18389423076923078 0.036057692307692304 0.15384615384615385
0 0.3425480769230769 0.15264423076923078 0.02283653846153846 0.054086538461538464
0 0.5384615384615384 0.32211538461538464 0.0673076923076923 0.34975961538461536
0 0.5228365384615384 0.27884615384615385 0.05889423076923077 0.32091346153846156
0 0.5673076923076923 0.20793269230769232 0.038461538461538464 0.171875
0 0.5600961538461539 0.18990384615384615 0.014423076923076924 0.09254807692307693
0 0.6911057692307693 0.21634615384615385 0.016826923076923076 0.09375
0 0.7043269230769231 0.19951923076923078 0.02403846153846154 0.13701923076923078
0 0.7211538461538461 0.15745192307692307 0.021634615384615384 0.05889423076923077
0 0.7235576923076923 0.22115384615384615 0.015625 0.04326923076923077
0 0.7331730769230769 0.21995192307692307 0.014423076923076924 0.039663461538461536
0 0.7512019230769231 0.1971153846153846 0.025240384615384616 0.12860576923076922