0 0.5865384615384616 0.6165865384615384 0.19230769230769232 0.6514423076923077
0 0.4699519230769231 0.5372596153846154 0.13341346153846154 0.4387019230769231
0 0.14543269230769232 0.5769230769230769 0.1045673076923077 0.4026442307692308
0 0.19831730769230768 0.5288461538461539 0.07451923076923077 0.3858173076923077
0 0.06370192307692307 0.5096153846153846 0.12740384615384615 0.421875
0 0.12620192307692307 0.3870192307692308 0.09254807692307693 0.17668269230769232
0 0.14423076923076922 0.3425480769230769 0.027644230769230768 0.07211538461538461
0 0.21995192307692307 0.5024038461538461 0.10697115384615384 0.3894230769230769
0 0.24879807692307693 0.45552884615384615 0.07451923076923077 0.33052884615384615
0 0.21995192307692307 0.46153846153846156 0.109375 0.3605769230769231
0 0.25600961538461536 0.43990384615384615 0.04326923076923077 0.3004807692307692
0 0.2704326923076923 0.41346153846153844 0.055288461538461536 0.3016826923076923
0 0.27524038461538464 0.2860576923076923 0.03485576923076923 0.0733173076923077
0 0.30408653846153844 0.38341346153846156 0.057692307692307696 0.265625
0 0.3401442307692308 0.3737980769230769 0.055288461538461536 0.2644230769230769
0 0.37259615384615385 0.36899038461538464 0.0625 0.24158653846153846
0 0.4014423076923077 0.3401442307692308 0.04326923076923077 0.23918269230769232
0 0.43028846153846156 0.36899038461538464 0.052884615384615384 0.2764423076923077
0 0.47716346153846156 0.36658653846153844 0.055288461538461536 0.24278846153846154
0 0.5228365384615384 0.36899038461538464 0.057692307692307696 0.28966346153846156
0 0.5709134615384616 0.2920673076923077 0.057692307692307696 0.14302884615384615
0 0.6298076923076923 0.3112980769230769 0.0625 0.20072115384615385
0 0.6706730769230769 0.45913461538461536 0.057692307692307696 0.3425480769230769
0 0.71875 0.4519230769230769 0.09375 0.42908653846153844
0 0.7475961538461539 0.3557692307692308 0.11538461538461539 0.17067307692307693
0 0.7680288461538461 0.5649038461538461 0.13341346153846154 0.45913461538461536
0 0.7451923076923077 0.5 0.08173076923076923 0.35697115384615385
0 0.8293269230769231 0.5961538461538461 0.12860576923076922 0.5012019230769231
0 0.8858173076923077 0.6634615384615384 0.21634615384615385 0.4110576923076923
0 0.8665865384615384 0.46875 0.17548076923076922 0.22716346153846154
0 0.8846153846153846 0.5288461538461539 0.12620192307692307 0.22956730769230768
0 0.8798076923076923 0.3173076923076923 0.09134615384615384 0.22956730769230768
0 0.7992788461538461 0.26802884615384615 0.12620192307692307 0.203125
0 0.08413461538461539 0.33413461538461536 0.046875 0.16706730769230768
0 0.15384615384615385 0.28966346153846156 0.06971153846153846 0.18629807692307693
0 0.04447115384615385 0.26322115384615385 0.056490384615384616 0.10817307692307693
0 0.24759615384615385 0.24158653846153846 0.05048076923076923 0.10096153846153846
0 0.21153846153846154 0.24519230769230768 0.03245192307692308 0.07091346153846154
0 0.18389423076923078 0.21875 0.04927884615384615 0.08533653846153846
0 0.28966346153846156 0.24519230769230768 0.025240384615384616 0.036057692307692304
0 0.35697115384615385 0.24278846153846154 0.06129807692307692 0.07451923076923077
0 0.41225961538461536 0.2127403846153846 0.054086538461538464 0.0733173076923077
0 0.4567307692307692 0.24759615384615385 0.04447115384615385 0.1045673076923077
0 0.4951923076923077 0.2620192307692308 0.027644230769230768 0.0829326923076923
0 0.4807692307692308 0.20673076923076922 0.039663461538461536 0.08653846153846154
0 0.5637019230769231 0.22716346153846154 0.05048076923076923 0.09735576923076923
0 0.6153846153846154 0.22596153846153846 0.051682692307692304 0.08533653846153846
0 0.6706730769230769 0.25841346153846156 0.06971153846153846 0.13341346153846154
0 0.7211538461538461 0.2764423076923077 0.0625 0.12620192307692307
0 0.7019230769230769 0.23317307692307693 0.03245192307692308 0.06850961538461539
0 0.0829326923076923 0.28725961538461536 0.056490384615384616 0.11899038461538461
0 0.3389423076923077 0.3545673076923077 0.04807692307692308 0.22716346153846154
0 0.4230769230769231 0.24278846153846154 0.018028846153846152 0.03245192307692308
0 0.45913461538461536 0.265625 0.028846153846153848 0.078125
0 0.9747596153846154 0.38461538461538464 0.04927884615384615 0.15264423076923078
0 0.04447115384615385 0.5841346153846154 0.08533653846153846 0.296875
0 0.7872596153846154 0.3629807692307692 0.07091346153846154 0.3173076923076923
0 0.21875 0.2764423076923077 0.030048076923076924 0.04326923076923077