0 0.953125 0.2973733583489681 0.02125 0.043151969981238276
0 0.98125 0.29924953095684803 0.035 0.058161350844277676
0 0.78625 0.32926829268292684 0.015 0.024390243902439025
0 0.813125 0.3395872420262664 0.02125 0.075046904315197
0 0.97625 0.34146341463414637 0.025 0.0525328330206379
0 0.963125 0.3424015009380863 0.03375 0.054409005628517824
0 0.746875 0.35365853658536583 0.03125 0.06566604127579738
0 0.613125 0.3649155722326454 0.02375 0.039399624765478425
0 0.7225 0.36585365853658536 0.03 0.0675422138836773
0 0.743125 0.36585365853658536 0.03375 0.0600375234521576
0 0.68125 0.37335834896810505 0.02 0.04878048780487805
0 0.5975 0.3771106941838649 0.015 0.0300187617260788
0 0.701875 0.3799249530956848 0.03125 0.06566604127579738
0 0.588125 0.39118198874296434 0.02625 0.039399624765478425
0 0.630625 0.39118198874296434 0.03875 0.058161350844277676
0 0.65125 0.3921200750469043 0.02 0.0375234521575985
0 0.71625 0.39399624765478425 0.0275 0.0450281425891182
0 0.735625 0.3949343339587242 0.02375 0.04690431519699812
0 0.67 0.399624765478424 0.0325 0.04878048780487805
0 0.965625 0.399624765478424 0.02625 0.0825515947467167
0 0.60875 0.40337711069418386 0.03 0.0675422138836773
0 0.5675 0.4071294559099437 0.025 0.0600375234521576
0 0.754375 0.4090056285178236 0.03125 0.04878048780487805
0 0.976875 0.4090056285178236 0.03625 0.06378986866791744
0 0.77125 0.41275797373358347 0.0175 0.0225140712945591
0 0.716875 0.41369606003752346 0.02125 0.04690431519699812
0 0.54625 0.4165103189493433 0.015 0.0375234521575985
0 0.73 0.4230769230769231 0.0175 0.03564727954971857
0 0.6775 0.425891181988743 0.0325 0.05628517823639775
0 0.59 0.42870544090056284 0.035 0.07692307692307693
0 0.56875 0.43058161350844276 0.0175 0.03189493433395872
0 0.615 0.43058161350844276 0.02 0.043151969981238276
0 0.583125 0.43151969981238275 0.02625 0.0525328330206379
0 0.63875 0.43151969981238275 0.02 0.0375234521575985
0 0.65125 0.4352720450281426 0.0275 0.05628517823639775
0 0.535625 0.43621013133208253 0.02875 0.05065666041275797
0 0.554375 0.43808630393996245 0.02875 0.058161350844277676
0 0.748125 0.44090056285178236 0.02125 0.04127579737335835
0 0.62375 0.4446529080675422 0.0275 0.0600375234521576
0 0.479375 0.4474671669793621 0.01875 0.05065666041275797
0 0.674375 0.4474671669793621 0.01875 0.043151969981238276
0 0.491875 0.44840525328330205 0.02625 0.0450281425891182
0 0.685625 0.44934333958724204 0.01625 0.024390243902439025
0 0.698125 0.44934333958724204 0.02375 0.08067542213883677
0 0.745 0.450281425891182 0.0225 0.075046904315197
0 0.9775 0.4530956848030019 0.0425 0.11069418386491557
0 0.5375 0.4549718574108818 0.02 0.039399624765478425
0 0.51625 0.45684803001876173 0.0275 0.058161350844277676
0 0.654375 0.45684803001876173 0.01875 0.05065666041275797
0 0.54625 0.45778611632270166 0.02 0.03377110694183865
0 0.5675 0.45778611632270166 0.015 0.04127579737335835
0 0.710625 0.45778611632270166 0.03125 0.05628517823639775
0 0.73125 0.45872420262664165 0.0325 0.06191369606003752
0 0.5775 0.4596622889305816 0.015 0.04127579737335835
0 0.71125 0.4624765478424015 0.0325 0.05065666041275797
0 0.634375 0.4643527204502814 0.02125 0.05065666041275797
0 0.606875 0.46622889305816134 0.01875 0.04690431519699812
0 0.6625 0.46622889305816134 0.025 0.05065666041275797
0 0.76 0.46904315196998125 0.025 0.1050656660412758
0 0.489375 0.4727954971857411 0.02375 0.0600375234521576
0 0.641875 0.47654784240150094 0.03375 0.05628517823639775
0 0.570625 0.47842401500938087 0.01375 0.03377110694183865
0 0.51125 0.4793621013133208 0.015 0.024390243902439025
0 0.619375 0.4821763602251407 0.02375 0.06378986866791744
0 0.499375 0.48405253283302063 0.02125 0.0450281425891182
0 0.671875 0.48592870544090055 0.02875 0.0525328330206379
0 0.730625 0.4896810506566604 0.02875 0.075046904315197
0 0.543125 0.4906191369606004 0.02125 0.039399624765478425
0 0.5575 0.4915572232645403 0.025 0.0600375234521576
0 0.69375 0.4915572232645403 0.0325 0.07129455909943715
0 0.71 0.49437148217636023 0.0225 0.06191369606003752
0 0.39125 0.50093808630394 0.0175 0.0450281425891182
0 0.520625 0.5103189493433395 0.02125 0.0600375234521576
0 0.846875 0.5093808630393997 0.24125 0.9774859287054409
0 0.6925 0.5131332082551595 0.0225 0.039399624765478425
0 0.100625 0.5140712945590994 0.02125 0.0450281425891182
0 0.651875 0.5187617260787992 0.04125 0.06191369606003752
0 0.63625 0.5393996247654784 0.0275 0.09943714821763602
0 0.148125 0.5656660412757973 0.02125 0.14821763602251406
0 0.011875 0.5675422138836773 0.02375 0.1669793621013133
0 0.0375 0.5712945590994372 0.0375 0.16322701688555347
0 0.049375 0.573170731707317 0.02875 0.15947467166979362
0 0.138125 0.5769230769230769 0.03125 0.15947467166979362
0 0.251875 0.5769230769230769 0.03125 0.14446529080675422
0 0.56 0.5797373358348968 0.03 0.1651031894934334
0 0.086875 0.5806754221388368 0.02875 0.14821763602251406
0 0.249375 0.5816135084427767 0.03375 0.14634146341463414
0 0.358125 0.5844277673545967 0.07125 0.3058161350844278
0 0.599375 0.5844277673545967 0.03375 0.2045028142589118
0 0.185 0.5872420262664165 0.1125 0.46904315196998125
0 0.57875 0.5872420262664165 0.08 0.2776735459662289
0 0.775 0.5891181988742964 0.0275 0.10131332082551595
0 0.49375 0.5919324577861164 0.035 0.17073170731707318
0 0.679375 0.5919324577861164 0.04125 0.20075046904315197
0 0.530625 0.5928705440900562 0.05375 0.1801125703564728
0 0.7975 0.5928705440900562 0.0975 0.5215759849906192
0 0.503125 0.5938086303939962 0.02625 0.16322701688555347
0 0.615625 0.5956848030018762 0.02875 0.18198874296435272
0 0.713125 0.5966228893058161 0.04125 0.2101313320825516
0 0.745 0.5975609756097561 0.0375 0.20825515947467166
0 0.649375 0.600375234521576 0.04375 0.18761726078799248
0 0.114375 0.6031894934333959 0.07375 0.15947467166979362
0 0.44125 0.6163227016885553 0.1075 0.42964352720450283
0 0.32 0.6360225140712945 0.09 0.25140712945590993
0 0.971875 0.6472795497185742 0.05375 0.36397748592870544
0 0.778125 0.6519699812382739 0.02125 0.10694183864915573