0 0.006009615384615385 0.9399038461538461 0.01201923076923077 0.018028846153846152
0 0.04927884615384615 0.9507211538461539 0.008413461538461538 0.036057692307692304
0 0.06129807692307692 0.9435096153846154 0.013221153846153846 0.03125
0 0.0673076923076923 0.9579326923076923 0.03125 0.052884615384615384
0 0.08173076923076923 0.9350961538461539 0.020432692307692308 0.021634615384615384
0 0.08413461538461539 0.9591346153846154 0.025240384615384616 0.04927884615384615
0 0.09975961538461539 0.9507211538461539 0.020432692307692308 0.046875
0 0.10096153846153846 0.9543269230769231 0.021634615384615384 0.051682692307692304
0 0.11298076923076923 0.9579326923076923 0.020432692307692308 0.052884615384615384
0 0.12740384615384615 0.9543269230769231 0.021634615384615384 0.056490384615384616
0 0.14302884615384615 0.9603365384615384 0.02283653846153846 0.04807692307692308
0 0.21153846153846154 0.9615384615384616 0.02283653846153846 0.052884615384615384
0 0.2127403846153846 0.9326923076923077 0.01201923076923077 0.008413461538461538
0 0.2247596153846154 0.9387019230769231 0.021634615384615384 0.028846153846153848
0 0.24879807692307693 0.9591346153846154 0.030048076923076924 0.052884615384615384
0 0.2536057692307692 0.9338942307692307 0.02283653846153846 0.013221153846153846
0 0.2692307692307692 0.9555288461538461 0.021634615384615384 0.05048076923076923
0 0.27884615384615385 0.9555288461538461 0.025240384615384616 0.055288461538461536
0 0.3004807692307692 0.9627403846153846 0.026442307692307692 0.052884615384615384
0 0.296875 0.9507211538461539 0.016826923076923076 0.051682692307692304
0 0.3112980769230769 0.9471153846153846 0.02283653846153846 0.037259615384615384
0 0.3173076923076923 0.9555288461538461 0.018028846153846152 0.04447115384615385
0 0.3329326923076923 0.9591346153846154 0.028846153846153848 0.052884615384615384
0 0.3401442307692308 0.9627403846153846 0.03365384615384615 0.056490384615384616
0 0.35697115384615385 0.9591346153846154 0.03125 0.05048076923076923
0 0.36538461538461536 0.9411057692307693 0.016826923076923076 0.021634615384615384
0 0.3737980769230769 0.9555288461538461 0.016826923076923076 0.04326923076923077
0 0.39302884615384615 0.9555288461538461 0.025240384615384616 0.052884615384615384
0 0.41947115384615385 0.9555288461538461 0.025240384615384616 0.046875
0 0.421875 0.9555288461538461 0.026442307692307692 0.04807692307692308
0 0.4387019230769231 0.9555288461538461 0.028846153846153848 0.04807692307692308
0 0.44591346153846156 0.9326923076923077 0.01201923076923077 0.010817307692307692
0 0.4795673076923077 0.9543269230769231 0.018028846153846152 0.04927884615384615
0 0.4963942307692308 0.9399038461538461 0.016826923076923076 0.025240384615384616
0 0.5120192307692307 0.9567307692307693 0.02283653846153846 0.04927884615384615
0 0.5324519230769231 0.9579326923076923 0.021634615384615384 0.04326923076923077
0 0.5444711538461539 0.9567307692307693 0.026442307692307692 0.04927884615384615
0 0.5588942307692307 0.9603365384615384 0.030048076923076924 0.06009615384615385
0 0.5745192307692307 0.9591346153846154 0.025240384615384616 0.06009615384615385
0 0.5853365384615384 0.9603365384615384 0.021634615384615384 0.05048076923076923
0 0.6045673076923077 0.9555288461538461 0.026442307692307692 0.051682692307692304
0 0.6286057692307693 0.9627403846153846 0.030048076923076924 0.054086538461538464
0 0.6466346153846154 0.9519230769230769 0.020432692307692308 0.04326923076923077
0 0.671875 0.9603365384615384 0.026442307692307692 0.06009615384615385
0 0.6694711538461539 0.9338942307692307 0.02283653846153846 0.018028846153846152
0 0.6971153846153846 0.9411057692307693 0.021634615384615384 0.03125
0 0.6935096153846154 0.9435096153846154 0.02283653846153846 0.02283653846153846
0 0.7019230769230769 0.9579326923076923 0.020432692307692308 0.05048076923076923
0 0.7175480769230769 0.9555288461538461 0.018028846153846152 0.056490384615384616
0 0.7247596153846154 0.9543269230769231 0.021634615384615384 0.04927884615384615
0 0.7355769230769231 0.9435096153846154 0.013221153846153846 0.027644230769230768
0 0.7439903846153846 0.9362980769230769 0.014423076923076924 0.015625
0 0.7487980769230769 0.9591346153846154 0.018028846153846152 0.05048076923076923
0 0.8100961538461539 0.9567307692307693 0.020432692307692308 0.051682692307692304
0 0.8221153846153846 0.9567307692307693 0.025240384615384616 0.054086538461538464
0 0.8377403846153846 0.9483173076923077 0.016826923076923076 0.040865384615384616
0 0.8545673076923077 0.9579326923076923 0.020432692307692308 0.05048076923076923
0 0.8677884615384616 0.9555288461538461 0.021634615384615384 0.04807692307692308
0 0.8822115384615384 0.9459134615384616 0.028846153846153848 0.04447115384615385
0 0.9026442307692307 0.9567307692307693 0.03125 0.05048076923076923
0 0.9098557692307693 0.9483173076923077 0.020432692307692308 0.051682692307692304
0 0.9795673076923077 0.9519230769230769 0.03365384615384615 0.055288461538461536
0 0.9711538461538461 0.9447115384615384 0.025240384615384616 0.057692307692307696
0 0.028846153846153848 0.953125 0.030048076923076924 0.052884615384615384
0 0.2283653846153846 0.9579326923076923 0.016826923076923076 0.051682692307692304