0 0.3557692307692308 0.4014423076923077 0.037259615384615384 0.06971153846153846
0 0.41947115384615385 0.4266826923076923 0.040865384615384616 0.109375
0 0.07451923076923077 0.43028846153846156 0.027644230769230768 0.06971153846153846
0 0.5216346153846154 0.44350961538461536 0.056490384615384616 0.14423076923076922
0 0.6598557692307693 0.47596153846153844 0.056490384615384616 0.20432692307692307
0 0.04567307692307692 0.5324519230769231 0.0889423076923077 0.3088942307692308
0 0.12139423076923077 0.5420673076923077 0.09735576923076923 0.2920673076923077
0 0.7235576923076923 0.5432692307692307 0.11298076923076923 0.42788461538461536
0 0.8425480769230769 0.546875 0.13942307692307693 0.4699519230769231
0 0.2620192307692308 0.5504807692307693 0.11538461538461539 0.44471153846153844
0 0.3786057692307692 0.5769230769230769 0.1201923076923077 0.4206730769230769
0 0.47596153846153844 0.6117788461538461 0.125 0.4495192307692308