0 0.7668269230769231 0.35336538461538464 0.020432692307692308 0.04326923076923077
0 0.038461538461538464 0.36899038461538464 0.019230769230769232 0.036057692307692304
0 0.6694711538461539 0.38221153846153844 0.025240384615384616 0.05889423076923077
0 0.5384615384615384 0.3858173076923077 0.026442307692307692 0.042067307692307696
0 0.7860576923076923 0.3858173076923077 0.02403846153846154 0.04567307692307692
0 0.5552884615384616 0.3918269230769231 0.020432692307692308 0.03125
0 0.9110576923076923 0.39903846153846156 0.038461538461538464 0.06610576923076923
0 0.3786057692307692 0.48197115384615385 0.06850961538461539 0.28125
0 0.4362980769230769 0.48197115384615385 0.055288461538461536 0.23798076923076922
0 0.3161057692307692 0.5120192307692307 0.11057692307692307 0.3137019230769231
0 0.4987980769230769 0.5120192307692307 0.0985576923076923 0.3389423076923077
0 0.5685096153846154 0.5300480769230769 0.07932692307692307 0.35336538461538464
0 0.6394230769230769 0.5432692307692307 0.11298076923076923 0.3942307692307692
0 0.07211538461538461 0.5697115384615384 0.12620192307692307 0.6081730769230769
0 0.8473557692307693 0.5745192307692307 0.12379807692307693 0.4483173076923077
0 0.7367788461538461 0.5829326923076923 0.12620192307692307 0.4735576923076923
0 0.9290865384615384 0.6634615384615384 0.14182692307692307 0.6550480769230769
0 0.8870192307692307 0.7091346153846154 0.0889423076923077 0.3076923076923077