0 0.8173076923076923 0.4699519230769231 0.019230769230769232 0.04807692307692308
0 0.9146634615384616 0.49038461538461536 0.025240384615384616 0.06850961538461539
0 0.7740384615384616 0.5084134615384616 0.06129807692307692 0.15985576923076922
0 0.25600961538461536 0.5132211538461539 0.0625 0.20673076923076922
0 0.08774038461538461 0.515625 0.12620192307692307 0.34375
0 0.20552884615384615 0.5240384615384616 0.056490384615384616 0.1875
0 0.8401442307692307 0.5540865384615384 0.05889423076923077 0.21153846153846154
0 0.7752403846153846 0.5949519230769231 0.0673076923076923 0.3317307692307692
0 0.8954326923076923 0.5949519230769231 0.05889423076923077 0.265625
0 0.6658653846153846 0.6370192307692307 0.1875 0.7043269230769231
0 0.42908653846153844 0.6430288461538461 0.16105769230769232 0.7139423076923077
0 0.07932692307692307 0.6514423076923077 0.15625 0.6971153846153846
0 0.5456730769230769 0.6682692307692307 0.11057692307692307 0.6045673076923077
0 0.32572115384615385 0.6838942307692307 0.11298076923076923 0.5733173076923077
0 0.20552884615384615 0.796875 0.16105769230769232 0.40625