0 0.8665865384615384 0.8413461538461539 0.10576923076923077 0.3173076923076923
0 0.7439903846153846 0.9399038461538461 0.0889423076923077 0.1201923076923077
0 0.7824519230769231 0.7319711538461539 0.07211538461538461 0.3173076923076923
0 0.8810096153846154 0.38341346153846156 0.036057692307692304 0.16466346153846154
0 0.8545673076923077 0.3401442307692308 0.018028846153846152 0.08533653846153846
0 0.8197115384615384 0.4170673076923077 0.04927884615384615 0.18389423076923078
0 0.7632211538461539 0.4723557692307692 0.06490384615384616 0.17067307692307693
0 0.6550480769230769 0.546875 0.05048076923076923 0.17067307692307693
0 0.6225961538461539 0.7127403846153846 0.09615384615384616 0.29086538461538464
0 0.4831730769230769 0.7776442307692307 0.09134615384615384 0.2776442307692308
0 0.4579326923076923 0.5973557692307693 0.042067307692307696 0.0985576923076923
0 0.5456730769230769 0.5925480769230769 0.04567307692307692 0.21153846153846154
0 0.5661057692307693 0.53125 0.03125 0.07572115384615384
0 0.5132211538461539 0.5420673076923077 0.03245192307692308 0.07572115384615384