0 0.5048076923076923 0.2536057692307692 0.12980769230769232 0.35336538461538464
0 0.7439903846153846 0.25721153846153844 0.08653846153846154 0.2932692307692308
0 0.6442307692307693 0.36658653846153844 0.109375 0.2512019230769231
0 0.3870192307692308 0.43509615384615385 0.13701923076923078 0.1971153846153846
0 0.05889423076923077 0.44711538461538464 0.10576923076923077 0.33413461538461536
0 0.6129807692307693 0.5997596153846154 0.1141826923076923 0.3942307692307692
0 0.3088942307692308 0.6310096153846154 0.19471153846153846 0.3112980769230769
0 0.7379807692307693 0.7067307692307693 0.1201923076923077 0.3449519230769231
0 0.8377403846153846 0.8425480769230769 0.13221153846153846 0.3137019230769231
0 0.4675480769230769 0.8485576923076923 0.1466346153846154 0.30288461538461536
0 0.25961538461538464 0.8605769230769231 0.203125 0.2776442307692308
0 0.27524038461538464 0.09254807692307693 0.09375 0.1814903846153846
0 0.06370192307692307 0.14302884615384615 0.08774038461538461 0.23317307692307693
0 0.16466346153846154 0.14423076923076922 0.0985576923076923 0.1875
0 0.3605769230769231 0.15504807692307693 0.12620192307692307 0.24519230769230768