0 0.021634615384615384 0.3076923076923077 0.04326923076923077 0.19110576923076922
0 0.8365384615384616 0.31490384615384615 0.0889423076923077 0.22355769230769232
0 0.7560096153846154 0.35216346153846156 0.0889423076923077 0.21754807692307693
0 0.4098557692307692 0.3918269230769231 0.10817307692307693 0.24519230769230768
0 0.5745192307692307 0.40625 0.05048076923076923 0.18269230769230768
0 0.15264423076923078 0.4230769230769231 0.09495192307692307 0.23317307692307693
0 0.22596153846153846 0.44711538461538464 0.07692307692307693 0.14903846153846154
0 0.9242788461538461 0.6081730769230769 0.15144230769230768 0.7824519230769231
0 0.7019230769230769 0.6153846153846154 0.234375 0.7608173076923077
0 0.8221153846153846 0.625 0.15264423076923078 0.7379807692307693
0 0.5072115384615384 0.625 0.22596153846153846 0.7403846153846154
0 0.3112980769230769 0.625 0.23798076923076922 0.7487980769230769
0 0.13221153846153846 0.6646634615384616 0.2620192307692308 0.6670673076923077
0 0.13822115384615385 0.23076923076923078 0.09735576923076923 0.1502403846153846