0 0.7415865384615384 0.23076923076923078 0.03245192307692308 0.09375
0 0.7572115384615384 0.3317307692307692 0.04567307692307692 0.16105769230769232
0 0.8581730769230769 0.33413461538461536 0.055288461538461536 0.15504807692307693
0 0.8161057692307693 0.34134615384615385 0.05048076923076923 0.15504807692307693
0 0.7091346153846154 0.38461538461538464 0.055288461538461536 0.19951923076923078
0 0.7355769230769231 0.38822115384615385 0.055288461538461536 0.2091346153846154
0 0.6634615384615384 0.3918269230769231 0.051682692307692304 0.19110576923076922
0 0.6177884615384616 0.4026442307692308 0.055288461538461536 0.18629807692307693
0 0.5997596153846154 0.5661057692307693 0.109375 0.16706730769230768
0 0.5036057692307693 0.6057692307692307 0.0625 0.1814903846153846
0 0.4495192307692308 0.6838942307692307 0.042067307692307696 0.06610576923076923
0 0.46153846153846156 0.8365384615384616 0.06370192307692307 0.2860576923076923
0 0.2848557692307692 0.09975961538461539 0.030048076923076924 0.040865384615384616
0 0.31971153846153844 0.11899038461538461 0.027644230769230768 0.0673076923076923
0 0.15985576923076922 0.16346153846153846 0.025240384615384616 0.11298076923076923
0 0.2764423076923077 0.1658653846153846 0.03125 0.10576923076923077
0 0.24639423076923078 0.17067307692307693 0.03245192307692308 0.1045673076923077