0 0.7043269230769231 0.22716346153846154 0.030048076923076924 0.09975961538461539
0 0.43509615384615385 0.24158653846153846 0.0625 0.109375
0 0.7524038461538461 0.25841346153846156 0.038461538461538464 0.12379807692307693
0 0.33774038461538464 0.27283653846153844 0.055288461538461536 0.1466346153846154
0 0.2403846153846154 0.3004807692307692 0.030048076923076924 0.09975961538461539
0 0.30408653846153844 0.30288461538461536 0.040865384615384616 0.09254807692307693
0 0.265625 0.34134615384615385 0.038461538461538464 0.1466346153846154
0 0.6971153846153846 0.3473557692307692 0.06129807692307692 0.15985576923076922
0 0.3870192307692308 0.39903846153846156 0.051682692307692304 0.17548076923076922
0 0.31009615384615385 0.421875 0.046875 0.1778846153846154
0 0.35336538461538464 0.4230769230769231 0.05048076923076923 0.19951923076923078
0 0.1971153846153846 0.4338942307692308 0.037259615384615384 0.1971153846153846
0 0.05889423076923077 0.44471153846153844 0.046875 0.078125
0 0.23798076923076922 0.44591346153846156 0.055288461538461536 0.18389423076923078
0 0.11057692307692307 0.47475961538461536 0.056490384615384616 0.1502403846153846
0 0.06490384615384616 0.5661057692307693 0.052884615384615384 0.19951923076923078
0 0.5036057692307693 0.609375 0.06610576923076923 0.18028846153846154
0 0.11899038461538461 0.6310096153846154 0.05889423076923077 0.21153846153846154
0 0.20673076923076922 0.7427884615384616 0.051682692307692304 0.09375
0 0.18990384615384615 0.8509615384615384 0.09254807692307693 0.2932692307692308
0 0.18629807692307693 0.10336538461538461 0.03125 0.06129807692307692
0 0.6670673076923077 0.1502403846153846 0.030048076923076924 0.09735576923076923
0 0.33653846153846156 0.1622596153846154 0.037259615384615384 0.11538461538461539
0 0.23918269230769232 0.1658653846153846 0.051682692307692304 0.1310096153846154
0 0.30528846153846156 0.1658653846153846 0.038461538461538464 0.12980769230769232
0 0.19471153846153846 0.1778846153846154 0.038461538461538464 0.125
0 0.7307692307692307 0.18389423076923078 0.040865384615384616 0.11899038461538461