0 0.6838942307692307 0.26802884615384615 0.038461538461538464 0.140625
0 0.390625 0.4987980769230769 0.036057692307692304 0.056490384615384616
0 0.4074519230769231 0.5336538461538461 0.036057692307692304 0.05048076923076923
0 0.6009615384615384 0.5685096153846154 0.10817307692307693 0.17548076923076922
0 0.5036057692307693 0.6057692307692307 0.0625 0.18028846153846154
0 0.4567307692307692 0.7307692307692307 0.057692307692307696 0.12980769230769232
0 0.47475961538461536 0.8617788461538461 0.09375 0.2764423076923077
0 0.2127403846153846 0.10336538461538461 0.025240384615384616 0.08173076923076923
0 0.27884615384615385 0.11658653846153846 0.02403846153846154 0.06129807692307692
0 0.2668269230769231 0.11778846153846154 0.025240384615384616 0.06129807692307692
0 0.31971153846153844 0.12139423076923077 0.027644230769230768 0.06850961538461539
0 0.6418269230769231 0.15985576923076922 0.027644230769230768 0.07692307692307693