0 0.4375 0.2439903846153846 0.042067307692307696 0.11778846153846154
0 0.3112980769230769 0.26802884615384615 0.05048076923076923 0.18629807692307693
0 0.23677884615384615 0.27283653846153844 0.052884615384615384 0.078125
0 0.3605769230769231 0.2776442307692308 0.04326923076923077 0.12980769230769232
0 0.24519230769230768 0.33413461538461536 0.06129807692307692 0.16105769230769232
0 0.203125 0.33533653846153844 0.04567307692307692 0.16706730769230768
0 0.4567307692307692 0.35336538461538464 0.036057692307692304 0.11298076923076923
0 0.40024038461538464 0.39663461538461536 0.04567307692307692 0.1935096153846154
0 0.6742788461538461 0.4098557692307692 0.027644230769230768 0.09375
0 0.6442307692307693 0.5240384615384616 0.04567307692307692 0.22355769230769232
0 0.6947115384615384 0.5300480769230769 0.04807692307692308 0.2439903846153846
0 0.8858173076923077 0.5492788461538461 0.07451923076923077 0.2512019230769231
0 0.8209134615384616 0.5805288461538461 0.055288461538461536 0.25961538461538464
0 0.5 0.5973557692307693 0.042067307692307696 0.1814903846153846
0 0.5612980769230769 0.6370192307692307 0.08653846153846154 0.23798076923076922
0 0.20793269230769232 0.8209134615384616 0.057692307692307696 0.24639423076923078
0 0.16947115384615385 0.8533653846153846 0.06610576923076923 0.2800480769230769
0 0.8966346153846154 0.9170673076923077 0.0889423076923077 0.1658653846153846
0 0.9819711538461539 0.9350961538461539 0.036057692307692304 0.12980769230769232
0 0.23918269230769232 0.10817307692307693 0.03245192307692308 0.055288461538461536
0 0.265625 0.11899038461538461 0.030048076923076924 0.09735576923076923
0 0.30528846153846156 0.11899038461538461 0.042067307692307696 0.07451923076923077
0 0.3473557692307692 0.11899038461538461 0.03245192307692308 0.06610576923076923
0 0.6682692307692307 0.15264423076923078 0.02403846153846154 0.12379807692307693
0 0.24278846153846154 0.15384615384615385 0.055288461538461536 0.07451923076923077
0 0.21514423076923078 0.1658653846153846 0.030048076923076924 0.09975961538461539
0 0.7151442307692307 0.16826923076923078 0.07211538461538461 0.09975961538461539
0 0.2247596153846154 0.18509615384615385 0.020432692307692308 0.03485576923076923