0 0.6201923076923077 0.22716346153846154 0.03245192307692308 0.12980769230769232
0 0.2668269230769231 0.23076923076923078 0.038461538461538464 0.10336538461538461
0 0.33653846153846156 0.328125 0.038461538461538464 0.14182692307692307
0 0.2860576923076923 0.33413461538461536 0.04326923076923077 0.140625
0 0.7151442307692307 0.40384615384615385 0.05048076923076923 0.171875
0 0.41225961538461536 0.4723557692307692 0.03485576923076923 0.055288461538461536
0 0.5673076923076923 0.5060096153846154 0.030048076923076924 0.05889423076923077
0 0.39663461538461536 0.5168269230769231 0.02403846153846154 0.042067307692307696
0 0.5697115384615384 0.5877403846153846 0.08774038461538461 0.16826923076923078
0 0.6382211538461539 0.5949519230769231 0.06971153846153846 0.2620192307692308
0 0.5036057692307693 0.6081730769230769 0.06129807692307692 0.18028846153846154
0 0.71875 0.6262019230769231 0.056490384615384616 0.2127403846153846
0 0.4495192307692308 0.6790865384615384 0.046875 0.055288461538461536
0 0.7608173076923077 0.8088942307692307 0.09375 0.20673076923076922
0 0.4651442307692308 0.8341346153846154 0.08173076923076923 0.3125
0 0.8533653846153846 0.8449519230769231 0.08774038461538461 0.3088942307692308
0 0.9158653846153846 0.8762019230769231 0.08774038461538461 0.2439903846153846
0 0.765625 0.9098557692307693 0.0985576923076923 0.1778846153846154
0 0.28125 0.11658653846153846 0.025240384615384616 0.05889423076923077
0 0.19591346153846154 0.1346153846153846 0.026442307692307692 0.09014423076923077
0 0.2512019230769231 0.15504807692307693 0.027644230769230768 0.08413461538461539
0 0.296875 0.18028846153846154 0.030048076923076924 0.056490384615384616
0 0.6778846153846154 0.20432692307692307 0.037259615384615384 0.12980769230769232
0 0.6502403846153846 0.20673076923076922 0.036057692307692304 0.125