0 0.6838942307692307 0.2127403846153846 0.038461538461538464 0.13581730769230768
0 0.6646634615384616 0.21514423076923078 0.07932692307692307 0.14903846153846154
0 0.6394230769230769 0.21514423076923078 0.038461538461538464 0.13942307692307693
0 0.7127403846153846 0.22115384615384615 0.036057692307692304 0.1346153846153846
0 0.6117788461538461 0.2247596153846154 0.038461538461538464 0.14182692307692307
0 0.23197115384615385 0.3786057692307692 0.05048076923076923 0.16826923076923078
0 0.3918269230769231 0.5216346153846154 0.057692307692307696 0.0625
0 0.5877403846153846 0.5805288461538461 0.11899038461538461 0.14543269230769232
0 0.8689903846153846 0.5841346153846154 0.056490384615384616 0.21875
0 0.5036057692307693 0.6057692307692307 0.06370192307692307 0.17548076923076922
0 0.9050480769230769 0.6189903846153846 0.06129807692307692 0.2247596153846154
0 0.7632211538461539 0.6887019230769231 0.07932692307692307 0.2439903846153846
0 0.6887019230769231 0.6935096153846154 0.0733173076923077 0.23918269230769232
0 0.484375 0.7632211538461539 0.078125 0.25600961538461536
0 0.2668269230769231 0.8822115384615384 0.06850961538461539 0.234375
0 0.20552884615384615 0.10336538461538461 0.026442307692307692 0.0829326923076923
0 0.2776442307692308 0.11658653846153846 0.025240384615384616 0.06129807692307692
0 0.31971153846153844 0.11899038461538461 0.030048076923076924 0.06610576923076923
0 0.24519230769230768 0.125 0.026442307692307692 0.05889423076923077
0 0.7572115384615384 0.1658653846153846 0.026442307692307692 0.10336538461538461
0 0.734375 0.17067307692307693 0.03125 0.10336538461538461