0 0.28725961538461536 0.21875 0.052884615384615384 0.15264423076923078
0 0.7668269230769231 0.2692307692307692 0.05048076923076923 0.15985576923076922
0 0.6706730769230769 0.28966346153846156 0.040865384615384616 0.15504807692307693
0 0.6382211538461539 0.28966346153846156 0.042067307692307696 0.1502403846153846
0 0.7175480769230769 0.30649038461538464 0.04567307692307692 0.1466346153846154
0 0.7608173076923077 0.4567307692307692 0.057692307692307696 0.203125
0 0.7115384615384616 0.46274038461538464 0.05889423076923077 0.21153846153846154
0 0.7872596153846154 0.47115384615384615 0.10817307692307693 0.2247596153846154
0 0.8149038461538461 0.48197115384615385 0.055288461538461536 0.19831730769230768
0 0.6706730769230769 0.484375 0.052884615384615384 0.2091346153846154
0 0.3918269230769231 0.5228365384615384 0.056490384615384616 0.05889423076923077
0 0.5036057692307693 0.6069711538461539 0.06129807692307692 0.17548076923076922
0 0.4735576923076923 0.8689903846153846 0.07451923076923077 0.2548076923076923
0 0.27884615384615385 0.11538461538461539 0.020432692307692308 0.06129807692307692
0 0.2668269230769231 0.11778846153846154 0.020432692307692308 0.0625
0 0.31971153846153844 0.12620192307692307 0.03125 0.06850961538461539
0 0.22716346153846154 0.13221153846153846 0.025240384615384616 0.09014423076923077
0 0.30408653846153844 0.19591346153846154 0.030048076923076924 0.109375