0 0.6802884615384616 0.2127403846153846 0.037259615384615384 0.12980769230769232
0 0.3425480769230769 0.25 0.03485576923076923 0.12980769230769232
0 0.6478365384615384 0.2692307692307692 0.051682692307692304 0.1466346153846154
0 0.7295673076923077 0.2776442307692308 0.040865384615384616 0.13701923076923078
0 0.24759615384615385 0.30288461538461536 0.04807692307692308 0.1502403846153846
0 0.2848557692307692 0.3088942307692308 0.038461538461538464 0.15264423076923078
0 0.7067307692307693 0.36658653846153844 0.0829326923076923 0.13701923076923078
0 0.3088942307692308 0.37259615384615385 0.046875 0.1778846153846154
0 0.36778846153846156 0.3786057692307692 0.05048076923076923 0.16105769230769232
0 0.8449519230769231 0.38461538461538464 0.04567307692307692 0.13701923076923078
0 0.7932692307692307 0.39903846153846156 0.051682692307692304 0.18389423076923078
0 0.41225961538461536 0.4879807692307692 0.036057692307692304 0.055288461538461536
0 0.8954326923076923 0.5024038461538461 0.0673076923076923 0.20793269230769232
0 0.3918269230769231 0.5072115384615384 0.025240384615384616 0.052884615384615384
0 0.8317307692307693 0.5120192307692307 0.0625 0.1875
0 0.4074519230769231 0.5372596153846154 0.03125 0.046875
0 0.038461538461538464 0.5612980769230769 0.0733173076923077 0.20673076923076922
0 0.09014423076923077 0.5637019230769231 0.057692307692307696 0.21153846153846154
0 0.6057692307692307 0.5685096153846154 0.11057692307692307 0.18028846153846154
0 0.5949519230769231 0.5817307692307693 0.11899038461538461 0.1346153846153846
0 0.7824519230769231 0.5961538461538461 0.06610576923076923 0.24278846153846154
0 0.5024038461538461 0.5997596153846154 0.0625 0.1622596153846154
0 0.7199519230769231 0.6057692307692307 0.06129807692307692 0.22235576923076922
0 0.9314903846153846 0.7463942307692307 0.078125 0.27163461538461536
0 0.040865384615384616 0.7560096153846154 0.06610576923076923 0.234375
0 0.7283653846153846 0.8052884615384616 0.07692307692307693 0.18028846153846154
0 0.46274038461538464 0.8257211538461539 0.07932692307692307 0.2932692307692308
0 0.23076923076923078 0.15264423076923078 0.03125 0.09975961538461539
0 0.6213942307692307 0.20432692307692307 0.030048076923076924 0.11298076923076923