0 0.703125 0.24759615384615385 0.040865384615384616 0.1466346153846154
0 0.6658653846153846 0.2512019230769231 0.040865384615384616 0.15504807692307693
0 0.6370192307692307 0.25841346153846156 0.040865384615384616 0.1466346153846154
0 0.7427884615384616 0.2620192307692308 0.040865384615384616 0.14903846153846154
0 0.25961538461538464 0.296875 0.046875 0.14423076923076922
0 0.8762019230769231 0.4411057692307692 0.042067307692307696 0.10336538461538461
0 0.5420673076923077 0.4723557692307692 0.03245192307692308 0.06129807692307692
0 0.578125 0.5180288461538461 0.057692307692307696 0.09375
0 0.39302884615384615 0.5216346153846154 0.056490384615384616 0.0625
0 0.8894230769230769 0.5372596153846154 0.06610576923076923 0.21875
0 0.7776442307692307 0.5528846153846154 0.0673076923076923 0.23076923076923078
0 0.7115384615384616 0.5564903846153846 0.06370192307692307 0.21875
0 0.5817307692307693 0.5877403846153846 0.10336538461538461 0.17307692307692307
0 0.5036057692307693 0.6009615384615384 0.06129807692307692 0.16706730769230768
0 0.4675480769230769 0.7439903846153846 0.06370192307692307 0.22956730769230768
0 0.18990384615384615 0.8966346153846154 0.07932692307692307 0.203125
0 0.20673076923076922 0.10576923076923077 0.020432692307692308 0.078125
0 0.27884615384615385 0.11538461538461539 0.02403846153846154 0.056490384615384616
0 0.2644230769230769 0.11658653846153846 0.016826923076923076 0.05889423076923077
0 0.31971153846153844 0.12139423076923077 0.027644230769230768 0.0673076923076923
0 0.7271634615384616 0.16466346153846154 0.03125 0.07451923076923077
0 0.7572115384615384 0.17427884615384615 0.03125 0.0985576923076923