0 0.2932692307692308 0.24639423076923078 0.037259615384615384 0.16105769230769232
0 0.2608173076923077 0.2512019230769231 0.020432692307692308 0.1346153846153846
0 0.3605769230769231 0.2776442307692308 0.038461538461538464 0.08774038461538461
0 0.6887019230769231 0.2932692307692308 0.055288461538461536 0.17307692307692307
0 0.6286057692307693 0.2956730769230769 0.04326923076923077 0.17067307692307693
0 0.14302884615384615 0.46153846153846156 0.05048076923076923 0.23557692307692307
0 0.1971153846153846 0.47716346153846156 0.046875 0.20432692307692307
0 0.23677884615384615 0.5456730769230769 0.07211538461538461 0.21754807692307693
0 0.5120192307692307 0.6033653846153846 0.078125 0.18389423076923078
0 0.7716346153846154 0.6790865384615384 0.056490384615384616 0.2620192307692308
0 0.7151442307692307 0.6850961538461539 0.042067307692307696 0.2668269230769231
0 0.8533653846153846 0.796875 0.07692307692307693 0.29086538461538464
0 0.21754807692307693 0.8209134615384616 0.0673076923076923 0.2548076923076923
0 0.9350961538461539 0.8401442307692307 0.06370192307692307 0.27403846153846156
0 0.1778846153846154 0.8533653846153846 0.06370192307692307 0.2860576923076923
0 0.7487980769230769 0.9134615384615384 0.07932692307692307 0.17307692307692307
0 0.8521634615384616 0.9423076923076923 0.06971153846153846 0.11538461538461539
0 0.20673076923076922 0.12139423076923077 0.02403846153846154 0.042067307692307696
0 0.2512019230769231 0.15264423076923078 0.030048076923076924 0.11538461538461539
0 0.28966346153846156 0.15384615384615385 0.037259615384615384 0.07932692307692307
0 0.3449519230769231 0.15985576923076922 0.040865384615384616 0.13701923076923078
0 0.6213942307692307 0.1658653846153846 0.09735576923076923 0.11057692307692307
0 0.21754807692307693 0.1814903846153846 0.04326923076923077 0.11899038461538461