0 0.5925480769230769 0.2091346153846154 0.040865384615384616 0.11899038461538461
0 0.7043269230769231 0.21514423076923078 0.040865384615384616 0.12139423076923077
0 0.6610576923076923 0.2956730769230769 0.05048076923076923 0.15504807692307693
0 0.7151442307692307 0.30288461538461536 0.040865384615384616 0.1310096153846154
0 0.28725961538461536 0.3317307692307692 0.05048076923076923 0.16706730769230768
0 0.2536057692307692 0.33413461538461536 0.042067307692307696 0.1502403846153846
0 0.3293269230769231 0.33413461538461536 0.04567307692307692 0.1658653846153846
0 0.21153846153846154 0.3401442307692308 0.04326923076923077 0.1622596153846154
0 0.8485576923076923 0.3401442307692308 0.046875 0.12980769230769232
0 0.3798076923076923 0.34134615384615385 0.042067307692307696 0.15264423076923078
0 0.8076923076923077 0.3557692307692308 0.042067307692307696 0.1622596153846154
0 0.7127403846153846 0.4182692307692308 0.056490384615384616 0.109375
0 0.8846153846153846 0.45072115384615385 0.055288461538461536 0.19230769230769232
0 0.8365384615384616 0.45913461538461536 0.04807692307692308 0.17307692307692307
0 0.11778846153846154 0.5096153846153846 0.056490384615384616 0.19831730769230768
0 0.06971153846153846 0.5120192307692307 0.06610576923076923 0.19471153846153846
0 0.38341346153846156 0.5252403846153846 0.042067307692307696 0.055288461538461536
0 0.59375 0.5637019230769231 0.11538461538461539 0.171875
0 0.5048076923076923 0.6081730769230769 0.0625 0.18028846153846154
0 0.8197115384615384 0.6802884615384616 0.06610576923076923 0.265625
0 0.7680288461538461 0.6875 0.13221153846153846 0.2548076923076923
0 0.7379807692307693 0.6887019230769231 0.06971153846153846 0.23557692307692307
0 0.9387019230769231 0.7512019230769231 0.0829326923076923 0.2692307692307692
0 0.4543269230769231 0.8257211538461539 0.08413461538461539 0.28725961538461536
0 0.7319711538461539 0.890625 0.0985576923076923 0.21875
0 0.28125 0.14423076923076922 0.037259615384615384 0.12379807692307693
0 0.6490384615384616 0.19951923076923078 0.040865384615384616 0.08774038461538461