0 0.27163461538461536 0.2692307692307692 0.038461538461538464 0.14182692307692307
0 0.7151442307692307 0.27163461538461536 0.042067307692307696 0.15745192307692307
0 0.6682692307692307 0.2776442307692308 0.042067307692307696 0.15504807692307693
0 0.6310096153846154 0.28125 0.05048076923076923 0.14903846153846154
0 0.8822115384615384 0.4831730769230769 0.038461538461538464 0.18389423076923078
0 0.8605769230769231 0.4879807692307692 0.0673076923076923 0.19110576923076922
0 0.7247596153846154 0.49038461538461536 0.06129807692307692 0.19471153846153846
0 0.7716346153846154 0.49278846153846156 0.06370192307692307 0.20673076923076922
0 0.5877403846153846 0.5745192307692307 0.10336538461538461 0.15985576923076922
0 0.6141826923076923 0.5841346153846154 0.08173076923076923 0.12139423076923077
0 0.5024038461538461 0.5997596153846154 0.0625 0.1658653846153846
0 0.4735576923076923 0.7512019230769231 0.06850961538461539 0.23076923076923078
0 0.27403846153846156 0.8942307692307693 0.05889423076923077 0.21153846153846154
0 0.19471153846153846 0.11538461538461539 0.026442307692307692 0.09735576923076923
0 0.7199519230769231 0.18028846153846154 0.03245192307692308 0.07211538461538461