0 0.2776442307692308 0.29447115384615385 0.04567307692307692 0.140625
0 0.3605769230769231 0.29927884615384615 0.038461538461538464 0.1346153846153846
0 0.23076923076923078 0.30408653846153844 0.046875 0.14182692307692307
0 0.390625 0.5192307692307693 0.030048076923076924 0.06850961538461539
0 0.4110576923076923 0.5300480769230769 0.03245192307692308 0.051682692307692304
0 0.5036057692307693 0.609375 0.06370192307692307 0.1814903846153846
0 0.06490384615384616 0.6442307692307693 0.08173076923076923 0.21153846153846154
0 0.7752403846153846 0.7199519230769231 0.08413461538461539 0.2439903846153846
0 0.02283653846153846 0.7788461538461539 0.04326923076923077 0.27163461538461536
0 0.056490384615384616 0.8221153846153846 0.0829326923076923 0.25
0 0.19110576923076922 0.8473557692307693 0.09254807692307693 0.3004807692307692
0 0.19110576923076922 0.109375 0.036057692307692304 0.09014423076923077
0 0.30649038461538464 0.11899038461538461 0.03245192307692308 0.0733173076923077
0 0.6165865384615384 0.1658653846153846 0.03485576923076923 0.09735576923076923
0 0.6814903846153846 0.1778846153846154 0.04567307692307692 0.1310096153846154