0 0.8533653846153846 0.2283653846153846 0.05889423076923077 0.15264423076923078
0 0.8004807692307693 0.23197115384615385 0.046875 0.1778846153846154
0 0.2668269230769231 0.25 0.040865384615384616 0.12379807692307693
0 0.3125 0.2512019230769231 0.040865384615384616 0.15264423076923078
0 0.6995192307692307 0.25600961538461536 0.042067307692307696 0.09975961538461539
0 0.24759615384615385 0.36538461538461536 0.0625 0.18629807692307693
0 0.21514423076923078 0.37259615384615385 0.09495192307692307 0.18629807692307693
0 0.19591346153846154 0.38100961538461536 0.052884615384615384 0.16346153846153846
0 0.7487980769230769 0.4074519230769231 0.052884615384615384 0.1971153846153846
0 0.7019230769230769 0.4098557692307692 0.04807692307692308 0.171875
0 0.08052884615384616 0.49759615384615385 0.052884615384615384 0.17307692307692307
0 0.040865384615384616 0.5060096153846154 0.051682692307692304 0.171875
0 0.3918269230769231 0.5216346153846154 0.057692307692307696 0.05889423076923077
0 0.16826923076923078 0.5288461538461539 0.06129807692307692 0.21153846153846154
0 0.24879807692307693 0.5348557692307693 0.056490384615384616 0.18028846153846154
0 0.8425480769230769 0.578125 0.06971153846153846 0.22235576923076922
0 0.5925480769230769 0.5841346153846154 0.12139423076923077 0.16706730769230768
0 0.8966346153846154 0.5877403846153846 0.056490384615384616 0.21754807692307693
0 0.5036057692307693 0.6081730769230769 0.06129807692307692 0.17668269230769232
0 0.8088942307692307 0.7752403846153846 0.08173076923076923 0.2824519230769231
0 0.75 0.7776442307692307 0.056490384615384616 0.2620192307692308
0 0.9254807692307693 0.7896634615384616 0.08774038461538461 0.2692307692307692
0 0.46153846153846156 0.8185096153846154 0.07692307692307693 0.2692307692307692
0 0.19591346153846154 0.09014423076923077 0.037259615384615384 0.10336538461538461
0 0.27524038461538464 0.11899038461538461 0.03485576923076923 0.0673076923076923
0 0.6310096153846154 0.14423076923076922 0.03245192307692308 0.10336538461538461
0 0.23197115384615385 0.1875 0.026442307692307692 0.109375