0 0.7079326923076923 0.265625 0.04326923076923077 0.1310096153846154
0 0.7776442307692307 0.2692307692307692 0.046875 0.13701923076923078
0 0.2620192307692308 0.28725961538461536 0.036057692307692304 0.10336538461538461
0 0.30528846153846156 0.28966346153846156 0.038461538461538464 0.125
0 0.36538461538461536 0.30408653846153844 0.04326923076923077 0.1622596153846154
0 0.6526442307692307 0.30528846153846156 0.052884615384615384 0.13581730769230768
0 0.2247596153846154 0.31009615384615385 0.03485576923076923 0.07451923076923077
0 0.2692307692307692 0.3557692307692308 0.036057692307692304 0.0673076923076923
0 0.22115384615384615 0.40024038461538464 0.040865384615384616 0.1658653846153846
0 0.33413461538461536 0.44350961538461536 0.057692307692307696 0.20793269230769232
0 0.25961538461538464 0.46274038461538464 0.051682692307692304 0.1778846153846154
0 0.41346153846153844 0.4879807692307692 0.027644230769230768 0.05048076923076923
0 0.3894230769230769 0.5216346153846154 0.016826923076923076 0.0673076923076923
0 0.021634615384615384 0.5216346153846154 0.04326923076923077 0.19110576923076922
0 0.40865384615384615 0.5288461538461539 0.03125 0.05889423076923077
0 0.06971153846153846 0.5408653846153846 0.052884615384615384 0.234375
0 0.15745192307692307 0.5721153846153846 0.06610576923076923 0.19951923076923078
0 0.5036057692307693 0.6081730769230769 0.06610576923076923 0.18028846153846154
0 0.21995192307692307 0.8028846153846154 0.06370192307692307 0.24278846153846154
0 0.18870192307692307 0.8473557692307693 0.09375 0.30288461538461536
0 0.1875 0.11057692307692307 0.020432692307692308 0.07932692307692307
0 0.6670673076923077 0.1502403846153846 0.030048076923076924 0.09735576923076923
0 0.2860576923076923 0.15625 0.03245192307692308 0.11298076923076923
0 0.31850961538461536 0.15745192307692307 0.037259615384615384 0.10336538461538461
0 0.7644230769230769 0.1658653846153846 0.038461538461538464 0.09375
0 0.7223557692307693 0.17908653846153846 0.037259615384615384 0.07932692307692307
0 0.22115384615384615 0.1935096153846154 0.03125 0.11298076923076923
0 0.2620192307692308 0.1935096153846154 0.03485576923076923 0.11538461538461539