0 0.7764423076923077 0.23076923076923078 0.03245192307692308 0.13701923076923078
0 0.7956730769230769 0.23677884615384615 0.020432692307692308 0.14423076923076922
0 0.30528846153846156 0.28846153846153844 0.030048076923076924 0.16105769230769232
0 0.34975961538461536 0.29447115384615385 0.027644230769230768 0.15625
0 0.28365384615384615 0.30408653846153844 0.04326923076923077 0.17067307692307693
0 0.19591346153846154 0.3088942307692308 0.04326923076923077 0.1502403846153846
0 0.2283653846153846 0.3088942307692308 0.04326923076923077 0.14903846153846154
0 0.3942307692307692 0.5168269230769231 0.027644230769230768 0.046875
0 0.41346153846153844 0.5372596153846154 0.03485576923076923 0.0673076923076923
0 0.6706730769230769 0.5504807692307693 0.05048076923076923 0.21754807692307693
0 0.8737980769230769 0.5685096153846154 0.051682692307692304 0.25600961538461536
0 0.8137019230769231 0.5745192307692307 0.05889423076923077 0.265625
0 0.7127403846153846 0.5973557692307693 0.06610576923076923 0.2403846153846154
0 0.5096153846153846 0.6057692307692307 0.07932692307692307 0.19471153846153846
0 0.6346153846153846 0.609375 0.08653846153846154 0.2608173076923077
0 0.2127403846153846 0.8221153846153846 0.06129807692307692 0.265625
0 0.1778846153846154 0.8509615384615384 0.07211538461538461 0.296875
0 0.2512019230769231 0.09014423076923077 0.030048076923076924 0.07451923076923077
0 0.7536057692307693 0.9411057692307693 0.06850961538461539 0.11778846153846154
0 0.8137019230769231 0.9639423076923077 0.07932692307692307 0.07211538461538461
0 0.28725961538461536 0.12860576923076922 0.03245192307692308 0.08173076923076923
0 0.6682692307692307 0.14783653846153846 0.03125 0.1045673076923077
0 0.7175480769230769 0.15865384615384615 0.057692307692307696 0.109375
0 0.26322115384615385 0.16346153846153846 0.04326923076923077 0.0985576923076923
0 0.19471153846153846 0.16947115384615385 0.04807692307692308 0.12379807692307693
0 0.6177884615384616 0.1814903846153846 0.04326923076923077 0.14182692307692307
0 0.5817307692307693 0.1875 0.027644230769230768 0.12139423076923077
0 0.23076923076923078 0.20192307692307693 0.036057692307692304 0.1045673076923077