0 0.39302884615384615 0.5228365384615384 0.06129807692307692 0.05889423076923077
0 0.5925480769230769 0.5649038461538461 0.11778846153846154 0.18028846153846154
0 0.07692307692307693 0.6033653846153846 0.07451923076923077 0.21754807692307693
0 0.5036057692307693 0.6069711538461539 0.06370192307692307 0.18028846153846154
0 0.8689903846153846 0.7307692307692307 0.0673076923076923 0.265625
0 0.8221153846153846 0.7439903846153846 0.06971153846153846 0.2536057692307692
0 0.4519230769230769 0.7560096153846154 0.0733173076923077 0.15264423076923078
0 0.4519230769230769 0.8846153846153846 0.08173076923076923 0.22956730769230768
0 0.21153846153846154 0.09134615384615384 0.02403846153846154 0.0829326923076923
0 0.5817307692307693 0.9194711538461539 0.08653846153846154 0.16105769230769232
0 0.6237980769230769 0.921875 0.17067307692307693 0.15625
0 0.6646634615384616 0.9290865384615384 0.09495192307692307 0.14182692307692307
0 0.2776442307692308 0.11658653846153846 0.025240384615384616 0.0625
0 0.31971153846153844 0.12139423076923077 0.030048076923076924 0.06850961538461539
0 0.6129807692307693 0.16346153846153846 0.038461538461538464 0.12139423076923077
0 0.6490384615384616 0.171875 0.03125 0.11298076923076923