0 0.25721153846153844 0.2439903846153846 0.036057692307692304 0.1310096153846154
0 0.7199519230769231 0.2956730769230769 0.04567307692307692 0.15264423076923078
0 0.6778846153846154 0.2956730769230769 0.04807692307692308 0.17067307692307693
0 0.7692307692307693 0.30288461538461536 0.038461538461538464 0.14182692307692307
0 0.6310096153846154 0.3088942307692308 0.040865384615384616 0.15985576923076922
0 0.8870192307692307 0.4338942307692308 0.04326923076923077 0.1622596153846154
0 0.7127403846153846 0.44350961538461536 0.056490384615384616 0.18389423076923078
0 0.8473557692307693 0.44711538461538464 0.06610576923076923 0.17548076923076922
0 0.7776442307692307 0.4495192307692308 0.05889423076923077 0.18629807692307693
0 0.4074519230769231 0.5300480769230769 0.03245192307692308 0.04326923076923077
0 0.6117788461538461 0.5841346153846154 0.0829326923076923 0.125
0 0.5024038461538461 0.5973557692307693 0.06129807692307692 0.15985576923076922
0 0.4831730769230769 0.7572115384615384 0.0733173076923077 0.234375
0 0.3605769230769231 0.9038461538461539 0.07211538461538461 0.19230769230769232
0 0.2776442307692308 0.11538461538461539 0.021634615384615384 0.05889423076923077
0 0.31971153846153844 0.13341346153846154 0.026442307692307692 0.05048076923076923
0 0.2091346153846154 0.14182692307692307 0.021634615384615384 0.08413461538461539
0 0.7608173076923077 0.19110576923076922 0.036057692307692304 0.09735576923076923
0 0.7223557692307693 0.20192307692307693 0.040865384615384616 0.07451923076923077