0 0.6730769230769231 0.21875 0.051682692307692304 0.1346153846153846
0 0.6298076923076923 0.22716346153846154 0.036057692307692304 0.1502403846153846
0 0.20552884615384615 0.25600961538461536 0.03485576923076923 0.11899038461538461
0 0.23798076923076922 0.25721153846153844 0.03125 0.12379807692307693
0 0.2776442307692308 0.33774038461538464 0.05048076923076923 0.19110576923076922
0 0.3245192307692308 0.3449519230769231 0.04807692307692308 0.1658653846153846
0 0.20432692307692307 0.38100961538461536 0.04567307692307692 0.19951923076923078
0 0.7331730769230769 0.47836538461538464 0.06850961538461539 0.234375
0 0.6778846153846154 0.49038461538461536 0.055288461538461536 0.2247596153846154
0 0.3870192307692308 0.5252403846153846 0.036057692307692304 0.0733173076923077
0 0.41225961538461536 0.5276442307692307 0.03245192307692308 0.0673076923076923
0 0.5144230769230769 0.6057692307692307 0.0889423076923077 0.20673076923076922
0 0.7764423076923077 0.6057692307692307 0.04807692307692308 0.12379807692307693
0 0.8449519230769231 0.7223557692307693 0.051682692307692304 0.2776442307692308
0 0.6177884615384616 0.7439903846153846 0.06850961538461539 0.3088942307692308
0 0.7728365384615384 0.8004807692307693 0.07211538461538461 0.3088942307692308
0 0.2091346153846154 0.8185096153846154 0.057692307692307696 0.265625
0 0.6802884615384616 0.8317307692307693 0.0985576923076923 0.3112980769230769
0 0.17548076923076922 0.8473557692307693 0.06971153846153846 0.2848557692307692
0 0.27884615384615385 0.12139423076923077 0.03125 0.11298076923076923
0 0.6598557692307693 0.12860576923076922 0.025240384615384616 0.09975961538461539
0 0.20673076923076922 0.13701923076923078 0.026442307692307692 0.08413461538461539
0 0.7019230769230769 0.15985576923076922 0.057692307692307696 0.08413461538461539
0 0.21875 0.16947115384615385 0.036057692307692304 0.078125
0 0.27163461538461536 0.19110576923076922 0.026442307692307692 0.07451923076923077
0 0.31850961538461536 0.19471153846153846 0.038461538461538464 0.10576923076923077