0 0.3112980769230769 0.21754807692307693 0.042067307692307696 0.12860576923076922
0 0.36658653846153844 0.27283653846153844 0.06370192307692307 0.2127403846153846
0 0.2776442307692308 0.2848557692307692 0.042067307692307696 0.15985576923076922
0 0.6778846153846154 0.28846153846153844 0.04326923076923077 0.13942307692307693
0 0.7235576923076923 0.36778846153846156 0.05889423076923077 0.1778846153846154
0 0.7980769230769231 0.4098557692307692 0.051682692307692304 0.19110576923076922
0 0.8497596153846154 0.42427884615384615 0.052884615384615384 0.18028846153846154
0 0.39302884615384615 0.5192307692307693 0.019230769230769232 0.078125
0 0.4050480769230769 0.5348557692307693 0.038461538461538464 0.05889423076923077
0 0.0829326923076923 0.5444711538461539 0.052884615384615384 0.19831730769230768
0 0.1310096153846154 0.5444711538461539 0.056490384615384616 0.19951923076923078
0 0.5036057692307693 0.609375 0.06610576923076923 0.18629807692307693
0 0.036057692307692304 0.8004807692307693 0.07211538461538461 0.28846153846153844
0 0.2127403846153846 0.8185096153846154 0.05889423076923077 0.23557692307692307
0 0.23076923076923078 0.08413461538461539 0.025240384615384616 0.0829326923076923
0 0.19471153846153846 0.8497596153846154 0.09254807692307693 0.3004807692307692
0 0.20552884615384615 0.08653846153846154 0.025240384615384616 0.08653846153846154
0 0.6730769230769231 0.15264423076923078 0.030048076923076924 0.09735576923076923
0 0.23197115384615385 0.16947115384615385 0.03485576923076923 0.0733173076923077
0 0.7199519230769231 0.17307692307692307 0.06610576923076923 0.09975961538461539
0 0.20432692307692307 0.19591346153846154 0.030048076923076924 0.10576923076923077