0 0.6634615384615384 0.22115384615384615 0.042067307692307696 0.1346153846153846
0 0.8173076923076923 0.24639423076923078 0.046875 0.125
0 0.7512019230769231 0.25721153846153844 0.04326923076923077 0.13942307692307693
0 0.2776442307692308 0.2776442307692308 0.040865384615384616 0.12980769230769232
0 0.33052884615384615 0.2776442307692308 0.03485576923076923 0.12379807692307693
0 0.3918269230769231 0.5216346153846154 0.052884615384615384 0.05889423076923077
0 0.59375 0.5637019230769231 0.07932692307692307 0.1814903846153846
0 0.5552884615384616 0.5685096153846154 0.046875 0.1502403846153846
0 0.5024038461538461 0.6057692307692307 0.057692307692307696 0.18028846153846154
0 0.828125 0.6887019230769231 0.07692307692307693 0.2692307692307692
0 0.7331730769230769 0.7283653846153846 0.0889423076923077 0.33774038461538464
0 0.46274038461538464 0.7307692307692307 0.046875 0.12139423076923077
0 0.9158653846153846 0.7367788461538461 0.0733173076923077 0.2608173076923077
0 0.5745192307692307 0.8221153846153846 0.08653846153846154 0.31850961538461536
0 0.6634615384615384 0.8497596153846154 0.06850961538461539 0.2692307692307692
0 0.45552884615384615 0.8653846153846154 0.09254807692307693 0.2692307692307692
0 0.3161057692307692 0.11538461538461539 0.030048076923076924 0.07932692307692307
0 0.1935096153846154 0.11538461538461539 0.02403846153846154 0.07451923076923077
0 0.2776442307692308 0.11658653846153846 0.027644230769230768 0.06129807692307692
0 0.24879807692307693 0.15264423076923078 0.027644230769230768 0.0985576923076923
0 0.30649038461538464 0.16466346153846154 0.03125 0.07932692307692307