0 0.6694711538461539 0.21153846153846154 0.036057692307692304 0.09014423076923077
0 0.6322115384615384 0.21995192307692307 0.036057692307692304 0.11778846153846154
0 0.6141826923076923 0.22596153846153846 0.03245192307692308 0.11538461538461539
0 0.7103365384615384 0.23677884615384615 0.04326923076923077 0.1346153846153846
0 0.23798076923076922 0.2403846153846154 0.027644230769230768 0.040865384615384616
0 0.39663461538461536 0.30528846153846156 0.04326923076923077 0.1502403846153846
0 0.30649038461538464 0.30649038461538464 0.037259615384615384 0.1346153846153846
0 0.6706730769230769 0.3125 0.05048076923076923 0.1622596153846154
0 0.3557692307692308 0.31490384615384615 0.04567307692307692 0.140625
0 0.7932692307692307 0.32211538461538464 0.05048076923076923 0.15264423076923078
0 0.7235576923076923 0.3317307692307692 0.040865384615384616 0.140625
0 0.2848557692307692 0.35096153846153844 0.056490384615384616 0.1814903846153846
0 0.24158653846153846 0.3557692307692308 0.04807692307692308 0.16105769230769232
0 0.8269230769230769 0.3870192307692308 0.056490384615384616 0.20673076923076922
0 0.8846153846153846 0.3942307692307692 0.057692307692307696 0.18389423076923078
0 0.14182692307692307 0.46153846153846156 0.05048076923076923 0.1875
0 0.10096153846153846 0.4651442307692308 0.06370192307692307 0.203125
0 0.7487980769230769 0.48197115384615385 0.05889423076923077 0.11899038461538461
0 0.3894230769230769 0.5216346153846154 0.051682692307692304 0.05889423076923077
0 0.5925480769230769 0.5649038461538461 0.11899038461538461 0.16706730769230768
0 0.5036057692307693 0.6069711538461539 0.06129807692307692 0.18028846153846154
0 0.9411057692307693 0.75 0.08413461538461539 0.27403846153846156
0 0.8533653846153846 0.7848557692307693 0.0829326923076923 0.30528846153846156
0 0.7800480769230769 0.8088942307692307 0.07211538461538461 0.27524038461538464
0 0.4519230769230769 0.8209134615384616 0.08413461538461539 0.3004807692307692
0 0.22115384615384615 0.12139423076923077 0.02403846153846154 0.052884615384615384
0 0.27403846153846156 0.12139423076923077 0.040865384615384616 0.09254807692307693
0 0.33052884615384615 0.1658653846153846 0.025240384615384616 0.09735576923076923
0 0.23317307692307693 0.20673076923076922 0.027644230769230768 0.037259615384615384