0 0.6754807692307693 0.21875 0.038461538461538464 0.125
0 0.21634615384615385 0.22716346153846154 0.038461538461538464 0.12379807692307693
0 0.609375 0.5649038461538461 0.09735576923076923 0.16826923076923078
0 0.5024038461538461 0.6069711538461539 0.0625 0.18389423076923078
0 0.6021634615384616 0.07451923076923077 0.04326923076923077 0.08413461538461539
0 0.4651442307692308 0.8245192307692307 0.07692307692307693 0.2860576923076923
0 0.21514423076923078 0.09014423076923077 0.020432692307692308 0.052884615384615384
0 0.2776442307692308 0.11538461538461539 0.02403846153846154 0.05889423076923077
0 0.2668269230769231 0.11899038461538461 0.020432692307692308 0.06129807692307692
0 0.32091346153846156 0.12139423076923077 0.027644230769230768 0.06850961538461539
0 0.23557692307692307 0.12860576923076922 0.025240384615384616 0.09735576923076923
0 0.6274038461538461 0.20673076923076922 0.027644230769230768 0.08653846153846154