0 0.6322115384615384 0.2283653846153846 0.037259615384615384 0.09014423076923077
0 0.2403846153846154 0.23677884615384615 0.040865384615384616 0.13581730769230768
0 0.20192307692307693 0.2439903846153846 0.03245192307692308 0.140625
0 0.18629807692307693 0.2620192307692308 0.055288461538461536 0.14423076923076922
0 0.38822115384615385 0.5240384615384616 0.03125 0.078125
0 0.4074519230769231 0.5336538461538461 0.030048076923076924 0.055288461538461536
0 0.6009615384615384 0.5685096153846154 0.10576923076923077 0.171875
0 0.5036057692307693 0.6081730769230769 0.0625 0.17668269230769232
0 0.026442307692307692 0.609375 0.052884615384615384 0.23076923076923078
0 0.4723557692307692 0.8245192307692307 0.0829326923076923 0.29086538461538464
0 0.6298076923076923 0.08533653846153846 0.038461538461538464 0.07932692307692307
0 0.2283653846153846 0.09014423076923077 0.02403846153846154 0.06850961538461539
0 0.7608173076923077 0.9507211538461539 0.09975961538461539 0.0985576923076923
0 0.2668269230769231 0.13341346153846154 0.027644230769230768 0.09495192307692307
0 0.7620192307692307 0.16466346153846154 0.040865384615384616 0.11057692307692307
0 0.6742788461538461 0.20072115384615385 0.038461538461538464 0.12379807692307693